      2888.18 -2.12466e-14  6.30451e-15
      2890.92 -2.83933e-15  2.15983e-15
      2893.67 -1.94806e-15  1.79126e-15
      2896.41 -1.05686e-15  1.26589e-15
      2899.16 -1.65581e-16  1.05444e-15
      2901.90 -4.84102e-16  1.01181e-15
      2904.64 -4.74656e-16  8.23952e-16
      2907.39 -2.90758e-16  7.24683e-16
      2910.13 -1.06861e-16  2.27608e-15
      2912.88  6.74809e-17  5.97187e-16
      2915.62  4.05075e-17  5.44394e-16
      2918.37  1.35340e-17  4.56269e-16
      2921.11 -1.34394e-17  4.13183e-16
      2923.86 -4.04153e-17  5.57837e-16
      2926.60 -6.73888e-17  6.56326e-16
      2929.35  7.08029e-18  3.71911e-16
      2932.09  8.36658e-17  1.46073e-15
      2934.84  1.60258e-16  5.24182e-16
      2937.58  2.05673e-16  1.53472e-15
      2940.33  1.41725e-16  1.74663e-16
      2943.07  7.77774e-17  1.72443e-16
      2945.82  1.38297e-17  1.53584e-16
      2948.56 -5.01180e-17  1.38235e-16
      2951.31  1.04754e-16  1.10969e-16
      2954.06  2.44972e-16  1.04698e-16
      2956.80 -1.14033e-16  9.50572e-17
      2959.55 -3.19116e-16  2.33804e-16
      2962.29  2.30896e-16  8.26655e-17
      2965.04 -1.37005e-16  7.37485e-17
      2967.78 -6.28274e-17  8.56524e-17
      2970.53  2.28845e-16  7.62115e-17
      2973.27  5.88824e-17  7.33139e-17
      2976.02  1.27101e-16  6.26586e-17
      2978.76 -8.52549e-18  5.98130e-17
      2981.51  8.08164e-17  6.31257e-17
      2984.25 -3.13239e-17  7.87690e-17
      2987.00 -1.97728e-16  1.25705e-16
      2989.74  5.12407e-17  6.17605e-17
      2992.49  3.61638e-16  6.12068e-17
      2995.24  2.33824e-16  5.95641e-17
      2997.98  1.17281e-18  5.32902e-17
      3000.73  2.06955e-16  5.46123e-17
      3003.47 -5.37199e-17  5.38056e-17
      3006.22 -1.24833e-16  1.36519e-16
      3008.96  1.42836e-17  5.17669e-17
      3011.71 -5.39213e-17  5.32172e-17
      3014.45  2.78080e-18  5.27977e-17
      3017.20  5.94879e-17  2.78980e-16
      3019.95  1.16190e-16  5.00833e-17
      3022.69  7.98315e-17  4.75732e-17
      3025.44 -5.04900e-17  4.93199e-17
      3028.18  4.99687e-17  4.88875e-17
      3030.93  9.33275e-19  4.72990e-17
      3033.67  9.22005e-18  4.59882e-17
      3036.42 -5.31444e-17  4.56505e-17
      3039.17 -1.92632e-16  9.10495e-17
      3041.91  1.09228e-16  4.45870e-17
      3044.66 -3.78190e-17  4.08225e-17
      3047.40  1.22082e-16  4.12505e-17
      3050.15  2.49064e-17  4.50329e-17
      3052.90  9.77649e-17  3.93282e-17
      3055.64  8.25763e-17  4.03173e-17
      3058.39  1.03397e-16  6.63058e-17
      3061.13  2.61149e-17  3.92659e-17
      3063.88  6.54437e-17  4.01116e-17
      3066.63  1.89077e-16  4.23433e-17
      3069.37  1.48189e-16  3.72441e-17
      3072.12 -1.40595e-16  5.31913e-17
      3074.86  4.10245e-17  3.71318e-17
      3077.61  6.68014e-17  3.95451e-17
      3080.36  1.11476e-16  4.66933e-17
      3083.10  2.24142e-16  1.18189e-16
      3085.85  7.18739e-17  3.93691e-17
      3088.59  4.00335e-17  7.09815e-17
      3091.34 -5.73929e-17  4.51119e-17
      3094.09  5.72758e-17  8.11943e-17
      3096.83 -1.49867e-17  9.61770e-17
      3099.58  1.91994e-16  3.54729e-17
      3102.33 -2.69439e-17  3.28879e-17
      3105.07 -3.72235e-16  4.89680e-17
      3107.82  2.16248e-16  3.92888e-17
      3110.56  1.51202e-16  3.80095e-17
      3113.31  5.63853e-17  3.60542e-17
      3116.06  2.85919e-16  1.01762e-16
      3118.80  4.87847e-17  3.44835e-17
      3121.55 -3.79947e-17  3.31168e-17
      3124.30  1.65787e-16  3.49125e-17
      3127.04 -1.55299e-17  3.89919e-17
      3129.79 -6.03107e-17  3.50518e-17
      3132.54  1.85341e-16  3.29329e-17
      3135.28  2.62866e-16  5.40150e-17
      3138.03  1.65593e-16  4.17867e-17
      3140.77  1.22804e-16  2.90147e-16
      3143.52  8.00115e-17  6.03704e-17
      3146.27  3.72189e-17  3.30995e-17
      3149.01 -5.57374e-18  4.51480e-17
      3151.76  6.22143e-17  3.23475e-17
      3154.51  2.77539e-17  5.18282e-17
      3157.25  1.81095e-16  3.35634e-17
      3160.00 -3.73415e-17  5.18283e-17
      3162.75  3.26675e-17  8.19628e-17
      3165.49  1.65315e-16  3.02862e-17
      3168.24  2.57724e-16  3.47305e-17
      3170.99  8.70609e-17  3.08633e-17
      3173.73  4.62589e-17  4.66882e-17
      3176.48  1.41511e-16  3.15138e-17
      3179.23  7.60703e-17  4.17007e-17
      3181.97  1.18660e-16  2.85806e-17
      3184.72  1.69412e-16  3.03197e-17
      3187.47 -3.67828e-17  7.09635e-17
      3190.21  9.59096e-17  2.90728e-17
      3192.96  1.35182e-16  2.84602e-17
      3195.71  1.75192e-16  3.03916e-17
      3198.45  1.89663e-16  3.34641e-17
      3201.20  1.17886e-16  3.10096e-17
      3203.95  1.26170e-16  3.10120e-17
      3206.70  1.04808e-16  2.75500e-17
      3209.44 -5.00049e-17  5.89307e-17
      3212.19  1.15676e-16  2.86292e-17
      3214.94  3.93435e-17  4.01149e-17
      3217.68  6.14526e-17  2.70824e-17
      3220.43  9.91854e-17  2.71495e-17
      3223.18  1.42305e-16  2.65449e-17
      3225.92  1.41939e-16  2.74214e-17
      3228.67  9.63489e-17  2.56516e-17
      3231.42  1.02945e-16  2.52913e-17
      3234.16 -8.41926e-18  2.71480e-17
      3236.91  1.56015e-16  2.70881e-17
      3239.66 -1.72898e-16  7.73503e-17
      3242.41  1.51611e-16  2.79826e-17
      3245.15  6.93641e-17  2.45117e-17
      3247.90  9.07329e-18  2.51127e-17
      3250.65  8.46451e-17  2.67573e-17
      3253.39  5.13437e-17  2.64292e-17
      3256.14  7.32938e-17  4.33387e-17
      3258.89  6.87959e-17  2.62619e-17
      3261.64  1.12969e-16  2.54444e-17
      3264.38  6.12045e-17  2.56355e-17
      3267.13  1.48190e-16  2.85848e-17
      3269.88  1.12347e-16  2.46345e-17
      3272.62  7.12910e-17  3.54693e-17
      3275.37  7.20124e-17  3.72347e-17
      3278.12  9.44279e-17  2.32361e-17
      3280.87  3.02371e-16  2.86613e-17
      3283.61  1.11211e-16  3.22750e-17
      3286.36  1.01116e-16  3.12805e-17
      3289.11  1.30338e-16  2.34439e-17
      3291.86  1.09093e-16  2.53391e-17
      3294.60  9.59721e-17  3.20686e-17
      3297.35  1.24564e-16  2.46968e-17
      3300.10  6.81776e-17  2.50165e-17
      3302.84  1.49998e-16  2.67091e-17
      3305.59  5.86787e-17  2.24319e-17
      3308.34  1.17981e-16  2.27873e-17
      3311.09  8.30773e-17  2.30714e-17
      3313.83  4.18624e-17  2.84242e-17
      3316.58  1.06257e-16  2.23028e-17
      3319.33  1.81032e-16  2.37305e-17
      3322.08  1.27879e-16  2.29553e-17
      3324.82 -1.61856e-17  4.35419e-17
      3327.57  1.26238e-16  2.38349e-17
      3330.32  1.39600e-16  3.97232e-17
      3333.07  8.97807e-17  3.04774e-17
      3335.81  7.25092e-17  2.29333e-17
      3338.56  1.69685e-16  2.31923e-17
      3341.31  1.04598e-16  2.26775e-17
      3344.06  1.03995e-16  2.38134e-17
      3346.80  1.08231e-16  3.00789e-17
      3349.55  1.12466e-16  2.58108e-16
      3352.30  1.16702e-16  2.12943e-17
      3355.05  1.52723e-16  2.25287e-17
      3357.79  2.16752e-16  5.47913e-17
      3360.54  1.16124e-16  2.26943e-17
      3363.29  1.11417e-16  3.92435e-17
      3366.04  1.92190e-16  2.35283e-17
      3368.79  1.64900e-16  2.19641e-17
      3371.53  1.77847e-16  2.21427e-17
      3374.28  1.60022e-16  2.10796e-17
      3377.03  1.68360e-16  2.25390e-17
      3379.78  1.45957e-16  2.24033e-17
      3382.52  1.50343e-16  2.19731e-17
      3385.27  1.75001e-16  2.30149e-17
      3388.02  1.73313e-16  2.87155e-17
      3390.77  1.71624e-16  6.20981e-16
      3393.52  1.69935e-16  2.96608e-17
      3396.26  1.24085e-16  4.18340e-17
      3399.01  1.80564e-16  3.66692e-17
      3401.76  1.50493e-16  2.09246e-17
      3404.51  1.66543e-16  2.02330e-17
      3407.25  2.18230e-16  2.13325e-17
      3410.00  1.20986e-16  2.56969e-17
      3412.75  3.28182e-17  6.31266e-17
      3415.50  1.91837e-16  2.11799e-17
      3418.25  1.50591e-16  2.63385e-17
      3420.99  7.12421e-17  5.68905e-17
      3423.74  5.82874e-17  2.69414e-17
      3426.49  1.64495e-16  2.14380e-17
      3429.24  1.55086e-16  2.21698e-17
      3431.98  1.45677e-16  3.26984e-17
      3434.73  1.36268e-16  3.04143e-17
      3437.48  1.26859e-16  5.51171e-17
      3440.23  1.17450e-16  2.26440e-17
      3442.98  1.45741e-16  2.04062e-17
      3445.72  1.43998e-16  1.96461e-17
      3448.47  1.87521e-16  2.06629e-17
      3451.22 -8.36826e-17  4.72121e-17
      3453.97  1.29344e-16  2.10822e-17
      3456.72  1.45882e-16  1.98986e-17
      3459.46  1.20773e-16  2.07622e-17
      3462.21  2.07118e-16  2.25890e-17
      3464.96  1.75903e-16  1.96744e-17
      3467.71  1.50157e-16  1.97748e-17
      3470.46  1.27182e-16  2.07551e-17
      3473.20  1.89426e-16  2.04934e-17
      3475.95  1.50480e-16  2.09604e-17
      3478.70  3.94140e-17  1.99927e-17
      3481.45  9.28678e-17  1.93795e-17
      3484.20  1.79721e-16  2.11485e-17
      3486.95  6.19730e-17  1.98104e-17
      3489.69  7.29014e-17  1.86975e-17
      3492.44  1.92267e-16  6.63918e-17
      3495.19  1.21559e-16  1.91483e-17
      3497.94  6.70034e-17  2.88486e-17
      3500.69  1.05803e-16  2.11533e-17
      3503.43  1.97131e-16  1.98580e-17
      3506.18  9.56782e-17  2.47742e-17
      3508.93  8.31658e-17  1.72091e-17
      3511.68  1.00617e-16  1.85618e-17
      3514.43  1.26864e-16  1.82818e-17
      3517.17  1.03915e-16  2.49229e-17
      3519.92  9.77150e-17  1.73235e-17
      3522.67  7.96305e-17  1.84601e-17
      3525.42  8.20463e-17  1.83884e-17
      3528.17  8.23563e-17  2.23501e-17
      3530.92  1.81986e-16  1.89488e-17
      3533.66  1.25233e-16  1.79794e-17
      3536.41  1.16912e-16  4.40935e-17
      3539.16  8.66123e-17  1.72359e-17
      3541.91  1.33433e-16  1.93286e-17
      3544.66  1.37139e-16  1.98170e-17
      3547.41  1.21665e-16  2.88731e-17
      3550.15  1.47740e-16  1.92637e-17
      3552.90  1.30726e-16  1.91413e-17
      3555.65 -7.03259e-18  2.95376e-17
      3558.40  9.62091e-17  1.72570e-17
      3561.15  1.51796e-16  1.80260e-17
      3563.90  1.43896e-16  2.29393e-17
      3566.64  1.37662e-16  1.85197e-17
      3569.39  1.41139e-16  1.75484e-17
      3572.14  1.16966e-16  1.90519e-17
      3574.89  1.25173e-16  2.50074e-17
      3577.64  6.41317e-17  1.91253e-17
      3580.39  1.63844e-16  2.00781e-17
      3583.13  1.80990e-16  2.44855e-17
      3585.88  1.33158e-16  2.18946e-17
      3588.63  1.42211e-16  1.71144e-17
      3591.38  1.28000e-16  1.72055e-17
      3594.13  1.47013e-16  1.78739e-17
      3596.88  1.28059e-16  1.74357e-17
      3599.62  1.36086e-16  1.70109e-17
      3602.37  2.57548e-16  2.00999e-17
      3605.12  9.18710e-17  3.33209e-17
      3607.87  6.14820e-17  2.30809e-17
      3610.62  1.24493e-16  4.10860e-17
      3613.37  1.14368e-16  2.63246e-17
      3616.11  1.09877e-16  2.41908e-17
      3618.86  1.90153e-16  1.75748e-17
      3621.61  1.71093e-16  1.72706e-17
      3624.36  9.16789e-17  2.35430e-17
      3627.11  1.40604e-16  2.41736e-17
      3629.86  1.96391e-16  1.81050e-17
      3632.60  1.19104e-17  5.49673e-17
      3635.35  1.41386e-16  1.74244e-17
      3638.10  1.52963e-16  1.68518e-17
      3640.85  1.34173e-16  1.66702e-17
      3643.60  1.61647e-16  1.77443e-17
      3646.35  1.64673e-16  1.69047e-17
      3649.10  2.10095e-16  1.68591e-17
      3651.84  1.85277e-16  1.74505e-17
      3654.59  4.51913e-17  3.75464e-17
      3657.34  1.59500e-16  1.89865e-17
      3660.09  2.35933e-16  2.18997e-17
      3662.84  1.29882e-16  1.62106e-17
      3665.59  1.78669e-16  2.48593e-17
      3668.34  1.83585e-16  1.63981e-17
      3671.08  1.47386e-16  1.67328e-17
      3673.83  2.07193e-17  4.63951e-17
      3676.58  5.32663e-17  5.16678e-17
      3679.33  1.90762e-16  1.68697e-17
      3682.08  1.63252e-16  1.72900e-17
      3684.83  1.34821e-16  2.72659e-17
      3687.58  1.84798e-16  1.59634e-17
      3690.32  1.68601e-16  1.57876e-17
      3693.07  1.57235e-16  1.59657e-17
      3695.82  1.95892e-16  1.68553e-17
      3698.57  2.28802e-16  2.69966e-17
      3701.32  2.16079e-16  1.93993e-16
      3704.07  2.03355e-16  2.51456e-17
      3706.82  1.90631e-16  2.76726e-17
      3709.56  1.83936e-16  1.63079e-17
      3712.31  1.96812e-16  1.67558e-17
      3715.06  1.64197e-16  1.55263e-17
      3717.81  2.04427e-16  1.57319e-17
      3720.56  2.10190e-16  1.71762e-17
      3723.31  1.77638e-16  1.61152e-17
      3726.06  2.06753e-16  1.54930e-17
      3728.80  1.76158e-16  1.76229e-17
      3731.55  1.50593e-16  1.59669e-17
      3734.30  2.63761e-16  2.53266e-17
      3737.05  2.24957e-16  1.56839e-17
      3739.80  2.04513e-16  1.86914e-17
      3742.55  2.14942e-16  1.62089e-17
      3745.30  1.93023e-16  1.83419e-17
      3748.04  2.40153e-16  1.73245e-17
      3750.79  2.21649e-16  1.59294e-17
      3753.54  2.03147e-16  3.70434e-17
      3756.29  1.84645e-16  4.77319e-17
      3759.04  1.66141e-16  1.53780e-17
      3761.79  1.47639e-16  3.78115e-17
      3764.54  2.90439e-16  1.66657e-17
      3767.28  2.81607e-16  2.32145e-17
      3770.03  2.72775e-16  1.85861e-17
      3772.78  2.63943e-16  1.54661e-17
      3775.53  2.55111e-16  1.64370e-17
      3778.28  2.46279e-16  1.50115e-17
      3781.03  2.37447e-16  2.29006e-17
      3783.78  2.37285e-16  1.50803e-17
      3786.53  2.22825e-16  1.58038e-17
      3789.27  2.27864e-16  2.66190e-17
      3792.02  2.30028e-16  1.50184e-17
      3794.77  2.51591e-16  2.33058e-17
      3797.52  2.46716e-16  1.41993e-17
      3800.27  2.24868e-16  1.38133e-17
      3803.02  2.78103e-16  1.81467e-17
      3805.77  2.45059e-16  1.53076e-17
      3808.51  2.11793e-16  1.58178e-17
      3811.26  2.78951e-16  1.82990e-17
      3814.01  2.72146e-16  1.43398e-17
      3816.76  2.83170e-16  1.45945e-17
      3819.51  2.93902e-16  1.46188e-17
      3822.26  2.95464e-16  1.47110e-17
      3825.01  2.96159e-16  1.45956e-17
      3827.76  3.04071e-16  1.53397e-17
      3830.50  2.93830e-16  1.52320e-17
      3833.25  2.47445e-16  1.47004e-17
      3836.00  2.59344e-16  1.37085e-17
      3838.75  2.64156e-16  1.41447e-17
      3841.50  2.90590e-16  1.38670e-17
      3844.25  2.42251e-16  1.35955e-17
      3847.00  2.41295e-16  1.34142e-17
      3849.75  2.41519e-16  1.34578e-17
      3852.49  2.41742e-16  4.96475e-17
      3855.24  2.41966e-16  1.32701e-17
      3857.99  2.41102e-16  1.35125e-17
      3860.74  2.61624e-16  1.80937e-17
      3863.49  2.84174e-16  1.35395e-17
      3866.24  2.13061e-16  4.48119e-17
      3868.99  2.59193e-16  1.41557e-17
      3871.73  2.50960e-16  5.67771e-17
      3874.48  2.42727e-16  1.28609e-17
      3877.23  2.34494e-16  1.31407e-17
      3879.98  2.78740e-16  1.29631e-17
      3882.73  2.73254e-16  1.28895e-17
      3885.48  2.23138e-16  1.30488e-17
      3888.23  2.80703e-16  1.30494e-17
      3890.98  2.84798e-16  1.41941e-17
      3893.72  2.32534e-16  1.32039e-17
      3896.47  2.66007e-16  1.26283e-17
      3899.22  3.00679e-16  1.36585e-17
      3901.97  2.40427e-16  1.21290e-17
      3904.72  2.42974e-16  1.20464e-17
      3907.47  2.35740e-16  1.19378e-17
      3910.22  2.49916e-16  1.21910e-17
      3912.96  2.37113e-16  1.21518e-17
      3915.71  2.18208e-16  1.23980e-17
      3918.46  2.05564e-16  2.20652e-17
      3921.21  2.48297e-16  1.28147e-17
      3923.96  2.49545e-16  1.59645e-17
      3926.71  2.29306e-16  1.23358e-17
      3929.46  2.21311e-16  1.43555e-17
      3932.21  1.98284e-16  1.14696e-17
      3934.95  2.21384e-16  1.19313e-17
      3937.70  1.85616e-16  1.15818e-17
      3940.45  1.75460e-16  1.10517e-17
      3943.20  1.82694e-16  1.13499e-17
      3945.95  1.96021e-16  1.08484e-17
      3948.70  1.77547e-16  1.09479e-17
      3951.45  1.34702e-16  2.49114e-17
      3954.19  1.36707e-16  1.02636e-17
      3956.94  1.22976e-16  1.02406e-17
      3959.69  1.77550e-16  1.07722e-17
      3962.44  1.25274e-16  1.00449e-17
      3965.19  1.19899e-16  9.77996e-18
      3967.94  1.26596e-16  1.00705e-17
      3970.69  1.10621e-16  1.25395e-17
      3973.44  1.01676e-16  1.55877e-17
      3976.18  9.98731e-17  2.77915e-17
      3978.93  9.80707e-17  9.48502e-18
      3981.68  9.62682e-17  9.60641e-18
      3984.43  9.44656e-17  4.63293e-17
      3987.18  9.26631e-17  1.03596e-17
      3989.93  9.08607e-17  9.38391e-18
      3992.68  6.88138e-17  1.79220e-17
      3995.42  5.32860e-17  1.12930e-17
      3998.17  1.06194e-16  1.51351e-17
      4000.92  9.45736e-17  9.87167e-18
      4003.67  1.13107e-16  9.64961e-18
      4006.42  1.38291e-16  1.02192e-17
      4009.17  8.40618e-17  9.07309e-18
      4011.92  1.19468e-16  1.98073e-17
      4014.66  1.10323e-16  1.29306e-17
      4017.41  9.85970e-17  1.30654e-17
      4020.16  1.18499e-16  1.08652e-17
      4022.91  8.28018e-17  8.90960e-18
      4025.66  1.06066e-16  9.43334e-18
      4028.41  9.69971e-17  3.99381e-17
      4031.16  8.33811e-17  9.27832e-18
      4033.90  1.06208e-16  9.62782e-18
      4036.65  1.01960e-16  9.28782e-18
      4039.40  8.98091e-17  9.43356e-18
      4042.15  1.18399e-16  9.66136e-18
      4044.90  1.00046e-16  1.82747e-17
      4047.65  8.54936e-17  1.18160e-17
      4050.40  4.90833e-17  4.19196e-17
      4053.14  7.33257e-17  1.96074e-17
      4055.89  1.04433e-16  1.09454e-17
      4058.64  7.00881e-17  1.40543e-17
      4061.39  1.02595e-16  9.87605e-18
      4064.14  9.84695e-17  1.57857e-17
      4066.89  9.68407e-17  8.60927e-18
      4069.64  8.00655e-17  1.00898e-17
      4072.38  1.02422e-16  1.06497e-17
      4075.13  1.32111e-16  9.08509e-18
      4077.88  1.04454e-16  8.61824e-18
      4080.63  1.11275e-16  9.22458e-18
      4083.38  1.73790e-16  9.70543e-18
      4086.13  1.16343e-16  2.80570e-17
      4088.87  1.45669e-16  9.13449e-18
      4091.62  1.37937e-16  9.28290e-18
      4094.37  1.52368e-16  1.76929e-17
      4097.12  1.37539e-16  2.00328e-17
      4099.87  1.48831e-16  9.84615e-18
      4102.62  1.77196e-16  1.01165e-17
      4105.37  1.55980e-16  1.10633e-17
      4108.11  1.70535e-16  1.03495e-17
      4110.86  1.79930e-16  9.62568e-18
      4113.61  1.88555e-16  9.82605e-18
      4116.36  1.70120e-16  1.02284e-17
      4119.11  1.77386e-16  1.54508e-17
      4121.86  2.12532e-16  1.02605e-17
      4124.60  2.51274e-16  1.74519e-17
      4127.35  2.04969e-16  9.64059e-18
      4130.10  2.20302e-16  1.03226e-17
      4132.85  2.45517e-16  1.01204e-17
      4135.60  2.44356e-16  1.25498e-17
      4138.35  2.72440e-16  1.69728e-17
      4141.09  2.70161e-16  1.06157e-17
      4143.84  2.88610e-16  1.08738e-17
      4146.59  2.40866e-16  1.06789e-17
      4149.34  3.05255e-16  1.66708e-17
      4152.09  3.04906e-16  1.09346e-17
      4154.84  2.99005e-16  1.06668e-17
      4157.58  3.13239e-16  1.05954e-17
      4160.33  2.89585e-16  1.55166e-17
      4163.08  2.88511e-16  1.36188e-17
      4165.83  3.06062e-16  1.50055e-17
      4168.58  3.15963e-16  1.14786e-17
      4171.33  3.47464e-16  1.20265e-17
      4174.07  3.17493e-16  1.11064e-17
      4176.82  2.88580e-16  1.33699e-17
      4179.57  2.84517e-16  1.83278e-17
      4182.32  3.05169e-16  1.07106e-17
      4185.07  2.71838e-16  1.32951e-17
      4187.82  3.08954e-16  1.12778e-17
      4190.56  3.09021e-16  1.29819e-17
      4193.31  3.05716e-16  1.14330e-17
      4196.06  3.36001e-16  1.12371e-17
      4198.81  3.23916e-16  1.32753e-17
      4201.56  3.28608e-16  1.09695e-17
      4204.30  2.98556e-16  1.28579e-17
      4207.05  3.16929e-16  1.54799e-17
      4209.80  3.51620e-16  1.15337e-17
      4212.55  3.76254e-16  2.40021e-17
      4215.30  3.51308e-16  1.55712e-17
      4218.05  2.98361e-16  1.41593e-17
      4220.79  3.42646e-16  1.54486e-17
      4223.54  3.17459e-16  1.06391e-17
      4226.29  3.17861e-16  1.03444e-17
      4229.04  3.31222e-16  1.11511e-17
      4231.79  3.21496e-16  1.16820e-17
      4234.53  3.31128e-16  1.11734e-17
      4237.28  3.36819e-16  1.09553e-17
      4240.03  3.09838e-16  1.11710e-17
      4242.78  3.03584e-16  1.03689e-17
      4245.53  3.10603e-16  1.52441e-17
      4248.27  3.43679e-16  1.14957e-17
      4251.02  3.04277e-16  1.33491e-17
      4253.77  3.29891e-16  1.20425e-17
      4256.52  2.99937e-16  1.05631e-17
      4259.27  2.91081e-16  1.09374e-17
      4262.01  2.80913e-16  1.05850e-17
      4264.76  2.63259e-16  1.63252e-17
      4267.51  2.98800e-16  1.03231e-17
      4270.26  2.79054e-16  9.84941e-18
      4273.01  2.57091e-16  1.02991e-17
      4275.75  2.89195e-16  1.00381e-17
      4278.50  2.86692e-16  9.85998e-18
      4281.25  2.82066e-16  1.02469e-17
      4284.00  2.85137e-16  1.04039e-17
      4286.75  2.92292e-16  1.00194e-17
      4289.49  2.81807e-16  9.99242e-18
      4292.24  2.69391e-16  1.01190e-17
      4294.99  3.06868e-16  1.00770e-17
      4297.74  3.00542e-16  1.01205e-17
      4300.49  2.74667e-16  1.16893e-17
      4303.23  3.09849e-16  1.01642e-17
      4305.98  3.24403e-16  1.02193e-17
      4308.73  3.29106e-16  1.04439e-17
      4311.48  3.04569e-16  1.17486e-17
      4314.22  2.97717e-16  1.32951e-17
      4316.97  3.19184e-16  1.25695e-17
      4319.72  3.34466e-16  3.55796e-17
      4322.47  3.12891e-16  1.04858e-17
      4325.22  3.07850e-16  1.16318e-17
      4327.96  3.33956e-16  1.11946e-17
      4330.71  3.17360e-16  1.01172e-17
      4333.46  2.87099e-16  1.17328e-17
      4336.21  3.42161e-16  1.05219e-17
      4338.95  3.57688e-16  2.05102e-17
      4341.70  2.95540e-16  1.29689e-17
      4344.45  3.59468e-16  1.03599e-17
      4347.20  3.61577e-16  1.17371e-17
      4349.95  3.54653e-16  1.35639e-17
      4352.69  3.17134e-16  1.04438e-17
      4355.44  3.37270e-16  1.07524e-17
      4358.19  3.41925e-16  1.10227e-17
      4360.94  3.37903e-16  1.00367e-17
      4363.68  3.26251e-16  1.19404e-17
      4366.43  3.37592e-16  1.03971e-17
      4369.18  3.15963e-16  1.12220e-17
      4371.93  3.05857e-16  1.03663e-17
      4374.67  3.21294e-16  1.21489e-17
      4377.42  3.18780e-16  1.06256e-17
      4380.17  3.37440e-16  1.04889e-17
      4382.92  3.56676e-16  1.84411e-17
      4385.66  3.37133e-16  1.14062e-17
      4388.41  3.32106e-16  1.18268e-17
      4391.16  2.99344e-16  1.26299e-17
      4393.91  3.00260e-16  1.01117e-17
      4396.65  3.15874e-16  9.84250e-18
      4399.40  2.85945e-16  1.01965e-17
      4402.15  3.12731e-16  1.23040e-17
      4404.90  3.30225e-16  1.04692e-17
      4407.64  2.85722e-16  1.19407e-17
      4410.39  2.97981e-16  9.81517e-18
      4413.14  2.84340e-16  9.92958e-18
      4415.89  2.90629e-16  1.00024e-17
      4418.63  2.99080e-16  9.99747e-18
      4421.38  3.10244e-16  1.31096e-17
      4424.13  3.13349e-16  9.53590e-18
      4426.88  2.81480e-16  1.10910e-17
      4429.62  2.85667e-16  1.14430e-17
      4432.37  3.03101e-16  1.99701e-17
      4435.12  2.14087e-16  1.89712e-17
      4437.86  2.62698e-16  9.60816e-18
      4440.61  3.03864e-16  1.01962e-17
      4443.36  2.82113e-16  1.07086e-17
      4446.11  2.61353e-16  1.16855e-17
      4448.85  2.96531e-16  1.06761e-17
      4451.60  2.70713e-16  1.17088e-17
      4454.35  2.77102e-16  9.05951e-18
      4457.09  2.63038e-16  9.58572e-18
      4459.84  2.75231e-16  2.29635e-17
      4462.59  3.00453e-16  9.56079e-18
      4465.34  2.76091e-16  9.67788e-18
      4468.08  2.97993e-16  9.47689e-18
      4470.83  2.88108e-16  1.29791e-17
      4473.58  3.36579e-16  9.61931e-18
      4476.32  3.03131e-16  1.11668e-17
      4479.07  2.76091e-16  1.13261e-17
      4481.82  2.69212e-16  1.01561e-17
      4484.57  3.01064e-16  9.83814e-18
      4487.31  2.79897e-16  9.29444e-18
      4490.06  2.81618e-16  9.52159e-18
      4492.81  2.62386e-16  9.22846e-18
      4495.55  2.49277e-16  8.95141e-18
      4498.30  2.69545e-16  1.01639e-17
      4501.05  2.67090e-16  8.86370e-18
      4503.79  2.52095e-16  1.36777e-17
      4506.54  2.33101e-16  3.01425e-17
      4509.29  2.43316e-16  8.89526e-18
      4512.04  2.50698e-16  9.18105e-18
      4514.78  2.43104e-16  8.75766e-18
      4517.53  2.60467e-16  1.04507e-17
      4520.28  2.32285e-16  1.03419e-17
      4523.02  2.35352e-16  8.80837e-18
      4525.77  2.38194e-16  8.80277e-18
      4528.52  2.53958e-16  9.24539e-18
      4531.26  2.28896e-16  8.83722e-18
      4534.01  2.27129e-16  8.44595e-18
      4536.76  2.02610e-16  1.04264e-17
      4539.50  2.13080e-16  9.36010e-18
      4542.25  1.68305e-16  1.35033e-17
      4545.00  2.27199e-16  1.24254e-17
      4547.74  2.19614e-16  1.01041e-17
      4550.49  2.14876e-16  8.67417e-18
      4553.24  1.96720e-16  8.24845e-18
      4555.98  1.50378e-16  1.61471e-17
      4558.73  2.02987e-16  8.47465e-18
      4561.48  1.61145e-16  8.24371e-18
      4564.22  1.88408e-16  9.31721e-18
      4566.97  1.86092e-16  8.24735e-18
      4569.72  1.89497e-16  7.93985e-18
      4572.46  1.77077e-16  9.58831e-18
      4575.21  1.84087e-16  8.41663e-18
      4577.96  1.75680e-16  8.37382e-18
      4580.70  1.39352e-16  1.00021e-17
      4583.45  1.63065e-16  7.91296e-18
      4586.20  1.79364e-16  8.10397e-18
      4588.94  1.85208e-16  8.17221e-18
      4591.69  1.54806e-16  7.82876e-18
      4594.43  1.71880e-16  7.93886e-18
      4597.18  1.50677e-16  7.84198e-18
      4599.93  1.49210e-16  7.95752e-18
      4602.67  1.40862e-16  7.89189e-18
      4605.42  1.80109e-16  7.97680e-18
      4608.17  1.47688e-16  7.61272e-18
      4610.91  1.49862e-16  7.70716e-18
      4613.66  1.77132e-16  8.16896e-18
      4616.41  1.71043e-16  7.81406e-18
      4619.15  1.50994e-16  1.07768e-17
      4621.90  1.76178e-16  8.37078e-18
      4624.64  1.80661e-16  8.00786e-18
      4627.39  1.70734e-16  9.62154e-18
      4630.14  1.64517e-16  1.08436e-17
      4632.88  1.87954e-16  8.75997e-18
      4635.63  1.91341e-16  8.74721e-18
      4638.37  1.96854e-16  8.53204e-18
      4641.12  1.73647e-16  7.89960e-18
      4643.87  1.97031e-16  8.23658e-18
      4646.61  1.89498e-16  9.18469e-18
      4649.36  1.96125e-16  9.25432e-18
      4652.10  1.95608e-16  8.21106e-18
      4654.85  2.10350e-16  8.31077e-18
      4657.60  1.78905e-16  8.47401e-18
      4660.34  1.86844e-16  8.26362e-18
      4663.09  2.07020e-16  8.74751e-18
      4665.83  2.10380e-16  4.36461e-17
      4668.58  1.86953e-16  8.07178e-18
      4671.33  1.98400e-16  8.21549e-18
      4674.07  1.59704e-16  9.19412e-18
      4676.82  1.67207e-16  8.00174e-18
      4679.56  1.70165e-16  8.47059e-18
      4682.31  2.16385e-16  8.36165e-18
      4685.06  1.81807e-16  9.87445e-18
      4687.80  1.89080e-16  1.14651e-17
      4690.55  2.03248e-16  1.04831e-17
      4693.29  2.04037e-16  8.33652e-18
      4696.04  2.11543e-16  8.28872e-18
      4698.78  2.08665e-16  8.52625e-18
      4701.53  2.35046e-16  8.77404e-18
      4704.28  2.16539e-16  8.32844e-18
      4707.02  2.27064e-16  8.54174e-18
      4709.77  2.15089e-16  8.41388e-18
      4712.51  2.18345e-16  8.53396e-18
      4715.26  2.07578e-16  8.38702e-18
      4718.00  2.01529e-16  8.31796e-18
      4720.75  2.06755e-16  1.38328e-17
      4723.50  2.08978e-16  8.55816e-18
      4726.24  2.08545e-16  8.28664e-18
      4728.99  2.07703e-16  8.63240e-18
      4731.73  1.55811e-16  1.66736e-17
      4734.48  2.06482e-16  1.16365e-17
      4737.22  2.09473e-16  8.29668e-18
      4739.97  2.00875e-16  8.55739e-18
      4742.71  2.07206e-16  8.51971e-18
      4745.46  1.96308e-16  8.40076e-18
      4748.20  2.12543e-16  8.32465e-18
      4750.95  2.22972e-16  8.66820e-18
      4753.69  2.31966e-16  1.04964e-17
      4756.44  2.09826e-16  9.58777e-18
      4759.19  2.34145e-16  8.96134e-18
      4761.93  2.06327e-16  8.59381e-18
      4764.68  2.40888e-16  8.99046e-18
      4767.42  2.29213e-16  1.22024e-17
      4770.17  2.36664e-16  8.54928e-18
      4772.91  2.25186e-16  8.53478e-18
      4775.66  2.24487e-16  1.05747e-17
      4778.40  2.23626e-16  6.23061e-17
      4781.15  2.22764e-16  8.82937e-18
      4783.89  2.21903e-16  1.01313e-17
      4786.64  2.21041e-16  1.07095e-17
      4789.38  2.15198e-16  9.23675e-18
      4792.13  2.60194e-16  9.07736e-18
      4794.87  2.36005e-16  1.38609e-17
      4797.62  2.56601e-16  9.05597e-18
      4800.36  2.60870e-16  8.90118e-18
      4803.11  2.59444e-16  9.00875e-18
      4805.85  2.63552e-16  8.84787e-18
      4808.60  2.77930e-16  1.45230e-17
      4811.34  2.67884e-16  9.47729e-18
      4814.09  2.47836e-16  9.76854e-18
      4816.83  2.44708e-16  1.31869e-17
      4819.58  2.66664e-16  1.06575e-17
      4822.32  2.73211e-16  1.19591e-17
      4825.06  2.38588e-16  1.25327e-17
      4827.81  2.60027e-16  8.80442e-18
      4830.55  2.43134e-16  8.90768e-18
      4833.30  2.14224e-16  8.95193e-18
      4836.04  2.45929e-16  9.06892e-18
      4838.79  2.42317e-16  8.56757e-18
      4841.53  1.91908e-16  1.76152e-17
      4844.28  2.78402e-16  9.02335e-18
      4847.02  2.58503e-16  8.76693e-18
      4849.77  2.46531e-16  1.09724e-17
      4852.51  2.38184e-16  9.75486e-18
      4855.26  2.58898e-16  9.48608e-18
      4858.00  2.57839e-16  8.99040e-18
      4860.74  2.36765e-16  8.96642e-18
      4863.49  2.39543e-16  1.28693e-17
      4866.23  2.65194e-16  1.12699e-17
      4868.98  2.49341e-16  1.01681e-17
      4871.72  2.23729e-16  9.53672e-18
      4874.47  2.25221e-16  9.80955e-18
      4877.21  2.42916e-16  9.85081e-18
      4879.95  2.33921e-16  9.29754e-18
      4882.70  2.13005e-16  8.86129e-18
      4885.44  2.44975e-16  9.65623e-18
      4888.19  2.32020e-16  9.50028e-18
      4890.93  2.50818e-16  9.42348e-18
      4893.68  2.35155e-16  9.13920e-18
      4896.42  2.65028e-16  9.13934e-18
      4899.16  2.34240e-16  8.51886e-18
      4901.91  1.93067e-16  1.86324e-17
      4904.65  2.43986e-16  8.36602e-18
      4907.40  2.37894e-16  8.42134e-18
      4910.14  2.42970e-16  8.42714e-18
      4912.88  2.39284e-16  9.58095e-18
      4915.63  2.89360e-16  9.66934e-18
      4918.37  2.48743e-16  9.91487e-18
      4921.12  2.40001e-16  9.79523e-18
      4923.86  2.13182e-16  9.54323e-18
      4926.60  2.49431e-16  9.70979e-18
      4929.35  2.34811e-16  8.37446e-18
      4932.09  2.22629e-16  8.27402e-18
      4934.83  2.51965e-16  8.75420e-18
      4937.58  2.51616e-16  9.24095e-18
      4940.32  2.37263e-16  3.70363e-17
      4943.07  2.51507e-16  8.39970e-18
      4945.81  2.38584e-16  8.54301e-18
      4948.55  2.30057e-16  8.58842e-18
      4951.30  2.42144e-16  9.31119e-18
      4954.04  2.37403e-16  1.30563e-17
      4956.78  2.44099e-16  8.69976e-18
      4959.53  2.15519e-16  9.65995e-18
      4962.27  2.34723e-16  8.57396e-18
      4965.01  1.96120e-16  1.03083e-17
      4967.76  2.63473e-16  1.74119e-17
      4970.50  2.30661e-16  8.18183e-18
      4973.25  2.10236e-16  8.05355e-18
      4975.99  2.21982e-16  7.99096e-18
      4978.73  1.91591e-16  7.93097e-18
      4981.48  2.08634e-16  1.06449e-17
      4984.22  2.11026e-16  8.48224e-18
      4986.96  2.01826e-16  7.90856e-18
      4989.71  2.09515e-16  1.02047e-17
      4992.45  2.02753e-16  8.29858e-18
      4995.19  2.05162e-16  1.06198e-17
      4997.94  1.96829e-16  8.34193e-18
      5000.68  2.03866e-16  8.08173e-18
      5003.42  2.22360e-16  8.47628e-18
      5006.16  2.06396e-16  7.80206e-18
      5008.91  1.95658e-16  7.61845e-18
      5011.65  1.98523e-16  7.89900e-18
      5014.39  1.94495e-16  7.83420e-18
      5017.14  1.84306e-16  7.54859e-18
      5019.88  2.29688e-16  8.21581e-18
      5022.62  1.96278e-16  7.75767e-18
      5025.37  1.69869e-16  7.33664e-18
      5028.11  1.75051e-16  2.50682e-17
      5030.85  2.00114e-16  7.86585e-18
      5033.59  1.71462e-16  7.60210e-18
      5036.34  1.77609e-16  8.15627e-18
      5039.08  1.93296e-16  7.89586e-18
      5041.82  1.92958e-16  7.94827e-18
      5044.56  1.63541e-16  7.40338e-18
      5047.31  1.61377e-16  1.06660e-17
      5050.05  1.84169e-16  7.83848e-18
      5052.79  1.61160e-16  7.72579e-18
      5055.54  1.75592e-16  2.55557e-17
      5058.28  1.75051e-16  8.27096e-18
      5061.02  1.47697e-16  1.17344e-17
      5063.76  1.54149e-16  7.34481e-18
      5066.51  1.64593e-16  1.89159e-17
      5069.25  1.63428e-16  1.56631e-17
      5071.99  1.62263e-16  7.33377e-18
      5074.73  1.61098e-16  7.27262e-18
      5077.48  1.69799e-16  7.59138e-18
      5080.22  1.57925e-16  7.20249e-18
      5082.96  1.55123e-16  9.95032e-18
      5085.70  1.40725e-16  7.66720e-18
      5088.44  1.26593e-16  1.67984e-17
      5091.19  1.68277e-16  7.63583e-18
      5093.93  1.42636e-16  7.03314e-18
      5096.67  1.48911e-16  7.22240e-18
      5099.41  1.69140e-16  7.76193e-18
      5102.16  1.33177e-16  1.09188e-17
      5104.90  2.15394e-16  2.09541e-17
      5107.64  1.88751e-16  7.65082e-18
      5110.38  1.49500e-16  8.36626e-18
      5113.12  1.49730e-16  8.43916e-18
      5115.87  1.53210e-16  7.36374e-18
      5118.61  1.47843e-16  1.04947e-17
      5121.35  1.53703e-16  7.35525e-18
      5124.09  1.58830e-16  7.86163e-18
      5126.83  1.64496e-16  7.31341e-18
      5129.58  1.64205e-16  7.41836e-18
      5132.32  1.64356e-16  7.25941e-18
      5135.06  1.47552e-16  8.56190e-18
      5137.80  1.54988e-16  7.02464e-18
      5140.54  1.51194e-16  7.25219e-18
      5143.28  1.52674e-16  7.30083e-18
      5146.03  1.54747e-16  7.17269e-18
      5148.77  1.47097e-16  7.02124e-18
      5151.51  9.43496e-17  8.64874e-18
      5154.25  1.20955e-16  1.86297e-17
      5156.99  1.40417e-16  9.48063e-18
      5159.73  1.43372e-16  7.54960e-18
      5162.48  1.45310e-16  7.86132e-18
      5165.22  1.54103e-16  1.82944e-17
      5167.96  1.35651e-16  7.34734e-18
      5170.70  1.16312e-16  6.73145e-18
      5173.44  1.29897e-16  6.94672e-18
      5176.18  1.16022e-16  1.03391e-17
      5178.92  1.27481e-16  6.74959e-18
      5181.67  7.10953e-17  2.17609e-17
      5184.41  1.34469e-16  6.70819e-18
      5187.15  1.17792e-16  9.32133e-18
      5189.89  1.19197e-16  6.75822e-18
      5192.63  1.16549e-16  7.10039e-18
      5195.37  1.15953e-16  1.40052e-17
      5198.11  1.24752e-16  6.95200e-18
      5200.85  9.53334e-17  6.74979e-18
      5203.59  1.37064e-16  7.10911e-18
      5206.33  1.39940e-16  1.09373e-17
      5209.08  1.07475e-16  6.76328e-18
      5211.82  1.22223e-16  7.11935e-18
      5214.56  1.45040e-16  7.55544e-18
      5217.30  1.32184e-16  6.77157e-18
      5220.04  1.22621e-16  6.76156e-18
      5222.78  1.47806e-16  7.12105e-18
      5225.52  1.29879e-16  7.29836e-18
      5228.26  1.33125e-16  7.23450e-18
      5231.00  1.27729e-16  7.56526e-18
      5233.74  1.58626e-16  7.06436e-18
      5236.48  1.56258e-16  7.22018e-18
      5239.22  1.36548e-16  6.92826e-18
      5241.96  1.61898e-16  7.39867e-18
      5244.71  1.45507e-16  7.75949e-18
      5247.45  1.55337e-16  7.36856e-18
      5250.19  1.64010e-16  7.42883e-18
      5252.93  1.70007e-16  8.00648e-18
      5255.67  1.41037e-16  1.10338e-17
      5258.41  1.90960e-16  1.02297e-17
      5261.15  1.43896e-16  7.08236e-18
      5263.89  1.57025e-16  7.33518e-18
      5266.63  1.38981e-16  9.23078e-18
      5269.37  1.35568e-16  7.07567e-18
      5272.11  1.41413e-16  7.28961e-18
      5274.85  1.55710e-16  7.40263e-18
      5277.59  1.28730e-16  9.24310e-18
      5280.33  1.29213e-16  7.24402e-18
      5283.07  1.48974e-16  7.60204e-18
      5285.81  1.21103e-16  6.83831e-18
      5288.55  1.28353e-16  8.38332e-18
      5291.29  1.57780e-16  8.55428e-18
      5294.03  1.28685e-16  7.02994e-18
      5296.77  1.14208e-16  7.03513e-18
      5299.51  1.23023e-16  7.15674e-18
      5302.25  1.35405e-16  7.53916e-18
      5304.99  1.17932e-16  7.26593e-18
      5307.73  1.28124e-16  7.48356e-18
      5310.47  1.13184e-16  7.49489e-18
      5313.21  1.31205e-16  7.11252e-18
      5315.95  1.00818e-16  7.15812e-18
      5318.69  1.19483e-16  7.15369e-18
      5321.43  1.23515e-16  7.32216e-18
      5324.17  1.23299e-16  7.15695e-18
      5326.91  1.16003e-16  6.80260e-18
      5329.65  1.19340e-16  8.76388e-18
      5332.39  1.12333e-16  7.15246e-18
      5335.12  1.37936e-16  1.36188e-17
      5337.86  1.21512e-16  9.04766e-18
      5340.60  1.54408e-16  8.16683e-18
      5343.34  1.12309e-16  7.45612e-18
      5346.08  1.24614e-16  7.01839e-18
      5348.82  1.29382e-16  1.98315e-17
      5351.56  1.18506e-16  7.11407e-18
      5354.30  9.58980e-17  6.57421e-18
      5357.04  1.36582e-16  8.05089e-18
      5359.78  1.39604e-16  8.28590e-18
      5362.52  1.21660e-16  7.75384e-18
      5365.26  1.19061e-16  7.67692e-18
      5368.00  1.31252e-16  7.89271e-18
      5370.73  1.35511e-16  7.20520e-18
      5373.47  1.19439e-16  6.86979e-18
      5376.21  1.53978e-16  7.46131e-18
      5378.95  1.51105e-16  7.32792e-18
      5381.69  1.31605e-16  7.79229e-18
      5384.43  1.45081e-16  7.49182e-18
      5387.17  1.51617e-16  7.42366e-18
      5389.91  1.40159e-16  7.17039e-18
      5392.64  1.40527e-16  7.18171e-18
      5395.38  1.53426e-16  7.45069e-18
      5398.12  1.71577e-16  1.02992e-17
      5400.86  1.16301e-16  8.17383e-18
      5403.60  1.43522e-16  7.90598e-18
      5406.34  1.36959e-16  9.24195e-18
      5409.08  1.43167e-16  7.18170e-18
      5411.81  1.43736e-16  7.42450e-18
      5414.55  1.60421e-16  7.45414e-18
      5417.29  1.45401e-16  7.89568e-18
      5420.03  1.04838e-16  2.59983e-17
      5422.77  1.62549e-16  8.17137e-18
      5425.51  1.64704e-16  1.02101e-17
      5428.24  1.58376e-16  7.69831e-18
      5430.98  1.07079e-16  7.43476e-18
      5433.72  1.84150e-16  7.92223e-18
      5436.46  1.42505e-16  9.72300e-18
      5439.20  1.74583e-16  8.13839e-18
      5441.94  1.54994e-16  8.69654e-18
      5444.67  1.36373e-16  9.97379e-18
      5447.41  1.74195e-16  8.98658e-18
      5450.15  1.72884e-16  8.16393e-18
      5452.89  1.92599e-16  7.94169e-18
      5455.62  1.91588e-16  8.05829e-18
      5458.36  1.51339e-16  9.05988e-18
      5461.10  1.79259e-16  8.02163e-18
      5463.84  1.75028e-16  7.76830e-18
      5466.58  1.94839e-16  1.18660e-17
      5469.31  1.78833e-16  7.75177e-18
      5472.05  1.58205e-16  7.88357e-18
      5474.79  1.56527e-16  8.98034e-18
      5477.53  1.84147e-16  8.13663e-18
      5480.26  1.90929e-16  8.03851e-17
      5483.00  1.97709e-16  9.84439e-18
      5485.74  2.04489e-16  8.03086e-18
      5488.48  1.70500e-16  8.31596e-18
      5491.21  1.47415e-16  9.63942e-18
      5493.95  1.86375e-16  8.40750e-18
      5496.69  1.96353e-16  1.06465e-17
      5499.43  1.69744e-16  8.15903e-18
      5502.16  1.76225e-16  8.15611e-18
      5504.90  2.09312e-16  8.57107e-18
      5507.64  1.82233e-16  7.90594e-18
      5510.37  1.75481e-16  8.06065e-18
      5513.11  1.69803e-16  8.86301e-18
      5515.85  1.60642e-16  8.69118e-18
      5518.59  1.62026e-16  7.81242e-18
      5521.32  1.68959e-16  1.21071e-17
      5524.06  1.77061e-16  7.86487e-18
      5526.80  1.27953e-16  9.31910e-18
      5529.53  1.92889e-16  9.40053e-18
      5532.27  1.64277e-16  9.06397e-18
      5535.01  1.95550e-16  8.18352e-18
      5537.74  1.79722e-16  8.00613e-18
      5540.48  1.62920e-16  9.63639e-18
      5543.22  1.89986e-16  8.15000e-18
      5545.95  1.69162e-16  7.61552e-18
      5548.69  1.87689e-16  1.00554e-17
      5551.43  2.12568e-16  3.89842e-17
      5554.16  1.78988e-16  7.73102e-18
      5556.90  1.84493e-16  7.92127e-18
      5559.64  1.93752e-16  8.03359e-18
      5562.37  1.81234e-16  8.24778e-18
      5565.11  1.79982e-16  8.06024e-18
      5567.84  1.65616e-16  7.68715e-18
      5570.58  1.87194e-16  7.86882e-18
      5573.32  1.63747e-16  8.15833e-18
      5576.05  1.72692e-16  7.57236e-18
      5578.79  1.66220e-16  7.93272e-18
      5581.53  1.68361e-16  7.90138e-18
      5584.26  1.52851e-16  7.57106e-18
      5587.00  1.54146e-16  8.35146e-18
      5589.73  1.67120e-16  7.76051e-18
      5592.47  1.60307e-16  7.76167e-18
      5595.21  1.20748e-16  4.56206e-17
      5597.94  1.40626e-16  7.41312e-18
      5600.68  1.63562e-16  7.71918e-18
      5603.41  1.34830e-16  1.04920e-17
      5606.15  1.17958e-16  7.96841e-18
      5608.88  1.54973e-16  7.55759e-18
      5611.62  1.37539e-16  7.31129e-18
      5614.35  1.23311e-16  7.32970e-18
      5617.09  1.19383e-16  7.13426e-18
      5619.83  1.27261e-16  7.39336e-18
      5622.56  1.26874e-16  7.54891e-18
      5625.30  1.02763e-16  8.21128e-18
      5628.03  1.23867e-16  7.73725e-18
      5630.77  1.12179e-16  8.92303e-18
      5633.50  1.19640e-16  1.56302e-17
      5636.24  1.16360e-16  7.13114e-18
      5638.97  1.38924e-16  7.82870e-18
      5641.71  1.07852e-16  7.08622e-18
      5644.44  7.80512e-17  1.11602e-17
      5647.18  1.06013e-16  7.14462e-18
      5649.91  1.07950e-16  7.49024e-18
      5652.65  1.02163e-16  7.28111e-18
      5655.38  7.84011e-17  1.10832e-17
      5658.12  1.29684e-16  7.87485e-18
      5660.85  9.36160e-17  8.84287e-18
      5663.59  1.02433e-16  7.13546e-18
      5666.32  1.15057e-16  7.13228e-18
      5669.06  1.07078e-16  7.23526e-18
      5671.79  9.99776e-17  7.31833e-18
      5674.53  1.12001e-16  7.47521e-18
      5677.26  1.28182e-16  7.48109e-18
      5680.00  1.13288e-16  7.33580e-18
      5682.73  9.38000e-17  8.55405e-18
      5685.47  9.28786e-17  1.63239e-17
      5688.20  1.22047e-16  1.31687e-17
      5690.93  1.09026e-16  7.66606e-18
      5693.67  1.21275e-16  7.36207e-18
      5696.40  1.82137e-16  1.28875e-17
