      2895.13  1.00095e-14  2.22609e-15
      2897.88  5.11340e-16  1.24815e-15
      2900.62 -2.29600e-16  1.75733e-15
      2903.36 -9.70606e-16  9.00955e-16
      2906.11 -1.29348e-15  7.75511e-16
      2908.85 -1.03324e-15  7.69523e-16
      2911.60 -7.72985e-16  7.09226e-16
      2914.34 -5.12713e-16  2.11560e-15
      2917.09 -2.52463e-16  5.97635e-16
      2919.83  7.78667e-18  1.12362e-15
      2922.58  2.68060e-16  4.71900e-16
      2925.32  5.28332e-16  3.99459e-16
      2928.07  7.88582e-16  3.18095e-16
      2930.81  1.04885e-15  2.72457e-16
      2933.55 -1.99284e-16  2.48770e-16
      2936.30 -5.93205e-16  2.20236e-16
      2939.04 -8.12785e-16  2.04990e-16
      2941.79 -8.57214e-16  2.93297e-16
      2944.53 -9.01638e-16  1.46675e-16
      2947.28 -9.46067e-16  1.58089e-16
      2950.02 -1.96736e-16  1.44274e-16
      2952.77  8.65296e-18  1.13791e-16
      2955.51 -1.08866e-16  1.17750e-16
      2958.26 -1.73112e-16  8.74265e-17
      2961.00 -8.41021e-17  1.17180e-16
      2963.75 -4.80456e-16  9.10631e-17
      2966.49 -4.36026e-16  7.93083e-17
      2969.24 -3.91597e-16  8.16917e-17
      2971.98 -3.47167e-16  1.31776e-16
      2974.73 -3.02734e-16  6.96046e-17
      2977.47 -2.58301e-16  1.02554e-16
      2980.22 -2.13871e-16  6.64017e-17
      2982.96  2.83649e-17  7.45971e-17
      2985.71  9.58226e-17  6.76168e-17
      2988.45 -2.51551e-16  6.79286e-17
      2991.20 -1.58464e-16  2.06629e-16
      2993.94 -6.53768e-17  5.50003e-17
      2996.69 -1.83385e-16  5.32861e-17
      2999.43 -1.99033e-16  5.29522e-17
      3002.18 -2.14680e-16  1.20888e-16
      3004.92 -2.30328e-16  6.73143e-17
      3007.67 -2.45670e-16  5.76410e-17
      3010.41 -2.29088e-16  5.19347e-17
      3013.16 -2.12506e-16  5.45987e-17
      3015.90 -1.95923e-16  5.20756e-17
      3018.65  9.19345e-17  4.85276e-17
      3021.40  1.35825e-16  4.91580e-17
      3024.14 -2.50705e-17  4.71314e-17
      3026.89  1.29298e-17  5.07292e-17
      3029.63  1.59806e-17  4.53049e-17
      3032.38  1.17049e-17  1.04968e-16
      3035.12  7.42968e-18  4.30599e-17
      3037.87  2.48411e-18  4.22849e-17
      3040.61  1.50787e-16  4.71714e-17
      3043.36  9.70479e-17  4.60138e-17
      3046.10  7.66839e-17  4.13708e-17
      3048.85  5.63198e-17  5.12586e-17
      3051.60  3.59557e-17  5.14712e-17
      3054.34  1.55917e-17  4.05045e-17
      3057.09 -5.69190e-17  4.02133e-17
      3059.83 -3.48856e-17  4.08477e-17
      3062.58 -1.28523e-17  1.91757e-16
      3065.32  9.18306e-18  3.64852e-17
      3068.07  1.70405e-16  5.05415e-17
      3070.82  8.12678e-17  4.01572e-17
      3073.56  7.81059e-17  3.97153e-17
      3076.31  1.63268e-16  3.82586e-17
      3079.05  8.55323e-17  3.58419e-17
      3081.80  7.43871e-17  4.07161e-17
      3084.55  6.32419e-17  1.89598e-16
      3087.29  4.98964e-17  3.79239e-17
      3090.04  6.37385e-17  3.92791e-17
      3092.78  7.75794e-17  3.82287e-17
      3095.53  9.14215e-17  8.34524e-17
      3098.28  1.05264e-16  8.35749e-17
      3101.02  1.19105e-16  3.60563e-17
      3103.77  1.32947e-16  4.16117e-17
      3106.51  1.23577e-16  3.40033e-17
      3109.26  1.11747e-16  3.58072e-17
      3112.01  3.99387e-17  3.42850e-17
      3114.75  1.06232e-16  3.28599e-17
      3117.50 -4.75974e-18  3.15857e-17
      3120.24  1.13458e-18  4.31171e-17
      3122.99  7.02942e-18  1.31150e-16
      3125.74  1.29237e-17  3.35128e-17
      3128.48  2.39042e-16  3.38601e-17
      3131.23  1.87650e-16  3.72296e-17
      3133.98  1.36263e-16  2.09952e-16
      3136.72  8.48706e-17  3.55317e-17
      3139.47  1.77091e-16  3.22411e-17
      3142.21  1.24886e-16  3.72272e-17
      3144.96  6.57226e-17  3.42241e-17
      3147.71  1.23411e-16  3.16216e-17
      3150.45  2.12888e-16  3.89585e-17
      3153.20 -3.30134e-17  3.52094e-17
      3155.95 -8.55908e-18  3.16608e-17
      3158.69  1.58931e-17  7.07245e-17
      3161.44  4.03475e-17  3.20956e-17
      3164.19  6.48019e-17  3.03776e-17
      3166.93  1.58276e-16  3.06264e-17
      3169.68  1.57054e-16  3.02935e-17
      3172.43  1.55832e-16  6.19660e-17
      3175.17  1.54610e-16  3.30842e-17
      3177.92  1.53388e-16  6.41874e-17
      3180.67  1.52165e-16  3.16235e-17
      3183.41  1.50943e-16  2.92147e-17
      3186.16  1.36659e-16  3.06248e-17
      3188.91  1.73308e-16  3.05352e-17
      3191.65  1.17249e-16  3.15134e-17
      3194.40  5.66350e-17  2.68771e-17
      3197.15  1.87058e-16  3.32379e-17
      3199.89  7.99842e-17  2.79823e-17
      3202.64  1.39851e-16  2.91885e-17
      3205.39  7.63837e-17  2.62961e-17
      3208.13  6.92888e-17  2.72325e-17
      3210.88  1.12720e-16  2.66381e-17
      3213.63  1.20912e-16  2.76654e-17
      3216.37  1.47371e-16  3.06466e-17
      3219.12  1.09842e-16  3.13973e-17
      3221.87  1.11654e-16  2.75867e-17
      3224.61  1.13465e-16  2.81956e-17
      3227.36  1.15276e-16  2.92103e-17
      3230.11  1.17087e-16  2.86851e-17
      3232.86  1.18898e-16  6.31128e-17
      3235.60  1.20709e-16  5.99370e-17
      3238.35  1.22521e-16  2.60746e-17
      3241.10  1.24332e-16  2.76772e-17
      3243.84  1.26143e-16  2.84659e-17
      3246.59  1.27954e-16  8.12750e-17
      3249.34  1.29766e-16  2.71421e-17
      3252.08  1.31577e-16  2.66362e-17
      3254.83  1.15071e-16  2.67244e-17
      3257.58  1.43079e-16  2.58586e-17
      3260.33  2.11449e-16  2.55946e-17
      3263.07  1.35175e-16  2.55597e-17
      3265.82  1.42118e-16  2.53567e-17
      3268.57  1.49061e-16  2.50028e-17
      3271.31  1.56004e-16  5.70957e-17
      3274.06  1.62947e-16  1.03005e-16
      3276.81  1.69890e-16  2.57312e-17
      3279.56  1.76832e-16  2.48481e-17
      3282.30  1.21759e-16  2.72413e-17
      3285.05  8.32437e-17  2.55295e-17
      3287.80  1.11518e-16  3.70041e-17
      3290.55  1.39796e-16  2.46792e-17
      3293.29  1.68070e-16  2.60160e-17
      3296.04  1.96345e-16  2.55904e-17
      3298.79  1.77180e-16  2.35666e-17
      3301.54  1.23710e-16  4.48077e-17
      3304.28  5.22306e-17  2.93687e-17
      3307.03  1.94930e-16  2.50820e-17
      3309.78  2.20890e-16  2.53505e-17
      3312.53  1.48672e-16  2.32791e-17
      3315.27  1.24029e-16  2.34161e-17
      3318.02  2.73647e-16  3.15157e-17
      3320.77  1.35673e-16  2.32878e-17
      3323.52  8.49451e-17  2.43868e-17
      3326.26  1.85202e-16  2.61001e-17
      3329.01  1.95584e-16  2.73068e-17
      3331.76  2.05967e-16  3.02400e-17
      3334.51  2.16350e-16  3.25752e-17
      3337.25  2.26733e-16  2.55767e-17
      3340.00  2.37116e-16  1.47388e-16
      3342.75  2.25287e-16  2.45317e-17
      3345.50  2.08218e-16  2.36279e-17
      3348.24  1.91146e-16  4.65360e-17
      3350.99  1.75537e-16  2.56034e-17
      3353.74  1.72142e-16  4.62730e-17
      3356.49  1.68746e-16  2.28452e-17
      3359.24  1.65351e-16  2.41163e-17
      3361.98  1.61955e-16  3.18872e-17
      3364.73  1.58560e-16  2.18299e-17
      3367.48  1.55164e-16  5.78998e-17
      3370.23  1.71572e-16  2.24780e-17
      3372.97  2.34543e-16  2.32058e-17
      3375.72  1.63620e-16  2.38448e-17
      3378.47  1.54143e-16  4.63511e-17
      3381.22  1.44666e-16  5.83109e-17
      3383.97  1.35189e-16  2.25991e-17
      3386.71  1.25711e-16  2.27530e-17
      3389.46  1.34380e-16  7.41386e-17
      3392.21  1.45499e-16  2.13453e-17
      3394.96  1.55001e-16  4.60332e-17
      3397.71  1.64504e-16  8.83589e-17
      3400.45  1.74007e-16  1.71991e-16
      3403.20  1.83510e-16  2.05937e-17
      3405.95  1.93012e-16  2.20467e-17
      3408.70  1.47996e-16  2.08622e-17
      3411.45  1.65219e-16  6.35735e-17
      3414.19  1.82443e-16  1.99580e-17
      3416.94  1.79267e-16  2.24418e-17
      3419.69  1.77799e-16  4.58308e-17
      3422.44  1.76330e-16  3.16398e-17
      3425.19  1.63517e-16  2.18037e-17
      3427.93  2.50616e-16  2.13760e-17
      3430.68  1.32942e-16  2.10133e-17
      3433.43  1.27508e-16  2.10317e-17
      3436.18  1.71246e-16  2.15609e-17
      3438.93  1.65080e-16  2.67131e-17
      3441.67  1.18463e-16  1.91932e-17
      3444.42  1.22126e-16  1.86009e-17
      3447.17  1.88154e-16  2.08497e-17
      3449.92  1.20974e-16  2.53451e-17
      3452.67  1.07596e-16  1.89084e-17
      3455.42  1.11341e-16  2.06338e-17
      3458.16  1.15086e-16  4.25506e-17
      3460.91  1.18831e-16  2.69409e-17
      3463.66  1.22576e-16  1.90100e-17
      3466.41  1.86805e-16  1.98074e-17
      3469.16  1.76510e-16  1.87833e-17
      3471.91  6.07561e-17  1.88816e-17
      3474.65  5.72807e-17  1.91399e-17
      3477.40  5.38050e-17  2.35029e-17
      3480.15  5.03296e-17  2.70665e-17
      3482.90  4.68543e-17  1.94438e-17
      3485.65  1.50359e-16  2.01897e-17
      3488.40  6.66097e-17  2.16963e-17
      3491.14  7.95230e-17  1.94460e-17
      3493.89  9.24351e-17  4.33260e-17
      3496.64  1.05348e-16  2.24599e-17
      3499.39  1.18261e-16  1.86797e-17
      3502.14  1.31174e-16  1.86294e-17
      3504.89  7.09038e-18  3.59675e-17
      3507.64  3.71225e-17  8.75960e-17
      3510.38  6.71520e-17  4.93342e-17
      3513.13  9.71841e-17  2.00699e-17
      3515.88  1.27216e-16  1.76028e-17
      3518.63  1.39997e-16  1.81020e-17
      3521.38  1.51861e-16  1.88384e-17
      3524.13  9.97810e-17  1.80853e-17
      3526.87  1.02817e-16  1.83163e-17
      3529.62  1.05854e-16  2.11457e-17
      3532.37  1.08890e-16  1.96792e-17
      3535.12  1.25116e-16  1.95555e-17
      3537.87  1.40661e-16  3.61832e-17
      3540.62  1.56208e-16  1.99979e-17
      3543.37  1.71753e-16  2.00823e-17
      3546.11  1.87300e-16  1.44757e-16
      3548.86  2.02845e-16  3.62949e-17
      3551.61  2.18392e-16  1.99849e-17
      3554.36  2.33937e-16  1.93625e-17
      3557.11  1.85774e-16  1.89241e-17
      3559.86  2.28709e-16  1.84050e-17
      3562.61  1.70037e-16  1.85952e-17
      3565.36  2.03080e-16  2.06540e-17
      3568.10  1.88569e-16  1.87209e-17
      3570.85  1.72620e-16  1.77774e-17
      3573.60  1.63397e-16  1.75683e-17
      3576.35  2.19237e-16  1.92969e-17
      3579.10  2.14033e-16  1.77849e-17
      3581.85  1.67432e-16  1.81647e-17
      3584.60  2.69775e-16  1.98046e-17
      3587.35  2.28996e-16  1.82397e-17
      3590.09  1.54221e-16  1.82873e-17
      3592.84  1.79493e-16  1.95238e-17
      3595.59  1.87584e-16  2.03799e-17
      3598.34  1.94652e-16  1.86874e-17
      3601.09  1.93324e-16  1.76428e-17
      3603.84  1.66408e-16  1.70945e-17
      3606.59  2.09187e-16  1.93125e-17
      3609.34  1.73171e-16  1.79872e-17
      3612.09  1.75475e-16  1.80117e-17
      3614.83  1.71919e-16  1.83159e-17
      3617.58  1.68363e-16  2.15880e-17
      3620.33  1.64806e-16  2.15690e-17
      3623.08  1.61250e-16  1.66630e-17
      3625.83  1.57694e-16  1.98176e-17
      3628.58  1.54138e-16  1.81837e-17
      3631.33  1.50581e-16  5.12667e-17
      3634.08  1.47025e-16  1.77906e-17
      3636.83  1.43469e-16  1.73823e-17
      3639.57  1.58963e-16  1.85706e-17
      3642.32  1.73157e-16  4.41306e-17
      3645.07  1.87350e-16  1.72001e-17
      3647.82  2.02325e-16  1.72424e-17
      3650.57  2.00252e-16  1.69523e-17
      3653.32  1.98178e-16  4.22472e-17
      3656.07  1.96105e-16  1.75699e-17
      3658.82  1.94032e-16  1.58890e-17
      3661.57  1.91959e-16  1.60722e-17
      3664.32  2.39817e-16  1.75063e-17
      3667.06  2.62220e-16  1.67590e-17
      3669.81  2.57011e-16  1.55159e-17
      3672.56  2.51801e-16  3.66959e-17
      3675.31  2.46592e-16  1.77537e-17
      3678.06  2.47566e-16  1.66902e-17
      3680.81  1.78539e-16  1.61460e-17
      3683.56  1.93864e-16  2.49911e-17
      3686.31  2.09650e-16  1.75601e-17
      3689.06  2.13769e-16  4.89309e-17
      3691.81  2.17888e-16  1.62628e-17
      3694.56  2.90690e-16  1.83159e-17
      3697.31  2.54339e-16  1.66901e-17
      3700.05  2.03561e-16  1.57797e-17
      3702.80  2.15974e-16  1.61453e-17
      3705.55  2.42350e-16  1.83251e-17
      3708.30  2.71358e-16  1.75814e-17
      3711.05  2.82612e-16  1.63897e-17
      3713.80  2.49149e-16  1.65785e-17
      3716.55  3.12736e-16  1.75277e-17
      3719.30  3.09378e-16  1.65961e-17
      3722.05  3.06020e-16  5.86965e-17
      3724.80  3.02661e-16  1.59802e-17
      3727.55  2.99303e-16  1.66247e-17
      3730.30  2.13108e-16  1.66500e-17
      3733.04  2.51895e-16  1.60159e-17
      3735.79  2.40328e-16  1.60741e-17
      3738.54  2.53560e-16  2.28445e-17
      3741.29  2.66791e-16  1.66412e-17
      3744.04  3.03367e-16  1.61613e-17
      3746.79  3.10811e-16  1.57998e-17
      3749.54  2.46828e-16  1.55703e-17
      3752.29  2.84499e-16  1.58431e-17
      3755.04  3.11856e-16  1.70307e-17
      3757.79  3.63617e-16  1.78681e-17
      3760.54  2.87933e-16  1.51839e-17
      3763.29  2.26422e-16  1.64881e-17
      3766.04  3.31791e-16  1.53668e-17
      3768.79  3.31403e-16  2.11501e-17
      3771.53  3.04193e-16  1.84062e-17
      3774.28  3.25417e-16  1.55171e-17
      3777.03  3.42936e-16  1.60758e-17
      3779.78  2.77559e-16  1.53874e-17
      3782.53  3.06041e-16  1.50243e-17
      3785.28  3.06499e-16  1.65104e-17
      3788.03  3.06958e-16  4.98980e-17
      3790.78  3.07416e-16  1.55647e-17
      3793.53  3.07875e-16  1.55415e-17
      3796.28  3.49782e-16  1.55280e-17
      3799.03  4.35739e-16  1.64919e-17
      3801.78  3.16326e-16  1.46747e-17
      3804.53  3.34190e-16  3.41200e-17
      3807.28  3.52054e-16  1.48278e-17
      3810.03  3.54511e-16  1.46979e-17
      3812.78  3.58204e-16  7.25500e-17
      3815.52  3.61896e-16  1.47654e-17
      3818.27  3.65589e-16  1.49786e-17
      3821.02  3.44314e-16  1.49777e-17
      3823.77  3.60419e-16  1.47424e-17
      3826.52  3.88266e-16  1.45366e-17
      3829.27  3.63131e-16  1.69159e-17
      3832.02  4.00299e-16  1.70119e-17
      3834.77  3.23074e-16  1.73978e-17
      3837.52  3.26074e-16  1.75185e-17
      3840.27  3.51247e-16  1.53376e-17
      3843.02  3.63701e-16  1.40251e-17
      3845.77  3.54838e-16  1.47161e-17
      3848.52  3.44628e-16  1.53326e-17
      3851.27  2.36761e-16  2.58298e-17
      3854.02  4.43558e-16  1.52151e-17
      3856.77  3.68279e-16  1.47651e-17
      3859.52  3.57225e-16  7.90663e-17
      3862.26  3.46172e-16  1.39360e-17
      3865.01  3.35119e-16  1.37767e-17
      3867.76  2.22507e-16  1.41877e-17
      3870.51  2.79265e-16  1.31463e-17
      3873.26  2.85707e-16  1.45385e-17
      3876.01  2.79144e-16  1.29806e-17
      3878.76  2.16562e-16  1.28316e-17
      3881.51  2.15978e-16  3.22391e-17
      3884.26  2.15394e-16  1.32085e-17
      3887.01  2.14810e-16  1.43092e-17
      3889.76  2.30642e-16  1.28404e-17
      3892.51  1.95860e-16  1.13200e-17
      3895.26  1.98059e-16  1.61466e-17
      3898.01  1.66288e-16  1.17533e-17
      3900.76  1.35369e-16  1.25215e-17
      3903.51  1.40672e-16  1.11908e-17
      3906.26  1.45976e-16  2.64968e-17
      3909.01  1.51279e-16  1.08268e-17
      3911.76  1.24660e-16  1.09149e-17
      3914.51  1.58152e-16  1.19837e-17
      3917.25  1.79363e-16  1.41712e-17
      3920.00  1.33976e-16  1.09240e-17
      3922.75  1.08712e-16  1.03600e-17
      3925.50  1.11568e-16  5.67261e-17
      3928.25  1.14425e-16  1.02942e-17
      3931.00  1.17281e-16  1.12914e-17
      3933.75  1.20138e-16  1.02382e-17
      3936.50  1.06770e-16  9.59939e-18
      3939.25  1.14816e-16  9.70169e-18
      3942.00  6.22526e-17  1.00597e-17
      3944.75  1.20934e-16  1.05940e-17
      3947.50  1.21448e-16  9.76644e-18
      3950.25  7.79417e-17  9.79237e-18
      3953.00  1.24683e-16  9.75679e-18
      3955.75  1.21937e-16  9.53610e-18
      3958.50  9.54101e-17  9.71212e-18
      3961.25  9.48920e-17  9.98069e-18
      3964.00  9.43738e-17  2.78739e-17
      3966.75  9.38557e-17  9.44165e-18
      3969.50  9.30234e-17  9.52612e-18
      3972.25  9.21117e-17  2.03510e-17
      3975.00  9.12001e-17  9.65929e-18
      3977.74  9.02884e-17  9.07658e-18
      3980.49  1.08261e-16  9.61909e-18
      3983.24  9.94878e-17  9.24405e-18
      3985.99  1.48157e-16  9.92090e-18
      3988.74  8.98441e-17  1.03459e-17
      3991.49  1.55157e-16  1.55397e-17
      3994.24  1.39780e-16  1.05561e-17
      3996.99  1.66283e-16  9.78946e-18
      3999.74  1.34278e-16  9.66557e-18
      4002.49  1.75612e-16  1.05210e-17
      4005.24  1.58218e-16  9.66055e-18
      4007.99  1.73984e-16  9.58733e-18
      4010.74  2.87137e-16  1.34546e-17
      4013.49  2.09612e-16  1.03741e-17
      4016.24  2.02788e-16  9.97951e-18
      4018.99  2.18891e-16  1.03100e-17
      4021.74  2.11029e-16  1.17200e-17
      4024.49  1.95039e-16  1.08512e-17
      4027.24  2.24224e-16  1.06976e-17
      4029.99  2.06622e-16  1.13104e-17
      4032.74  1.87579e-16  1.07492e-17
      4035.49  2.07396e-16  9.80726e-18
      4038.24  2.05139e-16  1.07690e-17
      4040.98  1.83950e-16  1.04161e-17
      4043.73  2.02598e-16  9.90347e-18
      4046.48  2.24802e-16  1.07202e-17
      4049.23  2.00491e-16  1.01920e-17
      4051.98  1.89893e-16  9.52729e-18
      4054.73  1.78578e-16  1.00557e-17
      4057.48  1.97310e-16  9.68964e-18
      4060.23  1.90578e-16  1.02651e-17
      4062.98  1.92405e-16  1.02181e-17
      4065.73  1.94233e-16  2.37415e-17
      4068.48  1.96060e-16  1.01104e-17
      4071.23  1.97888e-16  4.56154e-17
      4073.98  1.99715e-16  2.48427e-17
      4076.73  2.01543e-16  1.21949e-17
      4079.48  1.87546e-16  9.48254e-18
      4082.23  2.03803e-16  2.24842e-17
      4084.98  2.20061e-16  1.02898e-17
      4087.73  2.36559e-16  1.02484e-17
      4090.48  2.31188e-16  1.02581e-17
      4093.23  2.37485e-16  1.02304e-17
      4095.98  2.41741e-16  1.01175e-17
      4098.73  2.45997e-16  2.40043e-17
      4101.48  2.50255e-16  1.10952e-17
      4104.22  2.68785e-16  1.02295e-17
      4106.97  2.43698e-16  1.04987e-17
      4109.72  2.92220e-16  1.16017e-17
      4112.47  2.99380e-16  1.12864e-17
      4115.22  3.50888e-16  1.14989e-17
      4117.97  2.99092e-16  1.08917e-17
      4120.72  2.62088e-16  2.12846e-17
      4123.47  3.27575e-16  1.20824e-17
      4126.22  3.89882e-16  1.27136e-17
      4128.97  3.21130e-16  1.39397e-17
      4131.72  2.96471e-16  1.38999e-17
      4134.47  3.68793e-16  1.21689e-17
      4137.22  3.47779e-16  1.28848e-17
      4139.97  2.90771e-16  1.84341e-17
      4142.72  3.21210e-16  1.49555e-17
      4145.47  3.51655e-16  1.15495e-17
      4148.22  3.82100e-16  1.40821e-17
      4150.97  4.20954e-16  1.18978e-17
      4153.72  3.99023e-16  1.91962e-17
      4156.46  3.76885e-16  1.13830e-17
      4159.21  3.82897e-16  1.10888e-17
      4161.96  3.88910e-16  2.62290e-17
      4164.71  3.94922e-16  1.21495e-17
      4167.46  4.11876e-16  1.17807e-17
      4170.21  3.65206e-16  1.21221e-17
      4172.96  4.35655e-16  1.24182e-17
      4175.71  4.16830e-16  1.13375e-17
      4178.46  4.54714e-16  1.60479e-17
      4181.21  4.16642e-16  1.30514e-17
      4183.96  3.80567e-16  1.18187e-17
      4186.71  3.70725e-16  1.11595e-17
      4189.46  3.75636e-16  1.13528e-17
      4192.21  3.80546e-16  1.57478e-17
      4194.96  3.85457e-16  1.43603e-17
      4197.71  4.08666e-16  1.37375e-17
      4200.46  4.04441e-16  1.36727e-17
      4203.21  3.83297e-16  1.41375e-17
      4205.95  3.94672e-16  1.38871e-17
      4208.70  4.06048e-16  1.38294e-17
      4211.45  4.17425e-16  1.17001e-17
      4214.20  4.28801e-16  1.14115e-17
      4216.95  4.40487e-16  1.14390e-17
      4219.70  4.46614e-16  1.82675e-17
      4222.45  4.56526e-16  1.14569e-17
      4225.20  4.48466e-16  1.13554e-17
      4227.95  4.40407e-16  1.21043e-17
      4230.70  4.32346e-16  1.14042e-17
      4233.45  4.38866e-16  1.24690e-17
      4236.20  4.00956e-16  1.21001e-17
      4238.95  3.74212e-16  1.16272e-17
      4241.70  2.76063e-16  1.86018e-17
      4244.45  3.54580e-16  1.04956e-17
      4247.20  3.71407e-16  1.09624e-17
      4249.94  3.83528e-16  1.09634e-17
      4252.69  3.78703e-16  1.10306e-17
      4255.44  3.76465e-16  1.06047e-17
      4258.19  3.36776e-16  1.04216e-17
      4260.94  3.30245e-16  1.06724e-17
      4263.69  3.72253e-16  1.17214e-17
      4266.44  3.04245e-16  1.08743e-17
      4269.19  3.01495e-16  1.08167e-17
      4271.94  3.31819e-16  1.03735e-17
      4274.69  3.33689e-16  1.01197e-17
      4277.44  3.15434e-16  1.14109e-17
      4280.19  3.15795e-16  1.03229e-17
      4282.94  3.19797e-16  1.05290e-17
      4285.69  3.23799e-16  1.98996e-17
      4288.43  3.27802e-16  1.15139e-17
      4291.18  3.31804e-16  1.36401e-17
      4293.93  3.35807e-16  1.77826e-17
      4296.68  3.39809e-16  1.06290e-17
      4299.43  3.43812e-16  1.03837e-17
      4302.18  3.79293e-16  1.06949e-17
      4304.93  4.19888e-16  1.11081e-17
      4307.68  4.13876e-16  1.62384e-17
      4310.43  4.07864e-16  2.98506e-17
      4313.18  4.01853e-16  1.05537e-17
      4315.93  3.95841e-16  1.13111e-17
      4318.68  3.89830e-16  1.78753e-17
      4321.42  3.94324e-16  1.10547e-17
      4324.17  3.97161e-16  1.08649e-17
      4326.92  4.15493e-16  1.08305e-17
      4329.67  4.51385e-16  1.12138e-17
      4332.42  4.29028e-16  1.11741e-17
      4335.17  4.20157e-16  1.19339e-17
      4337.92  3.87708e-16  1.38879e-17
      4340.67  4.34252e-16  1.25333e-17
      4343.42  4.54633e-16  1.14916e-17
      4346.17  4.16910e-16  1.20681e-17
      4348.92  4.16456e-16  1.16422e-17
      4351.67  4.36306e-16  1.28688e-17
      4354.41  4.22040e-16  1.05832e-17
      4357.16  3.75200e-16  1.18101e-17
      4359.91  3.91506e-16  1.09583e-17
      4362.66  4.45388e-16  1.18252e-17
      4365.41  4.23655e-16  1.15287e-17
      4368.16  4.05656e-16  1.13932e-17
      4370.91  3.98804e-16  1.03811e-17
      4373.66  3.91953e-16  1.98171e-17
      4376.41  3.85102e-16  1.10916e-17
      4379.16  3.78250e-16  1.93685e-17
      4381.90  3.71399e-16  1.01920e-17
      4384.65  4.03992e-16  1.02764e-17
      4387.40  3.63909e-16  9.99323e-18
      4390.15  4.18651e-16  1.05553e-17
      4392.90  3.45755e-16  1.07025e-17
      4395.65  3.61417e-16  5.32576e-17
      4398.40  3.77082e-16  1.03426e-17
      4401.15  3.92747e-16  1.04524e-17
      4403.90  3.51391e-16  9.70094e-18
      4406.65  3.47756e-16  1.05281e-17
      4409.39  3.61769e-16  9.85153e-18
      4412.14  3.62385e-16  9.94296e-18
      4414.89  3.59983e-16  1.03677e-17
      4417.64  3.53921e-16  2.94749e-17
      4420.39  3.47858e-16  1.01230e-17
      4423.14  3.41795e-16  1.13522e-17
      4425.89  3.50441e-16  1.02367e-17
      4428.64  3.28277e-16  1.03387e-17
      4431.38  3.46091e-16  1.01636e-17
      4434.13  3.49953e-16  9.89279e-18
      4436.88  3.38286e-16  1.03679e-17
      4439.63  3.39756e-16  1.02092e-17
      4442.38  3.78031e-16  9.88777e-18
      4445.13  3.59319e-16  1.03597e-17
      4447.88  3.40050e-16  9.45126e-18
      4450.63  4.12304e-16  1.12293e-17
      4453.37  3.48290e-16  9.51115e-18
      4456.12  3.77550e-16  1.01503e-17
      4458.87  3.59669e-16  9.51219e-18
      4461.62  3.86470e-16  1.05884e-17
      4464.37  3.49670e-16  1.38543e-17
      4467.12  3.64208e-16  1.33440e-17
      4469.87  3.88847e-16  1.76882e-17
      4472.62  3.68246e-16  1.01250e-17
      4475.36  3.47648e-16  9.90438e-18
      4478.11  3.27050e-16  2.13339e-17
      4480.86  3.06452e-16  9.18828e-18
      4483.61  2.85855e-16  9.32824e-18
      4486.36  2.65257e-16  9.76247e-18
      4489.11  2.98466e-16  9.68812e-18
      4491.86  3.18159e-16  9.30106e-18
      4494.60  3.17357e-16  9.59419e-18
      4497.35  3.05888e-16  9.91905e-18
      4500.10  2.87602e-16  9.58470e-18
      4502.85  2.90742e-16  9.26208e-18
      4505.60  3.41848e-16  1.40729e-17
      4508.35  2.87184e-16  1.16463e-17
      4511.10  2.48946e-16  1.04490e-17
      4513.84  4.20194e-16  1.95482e-17
      4516.59  2.91536e-16  9.27579e-18
      4519.34  2.74902e-16  9.42288e-18
      4522.09  2.58283e-16  8.59737e-18
      4524.84  2.87638e-16  9.63172e-18
      4527.59  2.67028e-16  8.85716e-18
      4530.33  2.76388e-16  8.66341e-18
      4533.08  2.73719e-16  1.07229e-17
      4535.83  2.71048e-16  8.52337e-18
      4538.58  2.68378e-16  8.58965e-18
      4541.33  2.65708e-16  9.87461e-18
      4544.08  2.63038e-16  8.49161e-18
      4546.83  2.60367e-16  2.32293e-17
      4549.57  2.57697e-16  1.36564e-17
      4552.32  2.55027e-16  1.09467e-16
      4555.07  2.52357e-16  8.51957e-18
      4557.82  2.49686e-16  8.90784e-18
      4560.57  2.47017e-16  8.46839e-18
      4563.31  2.44346e-16  2.45966e-17
      4566.06  2.41676e-16  1.51758e-17
      4568.81  2.39006e-16  8.43489e-18
      4571.56  2.37825e-16  8.81519e-18
      4574.31  2.63436e-16  8.76553e-18
      4577.06  2.35418e-16  8.45567e-18
      4579.80  2.18314e-16  8.19541e-18
      4582.55  1.95324e-16  7.87288e-18
      4585.30  1.91712e-16  8.48177e-18
      4588.05  1.88100e-16  1.02227e-17
      4590.80  1.84489e-16  9.22024e-18
      4593.54  1.99203e-16  7.87753e-18
      4596.29  1.99907e-16  7.99190e-18
      4599.04  2.00611e-16  2.00227e-17
      4601.79  2.01315e-16  7.82102e-18
      4604.54  2.17922e-16  8.29383e-18
      4607.29  1.84426e-16  7.58825e-18
      4610.03  2.03916e-16  1.46583e-17
      4612.78  2.23402e-16  1.05362e-17
      4615.53  2.16035e-16  8.92195e-18
      4618.28  2.22272e-16  8.22124e-18
      4621.03  2.25122e-16  8.19359e-18
      4623.77  2.46307e-16  8.49730e-18
      4626.52  2.14937e-16  8.31564e-18
      4629.27  2.40472e-16  8.68093e-18
      4632.02  2.10434e-16  8.13686e-18
      4634.77  2.25711e-16  2.09245e-17
      4637.51  2.40988e-16  8.38637e-18
      4640.26  2.60747e-16  8.51980e-18
      4643.01  2.27627e-16  8.22443e-18
      4645.76  2.37065e-16  1.51928e-17
      4648.50  2.46501e-16  1.06372e-17
      4651.25  2.58919e-16  8.64865e-18
      4654.00  2.09504e-16  8.11893e-18
      4656.75  2.20121e-16  8.66237e-18
      4659.50  2.30736e-16  1.05919e-17
      4662.24  2.41352e-16  8.68959e-18
      4664.99  2.24103e-16  8.06759e-18
      4667.74  2.25157e-16  1.06713e-17
      4670.49  2.26212e-16  9.93065e-18
      4673.23  2.27266e-16  8.42795e-18
      4675.98  3.27127e-16  1.53140e-17
      4678.73  2.59324e-16  8.40795e-18
      4681.48  2.41609e-16  1.98723e-17
      4684.23  2.23893e-16  8.58072e-18
      4686.97  2.23868e-16  9.06222e-18
      4689.72  1.89029e-16  3.24585e-17
      4692.47  1.54191e-16  9.09194e-18
      4695.22  2.40255e-16  8.31852e-18
      4697.96  2.60572e-16  9.27667e-18
      4700.71  2.00709e-16  8.32005e-18
      4703.46  2.22501e-16  8.06627e-18
      4706.21  2.54400e-16  8.85162e-18
      4708.95  2.53049e-16  9.21058e-18
      4711.70  2.30548e-16  9.19545e-18
      4714.45  2.55377e-16  1.01025e-17
      4717.20  2.39807e-16  8.22620e-18
      4719.94  2.43965e-16  8.75432e-18
      4722.69  2.35585e-16  1.61307e-17
      4725.44  2.27206e-16  9.26834e-18
      4728.19  2.18828e-16  9.01835e-18
      4730.93  2.51553e-16  9.53121e-18
      4733.68  2.05104e-16  8.86181e-18
      4736.43  2.22337e-16  8.86079e-18
      4739.17  2.38963e-16  8.59102e-18
      4741.92  2.38927e-16  8.29718e-18
      4744.67  2.38890e-16  1.76436e-17
      4747.42  2.38853e-16  8.28452e-18
      4750.16  2.67689e-16  8.60596e-18
      4752.91  3.10869e-16  1.47679e-17
      4755.66  2.54428e-16  9.83816e-18
      4758.41  2.56208e-16  1.94680e-17
      4761.15  2.57987e-16  8.96805e-18
      4763.90  2.59767e-16  9.46514e-18
      4766.65  2.40906e-16  9.08170e-18
      4769.39  2.40722e-16  9.01794e-18
      4772.14  2.43331e-16  1.69425e-17
      4774.89  2.45940e-16  9.24914e-18
      4777.64  2.48549e-16  1.55952e-17
      4780.38  2.51157e-16  1.19345e-17
      4783.13  2.53766e-16  1.10173e-17
      4785.88  2.56375e-16  9.87371e-18
      4788.62  2.58984e-16  1.17062e-17
      4791.37  2.61593e-16  8.81093e-18
      4794.12  2.74305e-16  1.74552e-17
      4796.86  2.87270e-16  8.74553e-18
      4799.61  2.93283e-16  8.84416e-18
      4802.36  2.87636e-16  9.20362e-18
      4805.10  2.39420e-16  8.69235e-18
      4807.85  2.94515e-16  8.96400e-18
      4810.60  2.75741e-16  3.22631e-17
      4813.35  2.56970e-16  1.62993e-17
      4816.09  2.38196e-16  1.02502e-17
      4818.84  2.19425e-16  1.53797e-17
      4821.59  2.79255e-16  1.03327e-17
      4824.33  2.87237e-16  9.73480e-18
      4827.08  3.25877e-16  9.88652e-18
      4829.83  3.16111e-16  9.40915e-18
      4832.57  3.06347e-16  3.31667e-17
      4835.32  2.96583e-16  1.67683e-17
      4838.07  2.86819e-16  8.77788e-18
      4840.81  2.59518e-16  1.03666e-17
      4843.56  2.49990e-16  1.17643e-17
      4846.31  2.82456e-16  9.43567e-18
      4849.05  3.27328e-16  9.38555e-18
      4851.80  3.12041e-16  8.91378e-18
      4854.55  3.01011e-16  8.95150e-18
      4857.29  2.95344e-16  8.81438e-18
      4860.04  2.89676e-16  1.47439e-17
      4862.79  2.84009e-16  8.66263e-18
      4865.53  2.95033e-16  8.81737e-18
      4868.28  2.91906e-16  1.00284e-17
      4871.02  2.88779e-16  1.52804e-17
      4873.77  2.85652e-16  9.01161e-18
      4876.52  2.82525e-16  2.19119e-17
      4879.26  2.79398e-16  8.79970e-18
      4882.01  2.76271e-16  8.41335e-18
      4884.76  2.78532e-16  8.63215e-18
      4887.50  2.80257e-16  8.83382e-18
      4890.25  2.81982e-16  1.39699e-17
      4893.00  2.83707e-16  9.75161e-18
      4895.74  2.85432e-16  3.40405e-17
      4898.49  2.87157e-16  9.79704e-18
      4901.23  2.88882e-16  8.88649e-18
      4903.98  2.85346e-16  6.49870e-17
      4906.73  2.79926e-16  1.38794e-17
      4909.47  2.74505e-16  1.06383e-17
      4912.22  2.69085e-16  1.01979e-17
      4914.96  2.91419e-16  9.04288e-18
      4917.71  3.09679e-16  9.07601e-18
      4920.46  3.01831e-16  8.74327e-18
      4923.20  2.88053e-16  1.02724e-17
      4925.95  3.12746e-16  9.44057e-18
      4928.69  3.13029e-16  8.77552e-18
      4931.44  2.76667e-16  8.46445e-18
      4934.19  2.69836e-16  8.98179e-18
      4936.93  2.84417e-16  1.05972e-17
      4939.68  2.80034e-16  9.25587e-18
      4942.42  2.68888e-16  8.52356e-18
      4945.17  2.61969e-16  1.08034e-17
      4947.92  2.72607e-16  9.71922e-18
      4950.66  2.48780e-16  8.31691e-18
      4953.41  2.59973e-16  8.21839e-18
      4956.15  2.66798e-16  8.60352e-18
      4958.90  2.36112e-16  8.15682e-18
      4961.65  2.48207e-16  8.52006e-18
      4964.39  2.34494e-16  1.24665e-17
      4967.14  2.48703e-16  8.92204e-18
      4969.88  2.60925e-16  9.06896e-18
      4972.63  1.97852e-16  8.17224e-18
      4975.37  2.19499e-16  8.83663e-18
      4978.12  2.39521e-16  8.11181e-18
      4980.86  2.43579e-16  8.34370e-18
      4983.61  1.95544e-16  8.99414e-18
      4986.36  2.45079e-16  8.23652e-18
      4989.10  1.98729e-16  7.50357e-18
      4991.85  2.11802e-16  7.80392e-18
      4994.59  2.10352e-16  2.51621e-17
      4997.34  2.08902e-16  1.36822e-17
      5000.08  2.07453e-16  1.18975e-17
      5002.83  2.47194e-16  8.04909e-18
      5005.57  2.37079e-16  8.75773e-18
      5008.32  2.15824e-16  7.77954e-18
      5011.06  2.24208e-16  1.00835e-17
      5013.81  2.32594e-16  1.06290e-17
      5016.55  2.39231e-16  8.08472e-18
      5019.30  2.33110e-16  8.44577e-18
      5022.04  2.26989e-16  9.05897e-18
      5024.79  2.34596e-16  3.44881e-17
      5027.54  2.40460e-16  8.11382e-18
      5030.28  2.46325e-16  8.23993e-18
      5033.03  1.98340e-16  7.63209e-18
      5035.77  2.38762e-16  7.84815e-18
      5038.52  2.55567e-16  8.21880e-18
      5041.26  2.03639e-16  7.86038e-18
      5044.01  2.07880e-16  8.04751e-18
      5046.75  1.56246e-16  1.21859e-17
      5049.50  1.96591e-16  8.44890e-18
      5052.24  2.10548e-16  7.80120e-18
      5054.99  2.22677e-16  7.85474e-18
      5057.73  2.19574e-16  7.96973e-18
      5060.48  2.07451e-16  7.78618e-18
      5063.22  1.88757e-16  7.40322e-18
      5065.97  2.01011e-16  7.58826e-18
      5068.71  1.92795e-16  7.42838e-18
      5071.46  1.77147e-16  7.69516e-18
      5074.20  1.81679e-16  2.18448e-17
      5076.94  1.86211e-16  7.52238e-18
      5079.69  1.90744e-16  3.61137e-17
      5082.43  1.95276e-16  8.87199e-18
      5085.18  1.84515e-16  7.39610e-18
      5087.92  1.81945e-16  7.47389e-18
      5090.67  1.85608e-16  7.42182e-18
      5093.41  2.06653e-16  8.78113e-18
      5096.16  2.00659e-16  7.56018e-18
      5098.90  1.51524e-16  8.19693e-18
      5101.65  1.93573e-16  8.40173e-18
      5104.39  2.18879e-16  8.01584e-18
      5107.14  2.05513e-16  7.61770e-18
      5109.88  1.84664e-16  7.11532e-18
      5112.62  1.97253e-16  7.37529e-18
      5115.37  1.95786e-16  7.37126e-18
      5118.11  1.86482e-16  7.43726e-18
      5120.86  2.30716e-16  9.21119e-18
      5123.60  1.83262e-16  7.47412e-18
      5126.35  2.18660e-16  7.57398e-18
      5129.09  2.17842e-16  8.65072e-18
      5131.83  2.12170e-16  8.53623e-18
      5134.58  2.06497e-16  9.61351e-18
      5137.32  2.00824e-16  7.81163e-18
      5140.07  1.95151e-16  7.42302e-18
      5142.81  1.85267e-16  7.31864e-18
      5145.55  1.83595e-16  7.66773e-18
      5148.30  1.81922e-16  1.80984e-17
      5151.04  1.80249e-16  7.84868e-18
      5153.79  1.75102e-16  3.45826e-17
      5156.53  1.70787e-16  9.23037e-18
      5159.27  1.66470e-16  7.13606e-18
      5162.02  1.62155e-16  7.87950e-18
      5164.76  1.48680e-16  6.82194e-18
      5167.51  1.47385e-16  7.01633e-18
      5170.25  1.46089e-16  1.36637e-17
      5172.99  1.44794e-16  7.16769e-18
      5175.74  1.43498e-16  1.24506e-17
      5178.48  1.39222e-16  7.01552e-18
      5181.23  1.35163e-16  6.58994e-18
      5183.97  1.31104e-16  6.90878e-18
      5186.71  1.43129e-16  7.57129e-18
      5189.46  1.41358e-16  7.78563e-18
      5192.20  1.32248e-16  6.58886e-18
      5194.94  1.30252e-16  6.60909e-18
      5197.69  1.65570e-16  7.24098e-18
      5200.43  1.46685e-16  6.87194e-18
      5203.17  1.27236e-16  6.76907e-18
      5205.92  1.34492e-16  2.75057e-17
      5208.66  1.41750e-16  6.83354e-18
      5211.40  1.68183e-16  8.66635e-18
      5214.15  1.48416e-16  7.56105e-18
      5216.89  1.50357e-16  1.46263e-17
      5219.64  1.52298e-16  9.33957e-18
      5222.38  1.54239e-16  2.03295e-17
      5225.12  1.56180e-16  7.08327e-18
      5227.87  1.58122e-16  7.11156e-18
      5230.61  1.44905e-16  7.38392e-18
      5233.35  1.71691e-16  7.41992e-18
      5236.09  1.71366e-16  7.39948e-18
      5238.84  1.73372e-16  7.34165e-18
      5241.58  1.75379e-16  7.44349e-18
      5244.32  1.77385e-16  7.22394e-18
      5247.07  1.79392e-16  1.33698e-17
      5249.81  1.81398e-16  1.74577e-17
      5252.55  1.83405e-16  7.08377e-18
      5255.30  1.85411e-16  7.31363e-18
      5258.04  1.79665e-16  7.34469e-18
      5260.78  1.75990e-16  1.30330e-17
      5263.52  1.72316e-16  7.23357e-18
      5266.27  1.95246e-16  7.53794e-18
      5269.01  1.74512e-16  7.35248e-18
      5271.75  1.58561e-16  6.86105e-18
      5274.50  1.72076e-16  7.72992e-18
      5277.24  1.38118e-16  7.82286e-18
      5279.98  1.72145e-16  7.23721e-18
      5282.72  1.74882e-16  7.90928e-18
      5285.47  1.71435e-16  7.23498e-18
      5288.21  1.67987e-16  1.48254e-17
      5290.95  1.64540e-16  6.85682e-18
      5293.69  1.61092e-16  9.48887e-18
      5296.44  1.57644e-16  6.97859e-18
      5299.18  1.54196e-16  7.50907e-18
      5301.92  1.57629e-16  7.42576e-18
      5304.67  1.61183e-16  8.58806e-18
      5307.41  1.64736e-16  1.31266e-17
      5310.15  1.68290e-16  7.73837e-18
      5312.89  1.56184e-16  1.31931e-17
      5315.63  1.44414e-16  7.61690e-18
      5318.38  1.49221e-16  6.97051e-18
      5321.12  1.44907e-16  7.03790e-18
      5323.86  1.47188e-16  7.10787e-18
      5326.60  1.28233e-16  7.31176e-18
      5329.35  1.77082e-16  7.83724e-18
      5332.09  1.38600e-16  8.21714e-18
      5334.83  1.41097e-16  8.11491e-18
      5337.57  1.43594e-16  2.21454e-17
      5340.31  1.46091e-16  7.69752e-18
      5343.06  1.47845e-16  7.05103e-18
      5345.80  1.46100e-16  7.67689e-18
      5348.54  1.44355e-16  3.02469e-17
      5351.28  1.42611e-16  7.75369e-18
      5354.02  1.40866e-16  8.08587e-18
      5356.77  1.39121e-16  9.47143e-18
      5359.51  1.35964e-16  9.30435e-18
      5362.25  1.79869e-16  7.63484e-18
      5364.99  1.80993e-16  7.45726e-18
      5367.73  1.39227e-16  7.89564e-18
      5370.47  1.42253e-16  1.16312e-17
      5373.22  1.45280e-16  8.59847e-18
      5375.96  1.48306e-16  1.36771e-17
      5378.70  1.51332e-16  7.61936e-18
      5381.44  1.54358e-16  8.12912e-18
      5384.18  1.56867e-16  1.34182e-17
      5386.92  1.57985e-16  7.52606e-18
      5389.67  1.59103e-16  7.27300e-18
      5392.41  1.60221e-16  7.93641e-18
      5395.15  1.61338e-16  9.38961e-18
      5397.89  1.62456e-16  2.90380e-17
      5400.63  1.63574e-16  8.08105e-18
      5403.37  1.64692e-16  8.62834e-18
      5406.11  1.65810e-16  8.08362e-18
      5408.85  1.66927e-16  7.94180e-18
      5411.60  1.71339e-16  7.54789e-18
      5414.34  1.75498e-16  2.17681e-17
      5417.08  1.79657e-16  5.70031e-17
      5419.82  1.83815e-16  1.34918e-17
      5422.56  1.87974e-16  1.24676e-17
      5425.30  1.92132e-16  1.99137e-17
      5428.04  1.96291e-16  7.85572e-18
      5430.78  2.00450e-16  9.05102e-18
      5433.52  2.04608e-16  2.84660e-17
      5436.27  2.08765e-16  8.33870e-18
      5439.01  2.12924e-16  2.21512e-17
      5441.75  2.17082e-16  8.79046e-18
      5444.49  1.81087e-16  9.88410e-18
      5447.23  1.91952e-16  7.87766e-18
      5449.97  2.19407e-16  7.93083e-18
      5452.71  2.20083e-16  7.85601e-18
      5455.45  2.15234e-16  8.27747e-18
      5458.19  2.12862e-16  7.93019e-18
      5460.93  2.39285e-16  8.19453e-18
      5463.67  2.16970e-16  8.18108e-18
      5466.41  2.13698e-16  8.19763e-18
      5469.15  2.10426e-16  1.76616e-17
      5471.90  2.07154e-16  8.39357e-18
      5474.64  2.03882e-16  1.92726e-17
      5477.38  2.00609e-16  7.76087e-18
      5480.12  2.27666e-16  7.97012e-18
      5482.86  1.79646e-16  8.81795e-18
      5485.60  2.93481e-16  1.02056e-17
      5488.34  2.10165e-16  8.47548e-18
      5491.08  2.29039e-16  9.36945e-18
      5493.82  2.04114e-16  7.94687e-18
      5496.56  2.01455e-16  7.97287e-18
      5499.30  2.03341e-16  7.68752e-18
      5502.04  2.21966e-16  8.24517e-18
      5504.78  2.02729e-16  8.19545e-18
      5507.52  2.21026e-16  8.70188e-18
      5510.26  2.08351e-16  8.41052e-18
      5513.00  2.01069e-16  1.93836e-17
      5515.74  1.93787e-16  7.98273e-18
      5518.48  2.18201e-16  8.79545e-18
      5521.22  2.14233e-16  7.86440e-18
      5523.96  2.15359e-16  8.50985e-18
      5526.70  1.97287e-16  8.93436e-18
      5529.44  2.00914e-16  9.14319e-18
      5532.18  2.19604e-16  8.99652e-18
      5534.92  2.11971e-16  7.82579e-18
      5537.66  2.19535e-16  8.35194e-18
      5540.40  2.27099e-16  1.50124e-17
      5543.14  2.34661e-16  8.15196e-18
      5545.88  2.42224e-16  1.06414e-17
      5548.61  1.63846e-16  9.80109e-18
      5551.35  2.72964e-16  1.15727e-17
      5554.09  2.30617e-16  8.07472e-18
      5556.83  2.29110e-16  8.86901e-18
      5559.57  2.05297e-16  8.08605e-18
      5562.31  2.02728e-16  8.11604e-18
      5565.05  2.09471e-16  8.52971e-18
      5567.79  2.09570e-16  8.00503e-18
      5570.53  2.29537e-16  8.21188e-18
      5573.27  2.08823e-16  8.35788e-18
      5576.01  1.65801e-16  9.42791e-18
      5578.75  1.74032e-16  7.87585e-18
      5581.49  2.11953e-16  8.26393e-18
      5584.22  1.94549e-16  7.97126e-18
      5586.96  1.63106e-16  7.45204e-18
      5589.70  1.61783e-16  2.53805e-17
      5592.44  1.60459e-16  1.34116e-17
      5595.18  1.59136e-16  7.69334e-18
      5597.92  1.57812e-16  7.79306e-18
      5600.66  1.56489e-16  8.14946e-18
      5603.40  1.55166e-16  7.71719e-18
      5606.14  1.57564e-16  8.12250e-18
      5608.87  1.31604e-16  7.64310e-18
      5611.61  1.53110e-16  7.70783e-18
      5614.35  1.36095e-16  7.49687e-18
      5617.09  1.19078e-16  1.90073e-17
      5619.83  1.02060e-16  9.55456e-18
      5622.57  1.25787e-16  7.23014e-18
      5625.31  1.43726e-16  7.95154e-18
      5628.04  1.43841e-16  9.32378e-18
      5630.78  1.43957e-16  7.81158e-18
      5633.52  1.44072e-16  1.38346e-17
      5636.26  1.44188e-16  7.68496e-18
      5639.00  1.44303e-16  7.57176e-18
      5641.74  1.28732e-16  7.10561e-18
      5644.47  1.19844e-16  7.28901e-18
      5647.21  1.20417e-16  7.50075e-18
      5649.95  1.57602e-16  9.55132e-18
      5652.69  1.31040e-16  6.98079e-18
      5655.43  1.24445e-16  7.21206e-18
      5658.16  1.28186e-16  7.68165e-18
      5660.90  1.31928e-16  1.36237e-17
      5663.64  1.35669e-16  7.46044e-18
      5666.38  1.19790e-16  7.09387e-18
      5669.12  1.40508e-16  7.59493e-18
      5671.85  1.27530e-16  7.62296e-18
      5674.59  1.13229e-16  7.31000e-18
      5677.33  1.50677e-16  8.52343e-18
      5680.07  1.31644e-16  1.24182e-17
      5682.81  1.28845e-16  3.01112e-17
      5685.54  1.26047e-16  7.19150e-18
      5688.28  1.23248e-16  8.27338e-18
      5691.02  1.20450e-16  1.79313e-17
      5693.76  1.17651e-16  7.96981e-18
      5696.49  1.14853e-16  7.93239e-18
      5699.23  1.54216e-16  7.56640e-18
      5701.97  1.51687e-16  7.35995e-18
      5704.71  2.16945e-16  1.38611e-17
