      2888.11 -2.61064e-14  6.56409e-15
      2890.85  1.31267e-15  2.30151e-15
      2893.60  3.03519e-15  1.82915e-15
      2896.34 -5.75210e-16  1.29712e-15
      2899.09  3.56334e-15  1.14016e-15
      2901.83  1.24478e-15  1.05845e-15
      2904.57 -1.92238e-15  8.75383e-16
      2907.32  6.50104e-16  7.87376e-16
      2910.06 -2.64378e-15  2.33921e-15
      2912.81 -3.53265e-16  6.30788e-16
      2915.55 -5.10659e-16  5.79343e-16
      2918.30  1.07290e-16  5.08482e-16
      2921.04  2.05180e-16  4.43749e-16
      2923.79 -1.25842e-15  5.23860e-16
      2926.53 -4.50362e-16  6.68195e-16
      2929.28 -3.62804e-16  3.82642e-16
      2932.02 -2.26616e-15  1.49854e-15
      2934.77  1.65981e-18  5.05100e-16
      2937.51  1.06322e-17  1.56974e-15
      2940.26  1.96053e-17  1.81870e-16
      2943.00 -9.55369e-17  1.87817e-16
      2945.75 -1.15497e-16  1.69051e-16
      2948.49 -1.35457e-16  1.73927e-16
      2951.24 -1.55418e-16  1.27408e-16
      2953.98 -1.75378e-16  1.10232e-16
      2956.73 -1.95340e-16  9.57805e-17
      2959.48 -1.53762e-16  2.40321e-16
      2962.22  2.29860e-16  8.46138e-17
      2964.97  1.36454e-17  7.95343e-17
      2967.71 -1.00936e-16  9.05648e-17
      2970.46  1.76498e-16  6.98763e-17
      2973.20  7.00429e-18  6.60708e-17
      2975.95  7.01107e-17  6.51044e-17
      2978.69  3.39221e-17  6.18074e-17
      2981.44  3.96026e-18  6.46772e-17
      2984.18 -1.92412e-17  8.22845e-17
      2986.93 -1.14276e-17  1.29667e-16
      2989.67  1.20862e-16  6.43592e-17
      2992.42  3.23164e-16  6.19607e-17
      2995.16  2.97458e-16  6.13718e-17
      2997.91  7.64518e-17  5.57754e-17
      3000.66  2.67099e-16  5.67958e-17
      3003.40 -7.17361e-17  5.53941e-17
      3006.15  2.48325e-17  1.40181e-16
      3008.89  1.76664e-16  5.53959e-17
      3011.64  6.06674e-17  5.63160e-17
      3014.38  9.68063e-17  5.61462e-17
      3017.13  9.98667e-17  2.86014e-16
      3019.88  1.02927e-16  5.01822e-17
      3022.62  1.05987e-16  4.91268e-17
      3025.37  1.19306e-16  5.08098e-17
      3028.11  9.02332e-17  4.77788e-17
      3030.86  9.31297e-17  4.72673e-17
      3033.60  1.40910e-16  4.87231e-17
      3036.35  6.22384e-17  4.67458e-17
      3039.10 -8.43885e-17  9.20844e-17
      3041.84  1.31800e-16  4.89067e-17
      3044.59  6.17423e-17  4.48125e-17
      3047.33  8.98925e-17  4.16066e-17
      3050.08  6.34666e-17  4.66963e-17
      3052.82  1.57105e-16  4.12447e-17
      3055.57  1.31373e-16  4.21968e-17
      3058.32  8.38605e-17  6.76687e-17
      3061.06  1.22516e-16  4.06973e-17
      3063.81  1.74407e-16  4.06939e-17
      3066.55  2.72759e-16  4.22599e-17
      3069.30  1.84530e-16  3.88013e-17
      3072.05 -7.36323e-17  5.36601e-17
      3074.79  1.56184e-16  3.78187e-17
      3077.54  1.26799e-16  4.13756e-17
      3080.28  1.65467e-16  4.83561e-17
      3083.03  2.29104e-16  1.21380e-16
      3085.78  1.34200e-16  3.73249e-17
      3088.52  5.06360e-17  6.78160e-17
      3091.27  6.20937e-17  4.75598e-17
      3094.02  3.98009e-17  8.27796e-17
      3096.76 -1.02345e-16  9.79373e-17
      3099.51 -3.48606e-17  3.71118e-17
      3102.25  3.26182e-17  3.54852e-17
      3105.00  1.00103e-16  5.00020e-17
      3107.75  1.67588e-16  3.73153e-17
      3110.49  2.00447e-16  3.87151e-17
      3113.24  7.35287e-17  3.71493e-17
      3115.99  1.21950e-16  1.02507e-16
      3118.73  5.90732e-17  3.56823e-17
      3121.48  1.53750e-16  3.85943e-17
      3124.22  1.91841e-16  3.84071e-17
      3126.97  2.21956e-17  4.47007e-17
      3129.72  2.25792e-17  3.71769e-17
      3132.46  1.84353e-16  3.41042e-17
      3135.21  2.49082e-16  5.50253e-17
      3137.96  2.28155e-16  4.19600e-17
      3140.70  2.07226e-16  2.92565e-16
      3143.45  1.86299e-16  6.26242e-17
      3146.20  1.65370e-16  3.94880e-17
      3148.94  1.44441e-16  4.98619e-17
      3151.69  1.25771e-16  3.74722e-17
      3154.44  1.19470e-16  5.55119e-17
      3157.18  1.13170e-16  3.44616e-17
      3159.93  1.06869e-16  5.29237e-17
      3162.68  1.00568e-16  8.53061e-17
      3165.42  9.42678e-17  3.26462e-17
      3168.17  8.79665e-17  3.56695e-17
      3170.92  8.16659e-17  3.27610e-17
      3173.66  7.53652e-17  4.93789e-17
      3176.41  6.90640e-17  3.49887e-17
      3179.16  6.27633e-17  4.32377e-17
      3181.90  7.19906e-17  3.14748e-17
      3184.65  9.31112e-17  3.17461e-17
      3187.40  1.14234e-16  7.26293e-17
      3190.14  1.35356e-16  3.00763e-17
      3192.89  1.56476e-16  2.96237e-17
      3195.64  7.77984e-17  2.97746e-17
      3198.38  1.52852e-16  3.08130e-17
      3201.13  1.34458e-16  2.90094e-17
      3203.88  7.49721e-17  2.72853e-17
      3206.62  1.27533e-16  2.86094e-17
      3209.37  6.28888e-17  6.24742e-17
      3212.12  1.33659e-16  3.03503e-17
      3214.86  1.00333e-16  4.20096e-17
      3217.61  1.01865e-16  2.82218e-17
      3220.36  7.04464e-17  2.73081e-17
      3223.10  1.22131e-16  2.68209e-17
      3225.85  1.55340e-16  2.81825e-17
      3228.60  1.48334e-16  2.62016e-17
      3231.35  1.41327e-16  2.59044e-17
      3234.09  1.34320e-16  2.74025e-17
      3236.84  1.27313e-16  2.77478e-17
      3239.59  1.20306e-16  7.85507e-17
      3242.33  1.13299e-16  2.80701e-17
      3245.08  1.33919e-16  2.75946e-17
      3247.83  9.37481e-17  2.98920e-17
      3250.57  1.29898e-16  3.74043e-17
      3253.32  1.70494e-16  3.11715e-17
      3256.07  6.51027e-17  4.59483e-17
      3258.82  9.69019e-17  2.79927e-17
      3261.56  1.15491e-16  2.44000e-17
      3264.31  5.22252e-17  2.60113e-17
      3267.06  1.33719e-16  2.83704e-17
      3269.80  1.26656e-16  2.47519e-17
      3272.55  1.27093e-16  3.67358e-17
      3275.30  9.24456e-17  3.83294e-17
      3278.05  1.10867e-16  2.44262e-17
      3280.79  1.29290e-16  2.82711e-17
      3283.54  1.47713e-16  3.37028e-17
      3286.29  1.66136e-16  3.40821e-17
      3289.04  1.88758e-16  2.81852e-17
      3291.78  1.91956e-16  2.64988e-17
      3294.53  1.44031e-16  3.13292e-17
      3297.28  1.63779e-16  2.52338e-17
      3300.02  1.57468e-16  2.54933e-17
      3302.77  1.67683e-16  2.87642e-17
      3305.52  1.64414e-16  2.76674e-17
      3308.27  1.08475e-16  2.61882e-17
      3311.01  1.30262e-16  2.64101e-17
      3313.76  1.56642e-16  3.04823e-17
      3316.51  1.44099e-16  2.34813e-17
      3319.26  1.49332e-16  2.38491e-17
      3322.00  1.39183e-16  2.37374e-17
      3324.75  1.62671e-16  4.45580e-17
      3327.50  1.86157e-16  2.53277e-17
      3330.25  1.45445e-16  4.06598e-17
      3332.99  1.84553e-16  3.09706e-17
      3335.74  1.52223e-16  2.65672e-17
      3338.49  1.73411e-16  2.61778e-17
      3341.24  1.18253e-16  2.41682e-17
      3343.98  1.14482e-16  2.44388e-17
      3346.73  1.26591e-16  3.08436e-17
      3349.48  1.38699e-16  2.62950e-16
      3352.23  1.50807e-16  2.22795e-17
      3354.97  1.70338e-16  2.33517e-17
      3357.72  2.55717e-16  5.62307e-17
      3360.47  1.36774e-16  2.34717e-17
      3363.22  1.67341e-16  3.98835e-17
      3365.96  1.61281e-16  2.27362e-17
      3368.71  1.66623e-16  2.18313e-17
      3371.46  1.89007e-16  2.27848e-17
      3374.21  1.97680e-16  2.20956e-17
      3376.96  1.56513e-16  2.30744e-17
      3379.70  1.20711e-16  2.25671e-17
      3382.45  1.86206e-16  2.22766e-17
      3385.20  1.79215e-16  2.35755e-17
      3387.95  1.67816e-16  2.90849e-17
      3390.69  1.56417e-16  6.38487e-16
      3393.44  1.45020e-16  2.91472e-17
      3396.19  1.37145e-16  4.16767e-17
      3398.94  1.06595e-16  3.68530e-17
      3401.68  1.33989e-16  2.11924e-17
      3404.43  1.09932e-16  1.98743e-17
      3407.18  1.36300e-16  2.06621e-17
      3409.93  1.44842e-16  2.65751e-17
      3412.68  6.68900e-17  6.47615e-17
      3415.42  1.71302e-16  2.13727e-17
      3418.17  1.40511e-16  2.68179e-17
      3420.92  4.96339e-17  5.80043e-17
      3423.67  7.63926e-18  2.71125e-17
      3426.42  1.00498e-16  2.11011e-17
      3429.16  1.10584e-16  2.25739e-17
      3431.91  1.20671e-16  3.31292e-17
      3434.66  1.30758e-16  3.02492e-17
      3437.41  1.40845e-16  4.65943e-17
      3440.15  1.50932e-16  2.10894e-17
      3442.90  1.61019e-16  2.12584e-17
      3445.65  1.70910e-16  2.11734e-17
      3448.40  1.71414e-16  2.15401e-17
      3451.15  1.71918e-16  4.83782e-17
      3453.89  1.72422e-16  2.13039e-17
      3456.64  1.72926e-16  2.04602e-17
      3459.39  1.73431e-16  2.01070e-17
      3462.14  1.73935e-16  2.06254e-17
      3464.89  1.72265e-16  2.00771e-17
      3467.63  1.82366e-16  2.01570e-17
      3470.38  1.43620e-16  2.08830e-17
      3473.13  1.50718e-16  2.11598e-17
      3475.88  1.69971e-16  2.08220e-17
      3478.63  1.40380e-16  2.00805e-17
      3481.37  1.41651e-16  1.90882e-17
      3484.12  2.05473e-16  1.98459e-17
      3486.87  1.08767e-16  1.90805e-17
      3489.62  1.75152e-16  2.00143e-17
      3492.37  1.67347e-16  6.76405e-17
      3495.11  1.61479e-16  1.96218e-17
      3497.86  1.78158e-16  2.83216e-17
      3500.61  1.53646e-16  2.04666e-17
      3503.36  2.16718e-16  1.94394e-17
      3506.11  1.63901e-16  2.60663e-17
      3508.86  1.72450e-16  1.87626e-17
      3511.60  1.75811e-16  1.99855e-17
      3514.35  1.77729e-16  2.00831e-17
      3517.10  1.79646e-16  2.66236e-17
      3519.85  1.81564e-16  1.86073e-17
      3522.60  1.83481e-16  1.91846e-17
      3525.34  1.85399e-16  2.02543e-17
      3528.09  1.87316e-16  2.37529e-17
      3530.84  1.89233e-16  2.04476e-17
      3533.59  1.91151e-16  1.88872e-17
      3536.34  1.93068e-16  4.48803e-17
      3539.09  1.94986e-16  1.87676e-17
      3541.83  1.96903e-16  1.89953e-17
      3544.58  1.98821e-16  1.93311e-17
      3547.33  2.00738e-16  2.92919e-17
      3550.08  2.02655e-16  1.85175e-17
      3552.83  2.05899e-16  1.88272e-17
      3555.58  2.09188e-16  3.08575e-17
      3558.32  2.12477e-16  1.88221e-17
      3561.07  2.15767e-16  1.88176e-17
      3563.82  2.19056e-16  2.41361e-17
      3566.57  2.22345e-16  2.00346e-17
      3569.32  2.06264e-16  1.88095e-17
      3572.06  1.86653e-16  1.84483e-17
      3574.81  1.80969e-16  2.42107e-17
      3577.56  1.54940e-16  1.99861e-17
      3580.31  2.26305e-16  1.95440e-17
      3583.06  1.97905e-16  2.36982e-17
      3585.81  2.26788e-16  2.34129e-17
      3588.56  1.74217e-16  1.83979e-17
      3591.30  2.19413e-16  1.88322e-17
      3594.05  2.51201e-16  2.00592e-17
      3596.80  2.45763e-16  1.88239e-17
      3599.55  2.40326e-16  1.84160e-17
      3602.30  2.34889e-16  2.13953e-17
      3605.05  2.29452e-16  3.46692e-17
      3607.79  2.24015e-16  2.42484e-17
      3610.54  2.18578e-16  4.24939e-17
      3613.29  2.13141e-16  3.07066e-17
      3616.04  2.59576e-16  2.92225e-17
      3618.79  2.61737e-16  2.02429e-17
      3621.54  2.74331e-16  1.90610e-17
      3624.28  2.24590e-16  2.53243e-17
      3627.03  2.31353e-16  2.55941e-17
      3629.78  2.55944e-16  1.92446e-17
      3632.53  2.63962e-16  5.67566e-17
      3635.28  2.71980e-16  1.91750e-17
      3638.03  2.79997e-16  1.94905e-17
      3640.77  2.88015e-16  1.97986e-17
      3643.52  2.96033e-16  2.09363e-17
      3646.27  2.67620e-16  1.87026e-17
      3649.02  2.77028e-16  1.78321e-17
      3651.77  2.86438e-16  1.89075e-17
      3654.52  2.95848e-16  3.85911e-17
      3657.27  3.05396e-16  1.86567e-17
      3660.01  3.07124e-16  2.26803e-17
      3662.76  3.08852e-16  1.80957e-17
      3665.51  3.10580e-16  2.63381e-17
      3668.26  3.12308e-16  1.78927e-17
      3671.01  3.14036e-16  1.92366e-17
      3673.76  3.15764e-16  4.83680e-17
      3676.51  3.17492e-16  5.34735e-17
      3679.25  3.19220e-16  1.89554e-17
      3682.00  3.20948e-16  1.96340e-17
      3684.75  3.26668e-16  2.93720e-17
      3687.50  3.31633e-16  1.88836e-17
      3690.25  3.86965e-16  1.96283e-17
      3693.00  3.77543e-16  1.90746e-17
      3695.75  3.79629e-16  1.93726e-17
      3698.49  3.81716e-16  2.94852e-17
      3701.24  3.83802e-16  1.98242e-16
      3703.99  3.85888e-16  2.74502e-17
      3706.74  3.87974e-16  3.00194e-17
      3709.49  3.90061e-16  1.86399e-17
      3712.24  3.92147e-16  1.82600e-17
      3714.99  3.94233e-16  1.87361e-17
      3717.73  4.18571e-16  1.87184e-17
      3720.48  4.33674e-16  2.06344e-17
      3723.23  4.03355e-16  1.95872e-17
      3725.98  3.90815e-16  2.27822e-17
      3728.73  4.36610e-16  2.06615e-17
      3731.48  3.92177e-16  2.35573e-17
      3734.23  4.19353e-16  2.86011e-17
      3736.97  4.40424e-16  1.83374e-17
      3739.72  4.77870e-16  2.21076e-17
      3742.47  4.39960e-16  1.98517e-17
      3745.22  4.62845e-16  1.93756e-17
      3747.97  4.69771e-16  1.88515e-17
      3750.72  4.67456e-16  1.90467e-17
      3753.47  4.26944e-16  3.90493e-17
      3756.21  3.90554e-16  5.00170e-17
      3758.96  4.52445e-16  1.79520e-17
      3761.71  3.61142e-16  3.93315e-17
      3764.46  4.57649e-16  1.79751e-17
      3767.21  4.21473e-16  2.41799e-17
      3769.96  4.36397e-16  1.94424e-17
      3772.71  4.51323e-16  1.92352e-17
      3775.45  4.66247e-16  2.01211e-17
      3778.20  4.74336e-16  1.81030e-17
      3780.95  4.66188e-16  2.52527e-17
      3783.70  4.69967e-16  1.79563e-17
      3786.45  4.66870e-16  1.87478e-17
      3789.20  4.41969e-16  2.85983e-17
      3791.95  4.80205e-16  1.80706e-17
      3794.70  4.66083e-16  2.69862e-17
      3797.44  4.47205e-16  1.89494e-17
      3800.19  4.50359e-16  1.79406e-17
      3802.94  4.48297e-16  2.01015e-17
      3805.69  4.40755e-16  1.67717e-17
      3808.44  4.15983e-16  1.71317e-17
      3811.19  4.52361e-16  2.00866e-17
      3813.94  4.13038e-16  1.63342e-17
      3816.68  4.45858e-16  1.67619e-17
      3819.43  4.82244e-16  1.70747e-17
      3822.18  4.19832e-16  1.64451e-17
      3824.93  4.45663e-16  1.61515e-17
      3827.68  4.22419e-16  1.66097e-17
      3830.43  4.42453e-16  1.68181e-17
      3833.18  3.59977e-16  1.62174e-17
      3835.93  3.88674e-16  1.54686e-17
      3838.67  4.23230e-16  1.61652e-17
      3841.42  4.16913e-16  1.55467e-17
      3844.17  3.86083e-16  1.54791e-17
      3846.92  3.86670e-16  1.58612e-17
      3849.67  3.86809e-16  1.58323e-17
      3852.42  3.85191e-16  5.11227e-17
      3855.17  3.83572e-16  1.52800e-17
      3857.91  3.81953e-16  1.54603e-17
      3860.66  3.61270e-16  1.95806e-17
      3863.41  3.66211e-16  1.51207e-17
      3866.16  2.89221e-16  4.60414e-17
      3868.91  3.73178e-16  1.50593e-17
      3871.66  3.74981e-16  5.21101e-17
      3874.41  3.06635e-16  1.42156e-17
      3877.16  2.96223e-16  1.42080e-17
      3879.90  3.21935e-16  1.37038e-17
      3882.65  3.01037e-16  1.34630e-17
      3885.40  2.58479e-16  1.39586e-17
      3888.15  2.59999e-16  1.34542e-17
      3890.90  3.15768e-16  1.43857e-17
      3893.65  2.46039e-16  1.28593e-17
      3896.40  2.38084e-16  1.25343e-17
      3899.14  2.54509e-16  1.34469e-17
      3901.89  2.40769e-16  1.23645e-17
      3904.64  2.12518e-16  1.19014e-17
      3907.39  2.22392e-16  1.25667e-17
      3910.14  1.91376e-16  1.21344e-17
      3912.89  1.96986e-16  1.20945e-17
      3915.64  1.91116e-16  1.20290e-17
      3918.38  1.67772e-16  2.23654e-17
      3921.13  2.30217e-16  1.28614e-17
      3923.88  2.29229e-16  1.55065e-17
      3926.63  1.86526e-16  1.17202e-17
      3929.38  1.86147e-16  1.43282e-17
      3932.13  1.62805e-16  1.12504e-17
      3934.88  1.96578e-16  1.18686e-17
      3937.63  1.51894e-16  1.14214e-17
      3940.37  1.71297e-16  1.12066e-17
      3943.12  1.70067e-16  1.14268e-17
      3945.87  2.02093e-16  1.11326e-17
      3948.62  1.79210e-16  1.09149e-17
      3951.37  1.46516e-16  2.54258e-17
      3954.12  1.86951e-16  1.11042e-17
      3956.87  1.68350e-16  1.10487e-17
      3959.61  2.20170e-16  1.14975e-17
      3962.36  2.14747e-16  1.13653e-17
      3965.11  1.87000e-16  1.08372e-17
      3967.86  1.88650e-16  1.10594e-17
      3970.61  2.03003e-16  1.37516e-17
      3973.36  2.07649e-16  1.67930e-17
      3976.11  1.93319e-16  2.88337e-17
      3978.85  1.94171e-16  1.12305e-17
      3981.60  2.16757e-16  1.12764e-17
      3984.35  2.06170e-16  4.79162e-17
      3987.10  2.18418e-16  1.16154e-17
      3989.85  1.92861e-16  1.16451e-17
      3992.60  2.15885e-16  1.92942e-17
      3995.35  2.21061e-16  1.25664e-17
      3998.09  2.26236e-16  1.64250e-17
      4000.84  2.20850e-16  1.15826e-17
      4003.59  2.37541e-16  1.13622e-17
      4006.34  2.66543e-16  1.19081e-17
      4009.09  2.02014e-16  1.16176e-17
      4011.84  2.19421e-16  2.23205e-17
      4014.59  2.24054e-16  1.45624e-17
      4017.33  2.31845e-16  1.37784e-17
      4020.08  2.59619e-16  1.17647e-17
      4022.83  2.34428e-16  1.09795e-17
      4025.58  2.59264e-16  1.15269e-17
      4028.33  2.92855e-16  4.17371e-17
      4031.08  2.61952e-16  1.22990e-17
      4033.83  2.66491e-16  1.18019e-17
      4036.57  2.73434e-16  1.24787e-17
      4039.32  2.99876e-16  1.32334e-17
      4042.07  3.18603e-16  1.34115e-17
      4044.82  2.83313e-16  2.12498e-17
      4047.57  3.14292e-16  1.48861e-17
      4050.32  3.19592e-16  4.33270e-17
      4053.07  3.24892e-16  2.11564e-17
      4055.81  3.65250e-16  1.21269e-17
      4058.56  3.55349e-16  1.62744e-17
      4061.31  3.43996e-16  1.24022e-17
      4064.06  4.21663e-16  1.83921e-17
      4066.81  3.81854e-16  1.23422e-17
      4069.56  3.96750e-16  1.26250e-17
      4072.31  4.37615e-16  1.36458e-17
      4075.05  4.43930e-16  1.26901e-17
      4077.80  4.82668e-16  1.29736e-17
      4080.55  5.18836e-16  1.40788e-17
      4083.30  5.60582e-16  1.38729e-17
      4086.05  5.11392e-16  3.02980e-17
      4088.80  5.22649e-16  1.42943e-17
      4091.54  5.68785e-16  1.38818e-17
      4094.29  5.71790e-16  2.05757e-17
      4097.04  5.14535e-16  2.30770e-17
      4099.79  5.51554e-16  1.49057e-17
      4102.54  5.95342e-16  1.39372e-17
      4105.29  5.59175e-16  1.55979e-17
      4108.04  5.51808e-16  1.72079e-17
      4110.78  5.84176e-16  1.44024e-17
      4113.53  6.13397e-16  1.46692e-17
      4116.28  6.10174e-16  1.55341e-17
      4119.03  6.38953e-16  1.90198e-17
      4121.78  6.39354e-16  1.42294e-17
      4124.53  6.39756e-16  2.08899e-17
      4127.27  6.40158e-16  1.62336e-17
      4130.02  6.40560e-16  1.49525e-17
      4132.77  6.40962e-16  1.39469e-17
      4135.52  6.41364e-16  1.58989e-17
      4138.27  6.41766e-16  1.96133e-17
      4141.02  6.42168e-16  1.51417e-17
      4143.76  6.02294e-16  1.62791e-17
      4146.51  6.10333e-16  1.57505e-17
      4149.26  6.52095e-16  1.92253e-17
      4152.01  5.77258e-16  1.70690e-17
      4154.76  5.72121e-16  1.67469e-17
      4157.51  6.21159e-16  1.70198e-17
      4160.25  5.87150e-16  2.03694e-17
      4163.00  6.23229e-16  1.71302e-17
      4165.75  5.85869e-16  1.99184e-17
      4168.50  5.80162e-16  1.71176e-17
      4171.25  6.15714e-16  1.67718e-17
      4174.00  5.79123e-16  1.46573e-17
      4176.74  5.87623e-16  1.75665e-17
      4179.49  5.91061e-16  2.08528e-17
      4182.24  5.27884e-16  1.41110e-17
      4184.99  5.29753e-16  1.60014e-17
      4187.74  5.63774e-16  1.35306e-17
      4190.48  5.75822e-16  1.51561e-17
      4193.23  5.31910e-16  1.30726e-17
      4195.98  5.13653e-16  1.37272e-17
      4198.73  5.09300e-16  1.48352e-17
      4201.48  5.07422e-16  1.36599e-17
      4204.23  5.10666e-16  1.45758e-17
      4206.97  5.16102e-16  1.75282e-17
      4209.72  4.73824e-16  1.61109e-17
      4212.47  4.64023e-16  2.50713e-17
      4215.22  4.54565e-16  1.61070e-17
      4217.97  4.63574e-16  1.40313e-17
      4220.71  4.84492e-16  1.73656e-17
      4223.46  4.41405e-16  1.28444e-17
      4226.21  4.65347e-16  1.25649e-17
      4228.96  4.55444e-16  1.31623e-17
      4231.71  4.33622e-16  1.34646e-17
      4234.45  4.54770e-16  1.28309e-17
      4237.20  4.28635e-16  1.29789e-17
      4239.95  4.41017e-16  1.31381e-17
      4242.70  4.56061e-16  1.21473e-17
      4245.45  4.59183e-16  1.65854e-17
      4248.19  5.13314e-16  1.25143e-17
      4250.94  4.77051e-16  1.23835e-17
      4253.69  5.12881e-16  1.27885e-17
      4256.44  4.89239e-16  1.23927e-17
      4259.19  4.68418e-16  1.34051e-17
      4261.93  4.86677e-16  1.29213e-17
      4264.68  5.41319e-16  1.73143e-17
      4267.43  5.32351e-16  1.26804e-17
      4270.18  5.24207e-16  1.31859e-17
      4272.93  4.51988e-16  1.49603e-17
      4275.67  5.04189e-16  1.47464e-17
      4278.42  5.46203e-16  1.24882e-17
      4281.17  5.01812e-16  1.45880e-17
      4283.92  5.56489e-16  1.28598e-17
      4286.67  5.25089e-16  1.49663e-17
      4289.41  5.19382e-16  1.47370e-17
      4292.16  5.23239e-16  1.49553e-17
      4294.91  5.36769e-16  1.23883e-17
      4297.66  4.98525e-16  1.50701e-17
      4300.41  5.02979e-16  1.47546e-17
      4303.15  5.73823e-16  1.27450e-17
      4305.90  5.39640e-16  1.49493e-17
      4308.65  5.98328e-16  1.27501e-17
      4311.40  5.47728e-16  1.33361e-17
      4314.14  5.92549e-16  1.39032e-17
      4316.89  5.82032e-16  1.36243e-17
      4319.64  6.13747e-16  3.71981e-17
      4322.39  5.49698e-16  1.32702e-17
      4325.14  5.76700e-16  1.47018e-17
      4327.88  5.66517e-16  1.33169e-17
      4330.63  5.87766e-16  1.30798e-17
      4333.38  5.37737e-16  1.36515e-17
      4336.13  5.66914e-16  1.33686e-17
      4338.87  5.97198e-16  2.25105e-17
      4341.62  5.48549e-16  1.50652e-17
      4344.37  5.43348e-16  1.46655e-17
      4347.12  5.52084e-16  1.58484e-17
      4349.86  5.56667e-16  1.75014e-17
      4352.61  5.60594e-16  1.42989e-17
      4355.36  5.84719e-16  1.30378e-17
      4358.11  5.53134e-16  1.62777e-17
      4360.86  5.47317e-16  1.60531e-17
      4363.60  5.23981e-16  1.79178e-17
      4366.35  5.06349e-16  1.40793e-17
      4369.10  5.05284e-16  1.36937e-17
      4371.85  5.02826e-16  1.21966e-17
      4374.59  5.01287e-16  1.37398e-17
      4377.34  5.63358e-16  1.41727e-17
      4380.09  5.58138e-16  1.30531e-17
      4382.84  5.36538e-16  2.00812e-17
      4385.58  5.28014e-16  1.21780e-17
      4388.33  5.50619e-16  1.21191e-17
      4391.08  5.28422e-16  1.24272e-17
      4393.83  4.93127e-16  1.36440e-17
      4396.57  5.09473e-16  1.43910e-17
      4399.32  5.21252e-16  1.42143e-17
      4402.07  5.09498e-16  1.46989e-17
      4404.82  5.53584e-16  1.23428e-17
      4407.56  5.20938e-16  1.44961e-17
      4410.31  5.17926e-16  1.42919e-17
      4413.06  5.37079e-16  1.25651e-17
      4415.80  5.25196e-16  1.29113e-17
      4418.55  5.62999e-16  1.28505e-17
      4421.30  5.24234e-16  1.60356e-17
      4424.05  5.39412e-16  1.61876e-17
      4426.79  5.33818e-16  1.70355e-17
      4429.54  5.76159e-16  1.45548e-17
      4432.29  5.15119e-16  2.28572e-17
      4435.04  4.67811e-16  2.21699e-17
      4437.78  5.20684e-16  1.35543e-17
      4440.53  5.03347e-16  1.21311e-17
      4443.28  4.81876e-16  1.20141e-17
      4446.02  4.96858e-16  1.23089e-17
      4448.77  4.83283e-16  1.12669e-17
      4451.52  4.62071e-16  1.25694e-17
      4454.27  4.49568e-16  1.14801e-17
      4457.01  4.73709e-16  1.16315e-17
      4459.76  4.55468e-16  2.37598e-17
      4462.51  4.63129e-16  1.11894e-17
      4465.25  4.45159e-16  1.12468e-17
      4468.00  4.55079e-16  1.16639e-17
      4470.75  4.63690e-16  1.60650e-17
      4473.50  4.32658e-16  1.24092e-17
      4476.24  4.15744e-16  1.34682e-17
      4478.99  4.49490e-16  1.08113e-17
      4481.74  4.12572e-16  1.06442e-17
      4484.48  4.08521e-16  1.06566e-17
      4487.23  4.20328e-16  1.06197e-17
      4489.98  4.01701e-16  1.06258e-17
      4492.73  3.65134e-16  1.08979e-17
      4495.47  4.01792e-16  1.05690e-17
      4498.22  3.81908e-16  1.13209e-17
      4500.97  3.96847e-16  1.02692e-17
      4503.71  3.72528e-16  1.47319e-17
      4506.46  3.94901e-16  3.09232e-17
      4509.21  3.82039e-16  1.03921e-17
      4511.95  4.00934e-16  1.07384e-17
      4514.70  3.33646e-16  1.12699e-17
      4517.45  3.80212e-16  1.16478e-17
      4520.19  3.15915e-16  1.16207e-17
      4522.94  3.35869e-16  1.01226e-17
      4525.69  3.19769e-16  9.75464e-18
      4528.43  3.19719e-16  9.70323e-18
      4531.18  3.16423e-16  9.93484e-18
      4533.93  3.34263e-16  9.95033e-18
      4536.67  3.06169e-16  1.10364e-17
      4539.42  3.14597e-16  9.68349e-18
      4542.17  2.66948e-16  1.35921e-17
      4544.92  3.31256e-16  1.36281e-17
      4547.66  3.07500e-16  1.28903e-17
      4550.41  3.01670e-16  1.09229e-17
      4553.15  3.10853e-16  1.06765e-17
      4555.90  2.59069e-16  1.64114e-17
      4558.65  3.14746e-16  9.45079e-18
      4561.39  2.80560e-16  9.52234e-18
      4564.14  2.97076e-16  1.02802e-17
      4566.89  2.78583e-16  9.75388e-18
      4569.63  2.96880e-16  9.66695e-18
      4572.38  3.30286e-16  1.11341e-17
      4575.13  3.08320e-16  9.37898e-18
      4577.87  2.99989e-16  9.77864e-18
      4580.62  2.77669e-16  1.23296e-17
      4583.37  3.01221e-16  1.02031e-17
      4586.11  3.04215e-16  9.75564e-18
      4588.86  2.91324e-16  1.09207e-17
      4591.61  2.88864e-16  1.06942e-17
      4594.35  2.70280e-16  1.04320e-17
      4597.10  2.97408e-16  9.94572e-18
      4599.85  3.02881e-16  9.82811e-18
      4602.59  3.03980e-16  9.84146e-18
      4605.34  3.25722e-16  9.64044e-18
      4608.08  3.06307e-16  9.44931e-18
      4610.83  3.17662e-16  9.62464e-18
      4613.58  3.08582e-16  9.66985e-18
      4616.32  3.17611e-16  9.51459e-18
      4619.07  2.84764e-16  1.20663e-17
      4621.82  3.27137e-16  1.00321e-17
      4624.56  2.99776e-16  1.01453e-17
      4627.31  3.14666e-16  1.19041e-17
      4630.05  3.15706e-16  1.29214e-17
      4632.80  3.20025e-16  9.51941e-18
      4635.55  3.39335e-16  9.90793e-18
      4638.29  3.29235e-16  1.00070e-17
      4641.04  3.15456e-16  9.53135e-18
      4643.78  3.52785e-16  9.94889e-18
      4646.53  3.30016e-16  9.61012e-18
      4649.28  3.25976e-16  9.58188e-18
      4652.02  3.37853e-16  9.81733e-18
      4654.77  3.38856e-16  9.75906e-18
      4657.51  3.37994e-16  1.04970e-17
      4660.26  3.48105e-16  1.00925e-17
      4663.01  3.55576e-16  1.03325e-17
      4665.75  3.68686e-16  4.49115e-17
      4668.50  3.45324e-16  9.83604e-18
      4671.24  3.41135e-16  9.82236e-18
      4673.99  3.21172e-16  1.02798e-17
      4676.74  3.50873e-16  1.00543e-17
      4679.48  3.31842e-16  9.85330e-18
      4682.23  3.70011e-16  1.00517e-17
      4684.97  3.55545e-16  1.12946e-17
      4687.72  3.52608e-16  1.29240e-17
      4690.46  3.68918e-16  1.23555e-17
      4693.21  3.60309e-16  1.00552e-17
      4695.96  3.80899e-16  1.01304e-17
      4698.70  3.58451e-16  1.06006e-17
      4701.45  3.93021e-16  1.08838e-17
      4704.19  3.77547e-16  1.05018e-17
      4706.94  3.74556e-16  1.05828e-17
      4709.68  3.62934e-16  1.04709e-17
      4712.43  4.21731e-16  1.06369e-17
      4715.18  3.88299e-16  1.03086e-17
      4717.92  3.90856e-16  1.08724e-17
      4720.67  3.80480e-16  1.59053e-17
      4723.41  4.15276e-16  1.15381e-17
      4726.16  4.08489e-16  1.08139e-17
      4728.90  4.50449e-16  1.15733e-17
      4731.65  4.19308e-16  1.87079e-17
      4734.39  4.12429e-16  1.45007e-17
      4737.14  4.53630e-16  1.26063e-17
      4739.88  4.71586e-16  1.27845e-17
      4742.63  4.77094e-16  1.18301e-17
      4745.38  4.80056e-16  1.09874e-17
      4748.12  4.91809e-16  1.11390e-17
      4750.87  5.01818e-16  1.14011e-17
      4753.61  4.97465e-16  1.28072e-17
      4756.36  4.87608e-16  1.21291e-17
      4759.10  4.91640e-16  1.14637e-17
      4761.85  4.89811e-16  1.14854e-17
      4764.59  4.87981e-16  1.16751e-17
      4767.34  4.86152e-16  1.41930e-17
      4770.08  4.84322e-16  1.36713e-17
      4772.83  4.79726e-16  1.24858e-17
      4775.57  4.78408e-16  1.28461e-17
      4778.32  4.77090e-16  6.39898e-17
      4781.06  4.75772e-16  1.14777e-17
      4783.81  4.74453e-16  1.22313e-17
      4786.55  4.73135e-16  1.27129e-17
      4789.30  4.90056e-16  1.26783e-17
      4792.04  5.02821e-16  1.13222e-17
      4794.79  4.90266e-16  1.62714e-17
      4797.53  4.77169e-16  1.14916e-17
      4800.28  4.70719e-16  1.19701e-17
      4803.02  4.90098e-16  1.11483e-17
      4805.77  4.88105e-16  1.09477e-17
      4808.51  5.16461e-16  1.60552e-17
      4811.26  4.78945e-16  1.09555e-17
      4814.00  4.81422e-16  1.14730e-17
      4816.75  4.53938e-16  1.71439e-17
      4819.49  4.70782e-16  1.41909e-17
      4822.24  5.08773e-16  1.38571e-17
      4824.98  4.62356e-16  1.47202e-17
      4827.73  4.47679e-16  1.11554e-17
      4830.47  4.92831e-16  1.13077e-17
      4833.21  4.66341e-16  1.09720e-17
      4835.96  5.02647e-16  1.13260e-17
      4838.70  4.70408e-16  1.09844e-17
      4841.45  4.20277e-16  2.14143e-17
      4844.19  4.78073e-16  1.24979e-17
      4846.94  4.81240e-16  1.24005e-17
      4849.68  4.95727e-16  1.34382e-17
      4852.43  4.83089e-16  1.17448e-17
      4855.17  4.72264e-16  1.12242e-17
      4857.92  4.84197e-16  1.13577e-17
      4860.66  4.81043e-16  1.09146e-17
      4863.40  4.60451e-16  1.39888e-17
      4866.15  4.78731e-16  1.21194e-17
      4868.89  4.77012e-16  1.08505e-17
      4871.64  4.55400e-16  1.08783e-17
      4874.38  4.61858e-16  1.12156e-17
      4877.13  4.88758e-16  1.20361e-17
      4879.87  4.67775e-16  1.13152e-17
      4882.61  4.57836e-16  1.07067e-17
      4885.36  4.52083e-16  1.05526e-17
      4888.10  4.36117e-16  1.04054e-17
      4890.85  4.37435e-16  1.06751e-17
      4893.59  4.34725e-16  1.08870e-17
      4896.34  4.73317e-16  1.11311e-17
      4899.08  4.13965e-16  1.07749e-17
      4901.82  3.77139e-16  2.00395e-17
      4904.57  4.06365e-16  1.08159e-17
      4907.31  3.88426e-16  1.14956e-17
      4910.06  4.00638e-16  1.07228e-17
      4912.80  3.69990e-16  1.00608e-17
      4915.54  3.77133e-16  1.05763e-17
      4918.29  3.71958e-16  9.85333e-18
      4921.03  3.70012e-16  9.88725e-18
      4923.77  3.45773e-16  1.01799e-17
      4926.52  3.48166e-16  1.07345e-17
      4929.26  3.40832e-16  9.93703e-18
      4932.01  3.16405e-16  9.79431e-18
      4934.75  3.35031e-16  9.69357e-18
      4937.49  3.39700e-16  9.90260e-18
      4940.24  3.54278e-16  3.81008e-17
      4942.98  3.41244e-16  9.42029e-18
      4945.73  3.29920e-16  9.53881e-18
      4948.47  3.25503e-16  9.94204e-18
      4951.21  3.01418e-16  1.06228e-17
      4953.96  3.14983e-16  1.33917e-17
      4956.70  3.43856e-16  9.34044e-18
      4959.44  3.19302e-16  9.69479e-18
      4962.19  3.27335e-16  9.33455e-18
      4964.93  2.97373e-16  1.13088e-17
      4967.67  3.53626e-16  1.82012e-17
      4970.42  3.30538e-16  9.31160e-18
      4973.16  2.97477e-16  9.07157e-18
      4975.90  3.30355e-16  9.21398e-18
      4978.65  2.97417e-16  9.13553e-18
      4981.39  2.99120e-16  1.15514e-17
      4984.13  2.96626e-16  9.45657e-18
      4986.88  3.13815e-16  9.18119e-18
      4989.62  2.91626e-16  1.10516e-17
      4992.36  2.78745e-16  9.63398e-18
      4995.11  2.80494e-16  1.14178e-17
      4997.85  2.90649e-16  8.85129e-18
      5000.59  2.76852e-16  8.70247e-18
      5003.34  2.84262e-16  9.39560e-18
      5006.08  2.66684e-16  9.96996e-18
      5008.82  2.57341e-16  8.98888e-18
      5011.56  2.56055e-16  9.54444e-18
      5014.31  2.58743e-16  8.63556e-18
      5017.05  2.61029e-16  8.51452e-18
      5019.79  2.95033e-16  9.00726e-18
      5022.54  2.70123e-16  8.65943e-18
      5025.28  2.42873e-16  8.44452e-18
      5028.02  2.52457e-16  2.60644e-17
      5030.77  2.08149e-16  1.04007e-17
      5033.51  2.57535e-16  9.65118e-18
      5036.25  2.63428e-16  9.16868e-18
      5038.99  2.61632e-16  8.74943e-18
      5041.74  2.52941e-16  8.83366e-18
      5044.48  2.39125e-16  8.97825e-18
      5047.22  2.57754e-16  1.21262e-17
      5049.96  2.64657e-16  8.80346e-18
      5052.71  2.62703e-16  8.91077e-18
      5055.45  2.84261e-16  2.64543e-17
      5058.19  2.79793e-16  8.85469e-18
      5060.94  2.43120e-16  1.25320e-17
      5063.68  2.61121e-16  8.62224e-18
      5066.42  2.64007e-16  1.97894e-17
      5069.16  2.66892e-16  1.76725e-17
      5071.91  2.69777e-16  9.12202e-18
      5074.65  2.72662e-16  8.66830e-18
      5077.39  2.74834e-16  8.92288e-18
      5080.13  2.42858e-16  8.25702e-18
      5082.87  2.44376e-16  1.08682e-17
      5085.62  2.49326e-16  8.69714e-18
      5088.36  2.45696e-16  1.76682e-17
      5091.10  2.46769e-16  8.58282e-18
      5093.84  2.23766e-16  9.14243e-18
      5096.59  2.18371e-16  9.00654e-18
      5099.33  2.46155e-16  8.69356e-18
      5102.07  2.29224e-16  1.19141e-17
      5104.81  2.81805e-16  2.17392e-17
      5107.55  2.45297e-16  8.26126e-18
      5110.30  2.20746e-16  7.82356e-18
      5113.04  2.25577e-16  8.12217e-18
      5115.78  2.21729e-16  8.08939e-18
      5118.52  2.17663e-16  1.12190e-17
      5121.26  2.18280e-16  8.59817e-18
      5124.01  2.16791e-16  8.82696e-18
      5126.75  2.21781e-16  8.07286e-18
      5129.49  2.09225e-16  8.03625e-18
      5132.23  2.08975e-16  7.91049e-18
      5134.97  1.90145e-16  9.12363e-18
      5137.71  2.02776e-16  7.69140e-18
      5140.46  2.19968e-16  8.12608e-18
      5143.20  2.26952e-16  8.22277e-18
      5145.94  2.10697e-16  8.78139e-18
      5148.68  2.04516e-16  8.34463e-18
      5151.42  1.54368e-16  9.37880e-18
      5154.16  1.74764e-16  1.92532e-17
      5156.91  1.98901e-16  1.07625e-17
      5159.65  2.44393e-16  9.14631e-18
      5162.39  2.40633e-16  8.73428e-18
      5165.13  2.37997e-16  1.89308e-17
      5167.87  2.33254e-16  8.73173e-18
      5170.61  2.33339e-16  8.28410e-18
      5173.35  2.22013e-16  8.34674e-18
      5176.10  2.33235e-16  1.16269e-17
      5178.84  2.45055e-16  8.19853e-18
      5181.58  1.85501e-16  2.26534e-17
      5184.32  2.71550e-16  8.53167e-18
      5187.06  2.51115e-16  1.06188e-17
      5189.80  2.52285e-16  8.25326e-18
      5192.54  2.46943e-16  8.70836e-18
      5195.28  2.21924e-16  1.63964e-17
      5198.03  2.36050e-16  8.63178e-18
      5200.77  2.48138e-16  8.39604e-18
      5203.51  2.64280e-16  8.80146e-18
      5206.25  2.54847e-16  1.21221e-17
      5208.99  2.50152e-16  8.45113e-18
      5211.73  2.57970e-16  8.68565e-18
      5214.47  2.20516e-16  8.47807e-18
      5217.21  2.49986e-16  8.21197e-18
      5219.95  2.30326e-16  8.09219e-18
      5222.69  2.44281e-16  8.88109e-18
      5225.43  2.55806e-16  8.75185e-18
      5228.17  2.33154e-16  8.06907e-18
      5230.92  2.47331e-16  8.58034e-18
      5233.66  2.41575e-16  8.09641e-18
      5236.40  2.39232e-16  8.24470e-18
      5239.14  2.35390e-16  8.13932e-18
      5241.88  2.50213e-16  8.46003e-18
      5244.62  2.17306e-16  7.97018e-18
      5247.36  2.38513e-16  8.07815e-18
      5250.10  2.24607e-16  7.86931e-18
      5252.84  2.31293e-16  8.20513e-18
      5255.58  2.14947e-16  1.17964e-17
      5258.32  2.91678e-16  1.12098e-17
      5261.06  2.25076e-16  8.11080e-18
      5263.80  2.35907e-16  8.32383e-18
      5266.54  2.20537e-16  1.01108e-17
      5269.28  2.28089e-16  8.09285e-18
      5272.02  2.15874e-16  8.22529e-18
      5274.76  2.21672e-16  8.24889e-18
      5277.50  2.38052e-16  1.04323e-17
      5280.24  2.23213e-16  8.38818e-18
      5282.98  2.36061e-16  8.64715e-18
      5285.72  2.24107e-16  8.13134e-18
      5288.46  2.36896e-16  8.65856e-18
      5291.20  2.20033e-16  1.00681e-17
      5293.94  2.34253e-16  8.21992e-18
      5296.68  2.25023e-16  8.38335e-18
      5299.42  2.40827e-16  8.57394e-18
      5302.16  2.23240e-16  8.99911e-18
      5304.90  2.47446e-16  8.42194e-18
      5307.64  2.59104e-16  8.78687e-18
      5310.38  2.13777e-16  8.40777e-18
      5313.12  2.44783e-16  8.48107e-18
      5315.86  2.17401e-16  8.31511e-18
      5318.60  2.12437e-16  1.00473e-17
      5321.34  2.06364e-16  1.01225e-17
      5324.08  2.53719e-16  8.70321e-18
      5326.82  2.50102e-16  8.43799e-18
      5329.56  2.55441e-16  1.00274e-17
      5332.30  2.41301e-16  8.50815e-18
      5335.04  2.82548e-16  1.35542e-17
      5337.78  2.73374e-16  1.00722e-17
      5340.52  2.76267e-16  8.88204e-18
      5343.26  2.66231e-16  8.64849e-18
      5345.99  2.72218e-16  8.75848e-18
      5348.73  2.93034e-16  2.09421e-17
      5351.47  2.94241e-16  9.56893e-18
      5354.21  2.89122e-16  1.10302e-17
      5356.95  2.99263e-16  1.08018e-17
      5359.69  3.00542e-16  1.01476e-17
      5362.43  3.05722e-16  9.18675e-18
      5365.17  3.09839e-16  9.28586e-18
      5367.91  3.11988e-16  9.50394e-18
      5370.65  3.23390e-16  1.08051e-17
      5373.39  3.09941e-16  1.05162e-17
      5376.12  3.25391e-16  1.01271e-17
      5378.86  3.27227e-16  9.31650e-18
      5381.60  3.00532e-16  9.50353e-18
      5384.34  2.86010e-16  8.75962e-18
      5387.08  3.04852e-16  9.17299e-18
      5389.82  3.23562e-16  9.26025e-18
      5392.56  3.22186e-16  9.38708e-18
      5395.30  3.28407e-16  9.62873e-18
      5398.03  3.29625e-16  1.16667e-17
      5400.77  2.98673e-16  1.00978e-17
      5403.51  3.07427e-16  9.81864e-18
      5406.25  3.57400e-16  1.12610e-17
      5408.99  3.22974e-16  9.54528e-18
      5411.73  3.23963e-16  9.44419e-18
      5414.46  3.50829e-16  9.55932e-18
      5417.20  3.11199e-16  9.70041e-18
      5419.94  2.59121e-16  2.70239e-17
      5422.68  3.31211e-16  9.50131e-18
      5425.42  3.02784e-16  1.14705e-17
      5428.16  3.26366e-16  9.57307e-18
      5430.89  2.71336e-16  9.30334e-18
      5433.63  3.25116e-16  9.50172e-18
      5436.37  3.02863e-16  1.07853e-17
      5439.11  3.25794e-16  9.37135e-18
      5441.85  2.91725e-16  9.92056e-18
      5444.58  2.95579e-16  1.19306e-17
      5447.32  3.08998e-16  1.34036e-17
      5450.06  3.27768e-16  1.08490e-17
      5452.80  3.45635e-16  9.78099e-18
      5455.54  3.50626e-16  9.90627e-18
      5458.27  2.84767e-16  1.08698e-17
      5461.01  3.16033e-16  9.75229e-18
      5463.75  2.90943e-16  9.12845e-18
      5466.49  3.55294e-16  1.32405e-17
      5469.23  3.00717e-16  1.00492e-17
      5471.96  2.95860e-16  9.24921e-18
      5474.70  3.20202e-16  9.29414e-18
      5477.44  3.24412e-16  9.59875e-18
      5480.18  3.28621e-16  8.20851e-17
      5482.91  3.32831e-16  1.03596e-17
      5485.65  3.37040e-16  9.53316e-18
      5488.39  3.15058e-16  9.72010e-18
      5491.12  2.99899e-16  1.17643e-17
      5493.86  3.47022e-16  9.91318e-18
      5496.60  3.64966e-16  1.20467e-17
      5499.34  3.37665e-16  1.07288e-17
      5502.07  3.07133e-16  1.22396e-17
      5504.81  3.61529e-16  1.13602e-17
      5507.55  3.45116e-16  1.01471e-17
      5510.29  3.31589e-16  9.59168e-18
      5513.02  3.47845e-16  9.78729e-18
      5515.76  3.18774e-16  9.35659e-18
      5518.50  3.15067e-16  9.54873e-18
      5521.23  3.23071e-16  1.34389e-17
      5523.97  2.98211e-16  9.27600e-18
      5526.71  2.68866e-16  1.03693e-17
      5529.44  3.16215e-16  9.45288e-18
      5532.18  2.88026e-16  9.19192e-18
      5534.92  2.79512e-16  9.31042e-18
      5537.65  2.67209e-16  9.71162e-18
      5540.39  2.62374e-16  1.07102e-17
      5543.13  2.56509e-16  9.00227e-18
      5545.86  2.47863e-16  9.50426e-18
      5548.60  2.66703e-16  1.09188e-17
      5551.34  2.81638e-16  3.96662e-17
      5554.07  2.57146e-16  8.99976e-18
      5556.81  2.50285e-16  9.01582e-18
      5559.55  2.38430e-16  8.66319e-18
      5562.28  2.35633e-16  9.25223e-18
      5565.02  2.33023e-16  9.06207e-18
      5567.76  2.38742e-16  8.63201e-18
      5570.49  2.33663e-16  8.51819e-18
      5573.23  2.07878e-16  8.78074e-18
      5575.96  2.30986e-16  8.38257e-18
      5578.70  2.13028e-16  9.16623e-18
      5581.44  2.12275e-16  8.53172e-18
      5584.17  2.25786e-16  8.53437e-18
      5586.91  2.26365e-16  9.66624e-18
      5589.64  2.43202e-16  9.02935e-18
      5592.38  2.40706e-16  1.00051e-17
      5595.12  2.05411e-16  4.83161e-17
      5597.85  2.24043e-16  9.28768e-18
      5600.59  2.51952e-16  9.48463e-18
      5603.32  2.58475e-16  1.17141e-17
      5606.06  2.08425e-16  9.08564e-18
      5608.79  2.29994e-16  8.54461e-18
      5611.53  2.15926e-16  8.61874e-18
      5614.27  1.99314e-16  9.10873e-18
      5617.00  2.17006e-16  8.97303e-18
      5619.74  1.92921e-16  1.00927e-17
      5622.47  2.28211e-16  8.81803e-18
      5625.21  2.04127e-16  9.43166e-18
      5627.94  2.21432e-16  8.97185e-18
      5630.68  2.20138e-16  1.01388e-17
      5633.41  1.80126e-16  1.66385e-17
      5636.15  2.27647e-16  8.54654e-18
      5638.88  2.38507e-16  9.05299e-18
      5641.62  2.48064e-16  8.83100e-18
      5644.35  2.22391e-16  1.25100e-17
      5647.09  2.28421e-16  8.70447e-18
      5649.82  2.41443e-16  9.12261e-18
      5652.56  2.20542e-16  8.78635e-18
      5655.29  1.98448e-16  1.22630e-17
      5658.03  2.36408e-16  9.18028e-18
      5660.76  2.48611e-16  1.10380e-17
      5663.50  2.46897e-16  9.77135e-18
      5666.23  2.23069e-16  9.76259e-18
      5668.97  2.44448e-16  8.93996e-18
      5671.70  2.37862e-16  9.01455e-18
      5674.44  2.42437e-16  9.01124e-18
      5677.17  2.35706e-16  8.77126e-18
      5679.91  2.47070e-16  8.92424e-18
      5682.64  2.27308e-16  9.97310e-18
      5685.38  2.08855e-16  1.72660e-17
      5688.11  2.27569e-16  1.41189e-17
      5690.84  2.50534e-16  9.25692e-18
      5693.58  2.53379e-16  8.87299e-18
      5696.31  3.59354e-16  2.03395e-17
