      2894.84  1.50358e-14  2.40403e-15
      2897.59  3.54443e-15  1.32307e-15
      2900.33  4.39507e-16  1.52330e-15
      2903.07  3.85313e-15  1.09538e-15
      2905.82 -7.51492e-16  8.72810e-16
      2908.56  2.29666e-15  8.54319e-16
      2911.31  7.30773e-16  7.57014e-16
      2914.05  6.07875e-16  2.13671e-15
      2916.80  4.84966e-16  6.87435e-16
      2919.54  3.62058e-16  1.16472e-15
      2922.28  2.39149e-16  4.63431e-16
      2925.03  1.16229e-16  3.52348e-16
      2927.77 -1.93954e-16  3.47716e-16
      2930.52  1.13968e-15  2.79785e-16
      2933.26  5.50934e-16  2.63894e-16
      2936.01  5.16437e-16  2.34162e-16
      2938.75  2.02593e-16  2.13375e-16
      2941.50  2.41205e-15  2.95568e-16
      2944.24  1.31219e-15  1.65526e-16
      2946.99  9.45963e-17  1.68824e-16
      2949.73  4.29505e-16  1.51018e-16
      2952.48  1.02381e-15  1.26838e-16
      2955.22  1.07681e-15  1.30667e-16
      2957.96  1.07690e-15  1.03491e-16
      2960.71  1.19041e-15  1.22673e-16
      2963.45  7.58708e-16  1.13122e-16
      2966.20  8.26956e-16  9.32275e-17
      2968.94  8.95210e-16  9.98895e-17
      2971.69  9.63465e-16  1.40032e-16
      2974.43  1.03172e-15  8.67267e-17
      2977.18  1.09997e-15  1.13933e-16
      2979.92  1.16823e-15  8.33960e-17
      2982.67  1.23649e-15  1.02803e-16
      2985.41  1.30474e-15  8.40643e-17
      2988.16  1.13953e-15  7.80448e-17
      2990.90  1.14576e-15  2.10956e-16
      2993.65  1.15200e-15  7.18701e-17
      2996.39  1.15823e-15  7.10215e-17
      2999.14  1.15824e-15  6.77663e-17
      3001.88  1.17747e-15  1.59402e-16
      3004.63  1.19669e-15  8.05530e-17
      3007.37  9.27784e-16  7.19455e-17
      3010.12  1.50982e-15  7.15355e-17
      3012.86  1.41670e-15  6.85097e-17
      3015.61  1.34214e-15  7.11454e-17
      3018.35  1.32039e-15  7.34294e-17
      3021.10  1.50570e-15  7.44827e-17
      3023.85  1.49516e-15  6.85595e-17
      3026.59  1.45352e-15  6.96576e-17
      3029.34  1.43079e-15  6.04673e-17
      3032.08  1.40805e-15  1.18562e-16
      3034.83  1.38532e-15  6.74779e-17
      3037.57  1.36259e-15  6.01195e-17
      3040.32  1.33986e-15  6.05268e-17
      3043.06  1.31712e-15  6.09331e-17
      3045.81  1.24277e-15  5.75069e-17
      3048.55  1.35951e-15  5.81560e-17
      3051.30  1.65536e-15  6.25760e-17
      3054.04  1.19662e-15  5.50310e-17
      3056.79  1.21489e-15  5.47659e-17
      3059.54  1.19520e-15  5.33883e-17
      3062.28  1.17551e-15  2.30913e-16
      3065.03  1.15583e-15  5.42966e-17
      3067.77  1.17159e-15  5.97111e-17
      3070.52  1.30413e-15  5.54113e-17
      3073.26  1.27239e-15  5.48702e-17
      3076.01  1.28988e-15  5.42342e-17
      3078.76  1.10803e-15  5.13414e-17
      3081.50  1.24591e-15  5.25604e-17
      3084.25  1.23985e-15  1.81392e-16
      3086.99  1.23380e-15  5.51308e-17
      3089.74  1.22774e-15  6.15343e-17
      3092.49  1.22168e-15  5.69134e-17
      3095.23  1.21562e-15  9.38581e-17
      3097.98  1.20956e-15  9.04094e-17
      3100.72  1.20350e-15  4.91692e-17
      3103.47  1.19745e-15  5.41548e-17
      3106.21  1.19139e-15  4.74569e-17
      3108.96  1.23295e-15  4.86955e-17
      3111.71  1.26977e-15  4.86626e-17
      3114.45  1.30966e-15  4.71699e-17
      3117.20  1.22600e-15  4.65730e-17
      3119.94  1.27115e-15  5.48692e-17
      3122.69  1.22499e-15  1.37432e-16
      3125.44  1.17882e-15  4.77415e-17
      3128.18  1.13266e-15  4.49552e-17
      3130.93  1.23520e-15  4.91171e-17
      3133.68  1.32748e-15  2.14216e-16
      3136.42  1.41974e-15  5.14949e-17
      3139.17  1.51201e-15  4.67715e-17
      3141.91  1.60429e-15  5.31561e-17
      3144.66  1.57892e-15  5.58734e-17
      3147.41  1.29423e-15  5.05891e-17
      3150.15  1.41951e-15  5.70295e-17
      3152.90  1.28129e-15  4.93146e-17
      3155.65  1.38927e-15  7.06532e-17
      3158.39  1.49726e-15  8.05013e-17
      3161.14  1.60525e-15  4.87022e-17
      3163.88  1.71325e-15  4.85870e-17
      3166.63  1.58172e-15  4.67652e-17
      3169.38  1.58838e-15  4.71175e-17
      3172.12  1.58383e-15  7.38071e-17
      3174.87  1.57928e-15  4.80923e-17
      3177.62  1.57473e-15  7.44072e-17
      3180.36  1.57018e-15  4.69008e-17
      3183.11  1.56562e-15  4.51194e-17
      3185.86  1.50631e-15  4.46621e-17
      3188.60  1.53668e-15  4.58343e-17
      3191.35  1.53354e-15  4.66017e-17
      3194.10  1.60745e-15  4.68684e-17
      3196.84  1.79210e-15  4.92221e-17
      3199.59  1.59470e-15  4.47324e-17
      3202.34  1.68253e-15  4.57127e-17
      3205.08  1.68119e-15  4.46666e-17
      3207.83  1.63476e-15  4.62331e-17
      3210.58  1.81648e-15  4.86764e-17
      3213.32  1.91570e-15  4.91001e-17
      3216.07  1.80839e-15  4.62065e-17
      3218.82  1.68347e-15  4.62247e-17
      3221.56  1.76782e-15  4.54974e-17
      3224.31  1.70173e-15  4.47932e-17
      3227.06  1.67464e-15  4.35935e-17
      3229.80  1.53214e-15  4.22402e-17
      3232.55  1.47138e-15  7.21735e-17
      3235.30  1.64923e-15  6.35529e-17
      3238.04  1.80356e-15  4.45605e-17
      3240.79  1.76436e-15  4.50890e-17
      3243.54  1.72517e-15  4.51041e-17
      3246.29  1.68598e-15  8.61611e-17
      3249.03  1.64679e-15  4.29281e-17
      3251.78  1.60760e-15  4.22846e-17
      3254.53  1.56841e-15  4.16325e-17
      3257.27  1.52921e-15  4.03455e-17
      3260.02  1.52858e-15  3.96256e-17
      3262.77  1.61040e-15  4.09836e-17
      3265.51  1.52715e-15  3.98602e-17
      3268.26  1.51655e-15  3.92271e-17
      3271.01  1.50596e-15  6.91341e-17
      3273.76  1.49536e-15  1.04236e-16
      3276.50  1.48475e-15  4.04676e-17
      3279.25  1.47416e-15  4.25848e-17
      3282.00  1.49632e-15  4.99102e-17
      3284.74  1.45542e-15  4.71885e-17
      3287.49  1.63890e-15  5.16457e-17
      3290.24  1.35403e-15  4.17165e-17
      3292.99  1.29084e-15  4.22671e-17
      3295.73  1.40462e-15  4.35573e-17
      3298.48  1.31976e-15  3.98691e-17
      3301.23  1.31229e-15  5.18101e-17
      3303.98  1.33535e-15  4.08538e-17
      3306.72  1.31624e-15  3.66918e-17
      3309.47  1.36724e-15  3.73207e-17
      3312.22  1.37886e-15  3.72749e-17
      3314.96  1.17064e-15  3.42380e-17
      3317.71  1.29215e-15  3.86037e-17
      3320.46  1.13306e-15  3.37274e-17
      3323.21  1.17853e-15  3.55110e-17
      3325.95  1.22803e-15  3.41862e-17
      3328.70  1.26142e-15  3.51950e-17
      3331.45  1.27669e-15  3.96834e-17
      3334.20  1.29195e-15  4.17153e-17
      3336.94  1.30722e-15  3.57938e-17
      3339.69  1.32248e-15  1.49910e-16
      3342.44  1.33774e-15  3.53155e-17
      3345.19  1.26098e-15  3.57321e-17
      3347.93  1.55876e-15  5.37706e-17
      3350.68  1.22003e-15  3.67559e-17
      3353.43  1.14326e-15  5.01702e-17
      3356.18  1.25431e-15  3.70392e-17
      3358.93  1.24417e-15  3.81175e-17
      3361.67  1.28455e-15  4.13251e-17
      3364.42  1.32462e-15  3.84110e-17
      3367.17  1.36469e-15  6.65873e-17
      3369.92  1.40476e-15  3.80647e-17
      3372.66  1.44484e-15  3.87545e-17
      3375.41  1.48491e-15  3.59632e-17
      3378.16  1.52498e-15  5.37692e-17
      3380.91  1.51308e-15  6.49968e-17
      3383.65  1.51182e-15  4.18070e-17
      3386.40  1.51056e-15  3.43382e-17
      3389.15  1.50931e-15  7.68030e-17
      3391.90  1.50805e-15  3.33164e-17
      3394.65  1.50679e-15  5.03035e-17
      3397.39  1.50553e-15  9.22378e-17
      3400.14  1.46715e-15  1.74436e-16
      3402.89  1.42934e-15  3.33867e-17
      3405.64  1.53882e-15  3.44427e-17
      3408.39  1.54381e-15  3.33414e-17
      3411.13  1.54880e-15  7.00232e-17
      3413.88  1.55311e-15  3.52510e-17
      3416.63  1.55522e-15  3.61531e-17
      3419.38  1.55733e-15  4.95703e-17
      3422.12  1.55943e-15  3.97922e-17
      3424.87  1.56154e-15  4.35447e-17
      3427.62  1.56364e-15  3.83566e-17
      3430.37  1.56575e-15  3.43672e-17
      3433.12  1.47462e-15  3.37295e-17
      3435.86  1.61959e-15  3.48903e-17
      3438.61  1.61998e-15  3.72920e-17
      3441.36  1.57948e-15  3.83059e-17
      3444.11  1.61192e-15  1.43568e-16
      3446.86  1.64435e-15  3.39345e-17
      3449.61  1.67679e-15  3.64554e-17
      3452.35  1.65910e-15  3.34052e-17
      3455.10  1.67296e-15  3.39344e-17
      3457.85  1.68682e-15  5.21543e-17
      3460.60  1.70067e-15  3.73071e-17
      3463.35  1.59280e-15  3.31314e-17
      3466.09  1.76823e-15  3.45445e-17
      3468.84  1.68631e-15  3.37320e-17
      3471.59  1.70413e-15  3.56130e-17
      3474.34  1.48284e-15  4.17549e-17
      3477.09  1.63819e-15  3.92608e-17
      3479.84  1.78392e-15  3.84244e-17
      3482.58  1.63540e-15  3.40930e-17
      3485.33  1.67297e-15  3.40888e-17
      3488.08  1.64054e-15  3.51389e-17
      3490.83  1.65158e-15  3.41038e-17
      3493.58  1.66261e-15  5.22484e-17
      3496.33  1.67364e-15  3.53813e-17
      3499.07  1.68468e-15  3.36759e-17
      3501.82  1.69571e-15  3.35469e-17
      3504.57  1.67859e-15  4.64015e-17
      3507.32  1.72381e-15  9.30956e-17
      3510.07  1.76903e-15  6.44432e-17
      3512.82  1.81425e-15  3.58661e-17
      3515.56  1.85947e-15  3.41858e-17
      3518.31  1.90469e-15  3.38793e-17
      3521.06  1.94991e-15  3.52813e-17
      3523.81  1.85147e-15  3.40449e-17
      3526.56  1.90525e-15  3.40740e-17
      3529.31  2.01675e-15  3.49130e-17
      3532.05  1.93812e-15  3.40657e-17
      3534.80  1.88618e-15  3.39466e-17
      3537.55  2.03491e-15  4.34732e-17
      3540.30  1.90132e-15  3.52325e-17
      3543.05  1.96425e-15  3.48217e-17
      3545.80  1.99048e-15  1.34475e-16
      3548.55  2.01671e-15  4.68308e-17
      3551.29  2.04294e-15  3.62079e-17
      3554.04  2.11655e-15  3.61798e-17
      3556.79  2.18579e-15  3.91514e-17
      3559.54  2.15820e-15  4.06513e-17
      3562.29  2.06794e-15  4.04495e-17
      3565.04  2.27617e-15  3.64234e-17
      3567.79  2.10664e-15  3.49591e-17
      3570.53  2.30518e-15  3.61661e-17
      3573.28  2.21251e-15  4.14705e-17
      3576.03  2.24007e-15  4.33581e-17
      3578.78  2.34393e-15  3.73628e-17
      3581.53  2.17841e-15  3.57836e-17
      3584.28  2.30842e-15  3.57137e-17
      3587.03  2.33677e-15  3.98202e-17
      3589.77  2.30526e-15  4.10185e-17
      3592.52  2.29480e-15  3.66774e-17
      3595.27  2.25793e-15  4.00202e-17
      3598.02  2.17184e-15  4.75728e-17
      3600.77  2.31535e-15  3.60770e-17
      3603.52  2.38944e-15  3.61820e-17
      3606.27  2.42126e-15  3.69802e-17
      3609.02  2.34588e-15  3.92829e-17
      3611.76  2.37320e-15  3.66327e-17
      3614.51  2.48875e-15  3.73515e-17
      3617.26  2.67567e-15  4.26927e-17
      3620.01  2.70795e-15  3.86545e-17
      3622.76  2.53250e-15  3.94024e-17
      3625.51  2.51609e-15  3.73081e-17
      3628.26  2.60126e-15  3.66748e-17
      3631.01  2.58755e-15  5.59550e-17
      3633.76  2.57384e-15  4.04271e-17
      3636.50  2.56013e-15  3.70833e-17
      3639.25  2.45010e-15  3.71535e-17
      3642.00  2.44074e-15  4.90539e-17
      3644.75  2.43139e-15  4.78172e-17
      3647.50  2.42904e-15  4.85306e-17
      3650.25  2.37686e-15  3.51096e-17
      3653.00  2.34039e-15  5.25192e-17
      3655.75  2.30393e-15  3.44782e-17
      3658.50  2.27647e-15  3.37514e-17
      3661.24  2.28832e-15  3.38071e-17
      3663.99  2.22753e-15  3.68995e-17
      3666.74  2.21367e-15  3.37771e-17
      3669.49  2.17315e-15  3.32665e-17
      3672.24  2.13265e-15  4.59509e-17
      3674.99  2.09213e-15  3.30919e-17
      3677.74  2.05162e-15  3.19203e-17
      3680.49  2.00575e-15  3.20114e-17
      3683.24  1.96514e-15  3.73686e-17
      3685.98  1.92453e-15  3.13291e-17
      3688.73  1.88392e-15  5.38354e-17
      3691.48  1.84331e-15  3.18949e-17
      3694.23  1.85595e-15  3.19056e-17
      3696.98  1.84455e-15  3.10901e-17
      3699.73  1.71328e-15  2.90207e-17
      3702.48  1.71889e-15  2.91061e-17
      3705.23  1.67848e-15  2.87630e-17
      3707.98  1.70946e-15  2.95186e-17
      3710.73  1.75914e-15  2.89583e-17
      3713.48  1.66987e-15  2.86189e-17
      3716.22  1.62553e-15  2.82611e-17
      3718.97  1.55070e-15  2.68787e-17
      3721.72  1.47589e-15  6.23744e-17
      3724.47  1.40107e-15  2.85917e-17
      3727.22  1.32625e-15  2.88000e-17
      3729.97  1.32851e-15  2.93660e-17
      3732.72  1.24149e-15  2.89913e-17
      3735.47  1.32162e-15  2.76134e-17
      3738.22  1.41533e-15  3.15244e-17
      3740.97  1.20030e-15  2.76427e-17
      3743.72  1.15204e-15  2.41556e-17
      3746.46  1.17543e-15  2.36853e-17
      3749.21  1.08545e-15  2.32298e-17
      3751.96  1.11294e-15  2.33012e-17
      3754.71  1.12310e-15  2.33044e-17
      3757.46  1.21461e-15  2.45534e-17
      3760.21  1.07627e-15  2.25700e-17
      3762.96  1.00226e-15  2.31863e-17
      3765.71  1.06160e-15  2.25733e-17
      3768.46  1.12110e-15  2.66661e-17
      3771.21  1.05999e-15  2.47745e-17
      3773.96  1.01314e-15  2.38951e-17
      3776.71  1.06107e-15  2.23572e-17
      3779.45  1.03986e-15  2.14647e-17
      3782.20  1.05827e-15  2.17038e-17
      3784.95  1.04571e-15  2.46238e-17
      3787.70  1.06308e-15  5.94059e-17
      3790.45  1.08046e-15  2.60043e-17
      3793.20  1.09783e-15  2.20024e-17
      3795.95  1.11521e-15  2.35179e-17
      3798.70  1.26112e-15  2.28834e-17
      3801.45  1.17096e-15  2.22210e-17
      3804.20  1.19323e-15  3.93820e-17
      3806.95  1.21550e-15  2.29166e-17
      3809.70  1.23776e-15  2.59895e-17
      3812.45  1.26003e-15  7.65314e-17
      3815.20  1.28230e-15  2.52151e-17
      3817.94  1.31781e-15  2.47303e-17
      3820.69  1.35084e-15  2.34557e-17
      3823.44  1.42662e-15  2.33108e-17
      3826.19  1.43105e-15  2.29930e-17
      3828.94  1.51152e-15  2.37672e-17
      3831.69  1.46744e-15  2.40388e-17
      3834.44  1.46999e-15  2.33396e-17
      3837.19  1.58767e-15  2.42966e-17
      3839.94  1.54264e-15  2.42031e-17
      3842.69  1.55129e-15  2.34888e-17
      3845.44  1.50661e-15  2.31886e-17
      3848.19  1.65157e-15  2.46027e-17
      3850.94  1.85847e-15  5.73432e-17
      3853.69  1.70531e-15  2.44503e-17
      3856.43  1.69184e-15  2.71901e-17
      3859.18  1.67837e-15  8.26043e-17
      3861.93  1.66490e-15  2.62592e-17
      3864.68  1.70537e-15  2.41458e-17
      3867.43  1.57514e-15  2.42377e-17
      3870.18  1.62569e-15  2.36006e-17
      3872.93  1.71378e-15  2.47741e-17
      3875.68  1.76178e-15  2.68672e-17
      3878.43  1.68812e-15  2.62802e-17
      3881.18  1.72907e-15  3.85591e-17
      3883.93  1.77002e-15  2.37062e-17
      3886.68  1.81097e-15  2.45221e-17
      3889.43  1.73415e-15  2.63785e-17
      3892.18  1.86793e-15  2.50364e-17
      3894.93  1.92694e-15  3.05790e-17
      3897.68  1.92592e-15  2.51215e-17
      3900.42  1.93642e-15  2.47997e-17
      3903.17  2.01236e-15  2.55522e-17
      3905.92  1.87389e-15  3.39247e-17
      3908.67  2.12926e-15  2.59851e-17
      3911.42  2.14414e-15  2.56695e-17
      3914.17  2.16581e-15  2.61836e-17
      3916.92  2.19916e-15  2.90652e-17
      3919.67  2.28003e-15  2.83412e-17
      3922.42  2.30433e-15  2.69254e-17
      3925.17  2.32193e-15  6.19048e-17
      3927.92  2.33953e-15  3.64087e-17
      3930.67  2.34495e-15  3.06946e-17
      3933.42  2.35585e-15  2.90679e-17
      3936.17  2.36327e-15  2.88792e-17
      3938.92  2.47628e-15  3.70835e-17
      3941.67  2.59760e-15  3.95268e-17
      3944.42  2.70328e-15  3.14152e-17
      3947.16  2.84461e-15  2.97058e-17
      3949.91  2.90887e-15  2.92687e-17
      3952.66  2.91126e-15  2.87745e-17
      3955.41  2.97006e-15  2.89790e-17
      3958.16  2.98422e-15  3.18869e-17
      3960.91  2.99748e-15  3.21575e-17
      3963.66  2.99890e-15  3.88081e-17
      3966.41  3.00032e-15  3.20498e-17
      3969.16  3.00174e-15  3.09465e-17
      3971.91  3.28734e-15  3.73057e-17
      3974.66  3.17873e-15  3.21234e-17
      3977.41  3.25304e-15  2.99341e-17
      3980.16  3.25843e-15  3.07078e-17
      3982.91  3.15767e-15  2.94890e-17
      3985.66  3.14363e-15  3.85013e-17
      3988.41  3.18841e-15  3.46825e-17
      3991.16  3.27283e-15  3.21359e-17
      3993.91  3.35275e-15  3.02714e-17
      3996.65  3.20171e-15  3.39564e-17
      3999.40  3.20887e-15  3.84968e-17
      4002.15  3.21988e-15  3.23296e-17
      4004.90  3.10347e-15  3.29008e-17
      4007.65  3.12735e-15  4.13222e-17
      4010.40  3.21949e-15  4.09067e-17
      4013.15  3.22414e-15  3.41498e-17
      4015.90  3.19934e-15  2.90706e-17
      4018.65  3.25102e-15  3.13081e-17
      4021.40  3.18147e-15  3.83636e-17
      4024.15  3.15414e-15  3.81544e-17
      4026.90  3.20830e-15  2.84321e-17
      4029.65  3.06479e-15  3.74783e-17
      4032.40  2.94201e-15  3.64627e-17
      4035.15  3.15625e-15  2.84574e-17
      4037.90  2.99138e-15  3.70379e-17
      4040.65  2.88521e-15  3.68575e-17
      4043.40  2.81534e-15  3.54602e-17
      4046.14  2.94991e-15  3.01473e-17
      4048.89  2.97060e-15  3.08936e-17
      4051.64  2.76475e-15  3.50452e-17
      4054.39  2.77959e-15  3.53349e-17
      4057.14  2.79444e-15  2.99785e-17
      4059.89  2.80928e-15  3.11445e-17
      4062.64  2.82231e-15  2.93343e-17
      4065.39  2.83668e-15  3.68181e-17
      4068.14  2.85104e-15  3.04360e-17
      4070.89  2.86541e-15  5.28220e-17
      4073.64  2.87271e-15  3.75172e-17
      4076.39  2.88612e-15  3.60788e-17
      4079.14  2.91625e-15  2.87363e-17
      4081.89  2.93223e-15  3.63072e-17
      4084.64  2.94821e-15  2.98998e-17
      4087.39  2.96419e-15  2.97049e-17
      4090.14  3.00148e-15  3.19433e-17
      4092.89  2.94270e-15  3.16433e-17
      4095.63  3.10270e-15  2.69983e-17
      4098.38  3.01759e-15  3.55358e-17
      4101.13  3.14968e-15  3.08712e-17
      4103.88  3.15898e-15  3.22256e-17
      4106.63  3.23389e-15  3.23033e-17
      4109.38  3.24921e-15  3.24833e-17
      4112.13  3.29176e-15  3.09968e-17
      4114.88  3.41023e-15  2.89428e-17
      4117.63  3.39139e-15  3.13507e-17
      4120.38  3.33903e-15  3.60172e-17
      4123.13  3.34902e-15  3.25749e-17
      4125.88  3.45671e-15  3.87044e-17
      4128.63  3.47222e-15  3.86843e-17
      4131.38  3.30452e-15  3.76063e-17
      4134.13  3.38236e-15  3.78436e-17
      4136.88  3.41952e-15  3.23860e-17
      4139.62  3.42976e-15  3.52650e-17
      4142.37  3.62235e-15  4.05761e-17
      4145.12  3.35282e-15  3.90377e-17
      4147.87  3.52641e-15  3.15406e-17
      4150.62  3.54119e-15  2.98640e-17
      4153.37  3.64830e-15  4.06783e-17
      4156.12  3.42108e-15  3.28203e-17
      4158.87  3.44008e-15  3.18375e-17
      4161.62  3.62300e-15  4.52025e-17
      4164.37  3.40948e-15  3.82796e-17
      4167.12  3.35879e-15  4.10390e-17
      4169.87  3.36657e-15  3.72497e-17
      4172.62  3.45330e-15  3.28839e-17
      4175.37  3.32067e-15  3.28919e-17
      4178.12  3.50513e-15  3.37358e-17
      4180.87  3.41947e-15  3.19200e-17
      4183.61  3.38169e-15  3.13665e-17
      4186.36  3.35051e-15  3.12112e-17
      4189.11  3.35486e-15  3.11384e-17
      4191.86  3.39555e-15  3.24406e-17
      4194.61  3.38223e-15  2.99112e-17
      4197.36  3.27866e-15  3.06016e-17
      4200.11  3.27517e-15  3.03878e-17
      4202.86  3.15772e-15  3.65584e-17
      4205.61  3.17524e-15  3.50373e-17
      4208.36  3.29086e-15  2.78122e-17
      4211.11  3.20663e-15  2.96613e-17
      4213.86  3.23223e-15  2.72777e-17
      4216.61  3.04639e-15  3.49032e-17
      4219.36  3.30970e-15  3.27271e-17
      4222.10  2.98865e-15  3.59729e-17
      4224.85  2.94940e-15  3.42488e-17
      4227.60  3.08182e-15  2.90205e-17
      4230.35  2.89736e-15  3.38276e-17
      4233.10  2.94613e-15  2.89655e-17
      4235.85  2.91572e-15  3.51734e-17
      4238.60  2.96321e-15  3.41037e-17
      4241.35  2.82745e-15  3.75607e-17
      4244.10  2.88954e-15  3.88381e-17
      4246.85  2.96966e-15  3.02153e-17
      4249.60  2.89379e-15  2.77473e-17
      4252.35  2.92788e-15  2.99077e-17
      4255.10  2.99035e-15  2.73763e-17
      4257.84  2.95605e-15  2.76766e-17
      4260.59  2.95922e-15  2.67016e-17
      4263.34  2.91475e-15  2.83163e-17
      4266.09  2.79577e-15  3.30213e-17
      4268.84  2.93465e-15  2.58966e-17
      4271.59  2.87596e-15  2.77025e-17
      4274.34  2.83768e-15  2.73597e-17
      4277.09  2.77117e-15  2.73281e-17
      4279.84  2.76394e-15  2.72475e-17
      4282.59  2.72755e-15  2.84593e-17
      4285.34  3.09841e-15  3.40252e-17
      4288.08  2.70518e-15  2.81517e-17
      4290.83  2.61635e-15  2.92348e-17
      4293.58  2.68318e-15  3.45632e-17
      4296.33  2.59447e-15  3.07470e-17
      4299.08  2.52510e-15  2.53042e-17
      4301.83  2.49778e-15  2.48835e-17
      4304.58  2.44809e-15  2.51784e-17
      4307.33  2.39544e-15  2.76650e-17
      4310.08  2.77473e-15  3.75058e-17
      4312.83  2.33314e-15  2.59539e-17
      4315.58  2.40410e-15  2.62676e-17
      4318.33  2.69310e-15  2.82413e-17
      4321.07  2.18988e-15  2.82006e-17
      4323.82  2.13609e-15  2.81362e-17
      4326.57  2.31075e-15  2.17577e-17
      4329.32  2.20782e-15  2.35166e-17
      4332.07  2.17640e-15  2.45875e-17
      4334.82  2.04198e-15  2.77172e-17
      4337.57  2.04924e-15  2.72140e-17
      4340.32  2.16479e-15  2.48771e-17
      4343.07  2.10235e-15  2.14720e-17
      4345.81  2.08385e-15  2.11491e-17
      4348.56  2.04126e-15  2.24418e-17
      4351.31  1.95398e-15  2.92174e-17
      4354.06  2.04206e-15  2.23871e-17
      4356.81  1.93338e-15  2.22426e-17
      4359.56  1.82757e-15  2.71755e-17
      4362.31  1.88513e-15  2.15394e-17
      4365.06  1.84950e-15  2.15027e-17
      4367.81  1.80682e-15  2.15736e-17
      4370.56  1.74534e-15  2.16510e-17
      4373.30  2.08984e-15  2.57461e-17
      4376.05  1.74064e-15  2.03423e-17
      4378.80  1.88966e-15  2.46999e-17
      4381.55  1.84721e-15  2.05940e-17
      4384.30  1.80476e-15  2.01380e-17
      4387.05  1.76230e-15  2.08722e-17
      4389.80  1.71985e-15  1.87532e-17
      4392.55  1.67739e-15  2.01818e-17
      4395.30  1.63493e-15  5.55609e-17
      4398.04  1.59249e-15  2.42974e-17
      4400.79  1.70642e-15  2.05819e-17
      4403.54  1.67807e-15  1.90168e-17
      4406.29  1.66429e-15  1.87158e-17
      4409.04  1.66366e-15  1.98246e-17
      4411.79  1.71916e-15  2.01389e-17
      4414.54  1.70792e-15  2.02262e-17
      4417.29  1.72939e-15  3.35029e-17
      4420.03  1.75085e-15  1.87330e-17
      4422.78  1.73812e-15  2.00170e-17
      4425.53  1.70613e-15  1.98789e-17
      4428.28  1.72294e-15  1.98165e-17
      4431.03  1.73036e-15  2.00852e-17
      4433.78  1.60266e-15  2.62047e-17
      4436.53  1.80540e-15  2.38083e-17
      4439.27  1.81626e-15  2.81784e-17
      4442.02  1.86046e-15  2.16080e-17
      4444.77  1.78770e-15  2.02462e-17
      4447.52  1.80692e-15  1.90679e-17
      4450.27  1.91591e-15  2.08886e-17
      4453.02  1.74782e-15  2.38632e-17
      4455.77  1.81626e-15  2.12925e-17
      4458.52  1.81717e-15  2.06399e-17
      4461.26  1.79249e-15  2.02156e-17
      4464.01  1.76993e-15  2.41104e-17
      4466.76  1.92129e-15  2.00511e-17
      4469.51  1.95590e-15  2.41826e-17
      4472.26  1.90526e-15  1.96718e-17
      4475.01  1.86996e-15  2.14956e-17
      4477.76  1.78590e-15  2.73811e-17
      4480.50  1.92803e-15  2.09531e-17
      4483.25  1.97432e-15  2.16560e-17
      4486.00  1.98806e-15  2.17391e-17
      4488.75  2.06326e-15  2.19467e-17
      4491.50  1.99961e-15  2.63224e-17
      4494.25  1.99359e-15  2.56138e-17
      4496.99  2.11022e-15  2.16034e-17
      4499.74  2.07528e-15  2.22393e-17
      4502.49  2.06174e-15  2.21251e-17
      4505.24  2.44902e-15  3.00621e-17
      4507.99  2.11855e-15  2.64825e-17
      4510.74  2.24039e-15  2.22149e-17
      4513.49  2.37485e-15  2.66479e-17
      4516.23  2.22166e-15  2.27256e-17
      4518.98  2.14881e-15  2.66883e-17
      4521.73  2.24100e-15  2.22694e-17
      4524.48  2.27863e-15  2.25977e-17
      4527.23  2.29386e-15  2.33214e-17
      4529.98  2.25515e-15  2.27739e-17
      4532.72  2.36058e-15  2.39501e-17
      4535.47  2.15796e-15  2.65601e-17
      4538.22  2.28764e-15  2.34455e-17
      4540.97  2.32700e-15  2.35584e-17
      4543.72  2.23088e-15  2.31392e-17
      4546.46  2.12685e-15  3.11928e-17
      4549.21  2.18627e-15  2.49550e-17
      4551.96  2.24569e-15  1.11702e-16
      4554.71  2.30511e-15  2.50228e-17
      4557.46  2.36453e-15  2.27823e-17
      4560.21  2.35189e-15  2.74133e-17
      4562.95  2.51996e-15  3.19128e-17
      4565.70  2.60645e-15  2.51742e-17
      4568.45  2.41107e-15  2.96440e-17
      4571.20  2.43747e-15  2.76085e-17
      4573.95  2.54108e-15  2.42259e-17
      4576.69  2.53917e-15  2.41064e-17
      4579.44  2.49674e-15  2.83836e-17
      4582.19  2.44509e-15  3.19207e-17
      4584.94  2.59776e-15  2.43278e-17
      4587.69  2.58339e-15  2.92629e-17
      4590.43  2.57913e-15  3.00311e-17
      4593.18  2.48240e-15  3.22776e-17
      4595.93  2.64169e-15  3.04969e-17
      4598.68  2.47281e-15  3.06853e-17
      4601.43  2.51166e-15  2.90588e-17
      4604.17  2.66135e-15  2.46270e-17
      4606.92  2.55722e-15  2.85940e-17
      4609.67  2.74624e-15  2.76297e-17
      4612.42  2.53042e-15  3.00722e-17
      4615.17  2.54816e-15  2.57291e-17
      4617.91  2.59383e-15  2.89477e-17
      4620.66  2.52629e-15  3.02625e-17
      4623.41  2.58259e-15  3.01117e-17
      4626.16  2.43711e-15  2.78666e-17
      4628.91  2.48075e-15  2.99577e-17
      4631.65  2.54408e-15  2.41427e-17
      4634.40  2.80719e-15  3.06884e-17
      4637.15  2.46068e-15  2.92576e-17
      4639.90  2.50897e-15  2.32695e-17
      4642.64  2.50096e-15  2.39764e-17
      4645.39  2.69837e-15  2.68709e-17
      4648.14  2.50382e-15  2.38283e-17
      4650.89  2.49230e-15  2.81805e-17
      4653.64  2.40274e-15  2.77907e-17
      4656.38  2.59909e-15  2.20235e-17
      4659.13  2.54165e-15  2.83363e-17
      4661.88  2.44261e-15  2.75063e-17
      4664.63  2.43179e-15  2.88223e-17
      4667.37  2.46192e-15  2.93159e-17
      4670.12  2.44812e-15  2.90058e-17
      4672.87  2.39187e-15  2.79074e-17
      4675.62  2.61455e-15  2.65122e-17
      4678.36  2.39409e-15  3.15000e-17
      4681.11  2.80779e-15  3.36009e-17
      4683.86  2.44261e-15  2.90850e-17
      4686.61  2.47740e-15  2.44212e-17
      4689.35  2.67226e-15  3.94618e-17
      4692.10  2.32782e-15  2.41741e-17
      4694.85  2.40155e-15  2.33878e-17
      4697.60  2.36286e-15  2.36255e-17
      4700.34  2.25668e-15  2.83162e-17
      4703.09  2.29838e-15  2.82023e-17
      4705.84  2.29450e-15  2.72086e-17
      4708.59  2.42473e-15  2.32944e-17
      4711.33  2.35628e-15  2.08921e-17
      4714.08  2.35944e-15  2.38879e-17
      4716.83  2.24845e-15  2.20903e-17
      4719.58  2.22971e-15  2.28100e-17
      4722.32  2.53296e-15  2.74668e-17
      4725.07  2.12612e-15  3.03559e-17
      4727.82  2.14141e-15  2.60776e-17
      4730.56  2.15535e-15  2.58796e-17
      4733.31  2.14658e-15  2.22644e-17
      4736.06  2.16838e-15  2.24060e-17
      4738.81  2.18907e-15  2.17744e-17
      4741.55  2.21215e-15  2.24446e-17
      4744.30  2.42052e-15  2.81930e-17
      4747.05  2.16254e-15  2.05995e-17
      4749.79  2.05595e-15  2.59785e-17
      4752.54  2.17770e-15  2.88127e-17
      4755.29  2.07210e-15  2.56674e-17
      4758.04  2.06406e-15  2.82451e-17
      4760.78  2.05601e-15  2.13915e-17
      4763.53  2.04797e-15  2.29568e-17
      4766.28  2.03993e-15  2.61123e-17
      4769.02  2.02176e-15  2.56107e-17
      4771.77  2.00122e-15  3.24137e-17
      4774.52  1.98069e-15  2.57552e-17
      4777.27  2.09229e-15  3.03165e-17
      4780.01  2.01160e-15  2.70339e-17
      4782.76  1.97571e-15  2.70751e-17
      4785.51  1.94431e-15  2.59674e-17
      4788.25  1.80679e-15  3.06421e-17
      4791.00  1.76860e-15  2.82465e-17
      4793.75  1.82945e-15  3.04862e-17
      4796.49  1.89029e-15  2.23352e-17
      4799.24  1.87407e-15  2.02752e-17
      4801.99  1.87396e-15  2.07547e-17
      4804.73  1.93601e-15  2.07713e-17
      4807.48  1.87478e-15  1.87618e-17
      4810.23  1.91488e-15  3.36383e-17
      4812.97  1.74566e-15  2.39276e-17
      4815.72  1.77640e-15  1.98142e-17
      4818.47  1.72283e-15  2.06297e-17
      4821.21  1.72191e-15  1.94194e-17
      4823.96  1.75319e-15  1.97154e-17
      4826.71  1.68767e-15  2.28911e-17
      4829.45  1.69494e-15  2.34878e-17
      4832.20  1.70044e-15  3.93626e-17
      4834.95  1.70595e-15  2.45667e-17
      4837.69  1.71144e-15  2.04430e-17
      4840.44  1.71695e-15  2.04959e-17
      4843.19  1.71691e-15  2.08236e-17
      4845.93  1.70840e-15  1.98829e-17
      4848.68  1.64778e-15  2.36023e-17
      4851.43  1.68123e-15  2.35178e-17
      4854.17  1.71105e-15  2.83473e-17
      4856.92  1.79375e-15  2.39709e-17
      4859.67  1.72520e-15  2.59879e-17
      4862.41  1.62531e-15  2.55948e-17
      4865.16  1.78295e-15  1.97401e-17
      4867.90  1.66099e-15  2.31558e-17
      4870.65  1.57217e-15  2.37133e-17
      4873.40  1.56683e-15  1.93030e-17
      4876.14  1.56149e-15  3.33873e-17
      4878.89  1.55614e-15  1.85902e-17
      4881.64  1.55080e-15  2.38927e-17
      4884.38  1.62525e-15  1.85274e-17
      4887.13  1.62785e-15  1.87824e-17
      4889.87  1.71587e-15  2.20590e-17
      4892.62  1.59319e-15  2.00427e-17
      4895.37  1.55465e-15  3.91075e-17
      4898.11  1.51611e-15  1.91271e-17
      4900.86  1.47757e-15  2.18213e-17
      4903.60  1.48918e-15  6.83548e-17
      4906.35  1.49818e-15  2.03716e-17
      4909.10  1.50717e-15  1.74365e-17
      4911.84  1.51617e-15  1.68054e-17
      4914.59  1.48714e-15  1.66165e-17
      4917.33  1.41652e-15  1.73232e-17
      4920.08  1.40477e-15  2.13968e-17
      4922.83  1.39656e-15  2.43880e-17
      4925.57  1.38313e-15  1.79691e-17
      4928.32  1.39377e-15  1.73282e-17
      4931.06  1.40264e-15  1.73373e-17
      4933.81  1.39853e-15  1.77160e-17
      4936.56  1.40418e-15  1.78926e-17
      4939.30  1.40076e-15  1.72246e-17
      4942.05  1.42763e-15  1.75665e-17
      4944.79  1.40694e-15  1.88855e-17
      4947.54  1.41068e-15  1.87948e-17
      4950.28  1.41899e-15  1.74544e-17
      4953.03  1.41165e-15  1.82425e-17
      4955.78  1.47304e-15  1.76329e-17
      4958.52  1.44896e-15  1.90765e-17
      4961.27  1.50701e-15  1.78346e-17
      4964.01  1.52998e-15  1.97813e-17
      4966.76  1.56766e-15  1.83739e-17
      4969.50  1.54111e-15  1.67153e-17
      4972.25  1.49882e-15  2.20028e-17
      4975.00  1.46392e-15  2.13362e-17
      4977.74  1.53704e-15  2.21869e-17
      4980.49  1.60010e-15  1.84394e-17
      4983.23  1.61563e-15  1.90476e-17
      4985.98  1.60343e-15  1.92742e-17
      4988.72  1.52112e-15  2.08655e-17
      4991.47  1.58025e-15  1.84350e-17
      4994.21  1.68267e-15  2.87152e-17
      4996.96  1.68152e-15  2.09686e-17
      4999.70  1.57849e-15  1.95587e-17
      5002.45  1.52293e-15  1.82724e-17
      5005.19  1.50643e-15  1.85433e-17
      5007.94  1.48300e-15  1.74376e-17
      5010.68  1.59114e-15  1.95534e-17
      5013.43  1.67318e-15  1.88950e-17
      5016.17  1.52988e-15  1.73591e-17
      5018.92  1.54308e-15  1.75361e-17
      5021.67  1.51547e-15  1.77440e-17
      5024.41  1.48786e-15  3.72313e-17
      5027.16  1.46024e-15  1.76952e-17
      5029.90  1.43263e-15  1.59083e-17
      5032.65  1.40265e-15  1.69051e-17
      5035.39  1.39278e-15  1.98966e-17
      5038.14  1.35019e-15  1.97180e-17
      5040.88  1.30111e-15  1.97413e-17
      5043.62  1.34387e-15  1.97824e-17
      5046.37  1.31168e-15  1.92042e-17
      5049.11  1.30925e-15  1.98297e-17
      5051.86  1.32981e-15  1.65683e-17
      5054.60  1.29578e-15  1.71507e-17
      5057.35  1.33478e-15  1.53522e-17
      5060.09  1.35498e-15  1.54472e-17
      5062.84  1.30258e-15  1.64938e-17
      5065.58  1.33230e-15  1.64775e-17
      5068.33  1.29611e-15  1.72969e-17
      5071.07  1.29899e-15  1.63912e-17
      5073.82  1.30187e-15  2.64017e-17
      5076.56  1.30476e-15  1.57195e-17
      5079.31  1.30337e-15  3.94289e-17
      5082.05  1.30091e-15  1.73676e-17
      5084.80  1.29844e-15  1.61702e-17
      5087.54  1.28473e-15  1.62043e-17
      5090.29  1.27254e-15  1.91534e-17
      5093.03  1.29395e-15  1.95769e-17
      5095.77  1.37596e-15  1.65274e-17
      5098.52  1.34039e-15  1.86471e-17
      5101.26  1.42775e-15  1.80917e-17
      5104.01  1.34045e-15  1.74646e-17
      5106.75  1.33583e-15  1.65405e-17
      5109.50  1.34426e-15  1.50835e-17
      5112.24  1.35361e-15  1.51870e-17
      5114.98  1.31227e-15  1.91091e-17
      5117.73  1.30727e-15  2.11105e-17
      5120.47  1.42270e-15  2.23674e-17
      5123.22  1.32574e-15  1.68399e-17
      5125.96  1.38295e-15  1.79066e-17
      5128.71  1.39707e-15  1.69990e-17
      5131.45  1.41853e-15  1.69495e-17
      5134.19  1.43652e-15  1.77817e-17
      5136.94  1.44421e-15  1.69414e-17
      5139.68  1.46885e-15  1.57747e-17
      5142.43  1.46116e-15  1.67550e-17
      5145.17  1.45347e-15  1.79967e-17
      5147.91  1.44578e-15  2.36710e-17
      5150.66  1.43810e-15  1.62812e-17
      5153.40  1.43041e-15  4.15594e-17
      5156.15  1.42272e-15  2.17288e-17
      5158.89  1.41503e-15  2.06983e-17
      5161.63  1.52178e-15  1.76987e-17
      5164.38  1.51194e-15  1.73704e-17
      5167.12  1.57489e-15  1.75133e-17
      5169.86  1.77469e-15  2.55232e-17
      5172.61  1.56211e-15  2.13006e-17
      5175.35  1.72653e-15  2.01360e-17
      5178.10  1.61947e-15  1.92395e-17
      5180.84  1.64962e-15  1.78453e-17
      5183.58  1.60679e-15  2.18486e-17
      5186.33  1.77994e-15  1.89950e-17
      5189.07  1.72943e-15  1.86497e-17
      5191.81  1.75207e-15  2.19292e-17
      5194.56  1.73931e-15  2.33948e-17
      5197.30  1.83155e-15  1.99118e-17
      5200.04  1.82113e-15  1.78920e-17
      5202.79  1.81071e-15  1.88075e-17
      5205.53  1.80029e-15  3.50788e-17
      5208.27  1.78988e-15  2.29948e-17
      5211.02  1.77946e-15  2.32646e-17
      5213.76  1.74980e-15  2.30496e-17
      5216.50  1.98174e-15  2.26136e-17
      5219.25  1.95128e-15  2.02381e-17
      5221.99  1.92083e-15  3.01290e-17
      5224.73  1.89038e-15  2.35789e-17
      5227.48  1.85993e-15  1.98700e-17
      5230.22  1.88539e-15  1.98156e-17
      5232.96  1.90956e-15  1.97441e-17
      5235.71  1.83612e-15  2.08178e-17
      5238.45  1.85652e-15  2.25639e-17
      5241.19  1.90641e-15  2.37102e-17
      5243.93  1.90932e-15  1.96937e-17
      5246.68  2.08493e-15  2.25517e-17
      5249.42  2.09759e-15  2.53939e-17
      5252.16  1.87706e-15  2.32260e-17
      5254.91  1.80478e-15  2.35867e-17
      5257.65  1.81501e-15  1.97435e-17
      5260.39  1.82524e-15  2.16111e-17
      5263.13  1.83547e-15  2.30234e-17
      5265.88  1.84339e-15  2.50762e-17
      5268.62  1.83866e-15  2.08660e-17
      5271.36  1.83393e-15  2.44731e-17
      5274.11  1.86348e-15  2.30779e-17
      5276.85  1.84808e-15  2.33894e-17
      5279.59  1.87880e-15  2.31343e-17
      5282.33  1.89101e-15  2.35490e-17
      5285.08  1.91852e-15  2.09665e-17
      5287.82  1.88591e-15  2.34335e-17
      5290.56  1.85330e-15  2.26060e-17
      5293.30  1.91797e-15  2.39833e-17
      5296.05  1.94573e-15  1.97757e-17
      5298.79  1.89985e-15  1.97175e-17
      5301.53  1.87947e-15  1.95271e-17
      5304.27  1.77033e-15  1.91635e-17
      5307.02  1.92382e-15  2.07950e-17
      5309.76  1.75988e-15  2.30686e-17
      5312.50  1.70896e-15  2.56050e-17
      5315.24  1.65804e-15  1.88445e-17
      5317.98  1.66947e-15  1.84118e-17
      5320.73  1.65311e-15  1.94127e-17
      5323.47  1.61380e-15  2.14816e-17
      5326.21  1.50426e-15  2.38121e-17
      5328.95  1.50026e-15  1.69279e-17
      5331.69  1.49625e-15  1.80148e-17
      5334.44  1.49224e-15  1.86865e-17
      5337.18  1.46987e-15  2.73380e-17
      5339.92  1.44781e-15  1.83050e-17
      5342.66  1.42576e-15  1.71032e-17
      5345.40  1.41899e-15  1.71807e-17
      5348.15  1.38517e-15  3.37711e-17
      5350.89  1.35137e-15  2.26408e-17
      5353.63  1.38071e-15  1.55921e-17
      5356.37  1.27292e-15  2.19420e-17
      5359.11  1.34296e-15  1.71759e-17
      5361.85  1.31536e-15  1.97502e-17
      5364.60  1.36761e-15  1.57392e-17
      5367.34  1.30817e-15  1.71730e-17
      5370.08  1.41653e-15  2.01110e-17
      5372.82  1.37712e-15  1.59818e-17
      5375.56  1.44418e-15  1.94289e-17
      5378.30  1.39294e-15  1.57118e-17
      5381.05  1.28981e-15  1.51043e-17
      5383.79  1.39883e-15  1.99059e-17
      5386.53  1.32229e-15  1.68773e-17
      5389.27  1.35419e-15  1.57049e-17
      5392.01  1.33294e-15  1.72667e-17
      5394.75  1.33635e-15  1.83379e-17
      5397.49  1.32846e-15  3.26028e-17
      5400.24  1.32057e-15  1.63176e-17
      5402.98  1.31269e-15  1.67945e-17
      5405.72  1.26087e-15  1.67568e-17
      5408.46  1.29639e-15  1.55113e-17
      5411.20  1.27503e-15  1.56317e-17
      5413.94  1.25437e-15  2.56952e-17
      5416.68  1.23018e-15  5.85012e-17
      5419.42  1.24584e-15  1.99275e-17
      5422.16  1.26151e-15  2.19986e-17
      5424.91  1.27717e-15  2.68877e-17
      5427.65  1.29284e-15  2.02900e-17
      5430.39  1.30850e-15  1.78120e-17
      5433.13  1.32417e-15  3.23681e-17
      5435.87  1.31283e-15  1.71183e-17
      5438.61  1.30708e-15  3.03204e-17
      5441.35  1.30132e-15  2.17413e-17
      5444.09  1.29556e-15  1.65399e-17
      5446.83  1.25499e-15  1.92903e-17
      5449.57  1.25979e-15  1.95393e-17
      5452.31  1.29276e-15  1.72142e-17
      5455.05  1.31117e-15  1.74602e-17
      5457.79  1.26510e-15  2.08186e-17
      5460.53  1.35687e-15  1.73726e-17
      5463.27  1.37137e-15  1.76148e-17
      5466.02  1.28031e-15  1.65439e-17
      5468.76  1.44863e-15  2.32877e-17
      5471.50  1.28697e-15  1.55741e-17
      5474.24  1.48164e-15  2.43283e-17
      5476.98  1.33980e-15  1.77849e-17
      5479.72  1.30905e-15  1.98304e-17
      5482.46  1.32537e-15  1.88538e-17
      5485.20  1.44223e-15  2.12494e-17
      5487.94  1.36430e-15  2.04433e-17
      5490.68  1.31376e-15  2.04546e-17
      5493.42  1.22706e-15  2.04882e-17
      5496.16  1.31006e-15  2.01785e-17
      5498.90  1.33084e-15  1.74683e-17
      5501.64  1.33874e-15  1.70834e-17
      5504.38  1.24608e-15  1.97130e-17
      5507.12  1.24534e-15  2.04751e-17
      5509.86  1.25644e-15  1.67805e-17
      5512.60  1.26755e-15  2.47271e-17
      5515.34  1.27865e-15  1.57865e-17
      5518.08  1.31406e-15  1.60317e-17
      5520.82  1.23821e-15  1.91949e-17
      5523.56  1.28873e-15  1.61213e-17
      5526.30  1.23343e-15  1.62000e-17
      5529.04  1.18833e-15  1.57230e-17
      5531.78  1.24063e-15  1.51606e-17
      5534.52  1.21164e-15  1.61453e-17
      5537.25  1.19246e-15  1.61629e-17
      5539.99  1.27589e-15  2.11485e-17
      5542.73  1.14754e-15  1.67024e-17
      5545.47  1.22448e-15  1.74133e-17
      5548.21  1.13287e-15  1.60832e-17
      5550.95  1.21482e-15  1.69184e-17
      5553.69  1.23553e-15  1.51962e-17
      5556.43  1.25553e-15  1.53963e-17
      5559.17  1.15245e-15  1.58803e-17
      5561.91  1.18035e-15  1.87705e-17
      5564.65  1.28507e-15  1.65956e-17
      5567.39  1.19161e-15  1.89945e-17
      5570.13  1.25904e-15  1.64769e-17
      5572.87  1.23458e-15  1.52545e-17
      5575.60  1.22104e-15  1.74163e-17
      5578.34  1.25347e-15  1.74891e-17
      5581.08  1.33301e-15  1.58346e-17
      5583.82  1.35541e-15  1.58848e-17
      5586.56  1.33065e-15  1.58736e-17
      5589.30  1.35064e-15  3.05932e-17
      5592.04  1.37064e-15  2.28821e-17
      5594.78  1.39063e-15  1.72186e-17
      5597.52  1.30761e-15  1.70120e-17
      5600.25  1.38884e-15  1.80753e-17
      5602.99  1.43645e-15  1.78730e-17
      5605.73  1.47243e-15  1.68987e-17
      5608.47  1.43116e-15  1.65698e-17
      5611.21  1.45140e-15  1.63392e-17
      5613.95  1.47166e-15  1.63815e-17
      5616.69  1.64830e-15  2.33195e-17
      5619.42  1.49313e-15  1.75744e-17
      5622.16  1.50457e-15  1.78579e-17
      5624.90  1.46671e-15  1.99378e-17
      5627.64  1.50493e-15  1.84579e-17
      5630.38  1.49123e-15  1.80671e-17
      5633.12  1.62258e-15  2.01530e-17
      5635.85  1.51582e-15  1.79557e-17
      5638.59  1.55969e-15  1.93916e-17
      5641.33  1.59604e-15  1.81252e-17
      5644.07  1.56160e-15  1.93357e-17
      5646.81  1.62582e-15  1.73747e-17
      5649.54  1.64131e-15  2.00467e-17
      5652.28  1.60165e-15  1.92725e-17
      5655.02  1.62163e-15  1.89682e-17
      5657.76  1.63312e-15  1.97308e-17
      5660.50  1.64462e-15  2.74169e-17
      5663.23  1.65611e-15  1.92595e-17
      5665.97  1.66761e-15  1.95774e-17
      5668.71  1.56682e-15  2.07170e-17
      5671.45  1.63907e-15  1.99199e-17
      5674.19  1.66322e-15  2.02477e-17
      5676.92  1.66624e-15  1.98235e-17
      5679.66  1.67090e-15  2.02919e-17
      5682.40  1.67556e-15  3.24791e-17
      5685.14  1.68022e-15  2.01770e-17
      5687.87  1.64531e-15  1.84495e-17
      5690.61  1.58521e-15  2.46944e-17
      5693.35  1.75039e-15  1.81334e-17
      5696.08  1.69237e-15  2.01725e-17
      5698.82  1.61562e-15  2.32973e-17
      5701.56  1.74390e-15  1.93579e-17
      5704.30  2.39943e-15  1.13150e-16
