      2894.89  1.15911e-14  2.31554e-15
      2897.63  2.95143e-15  1.24071e-15
      2900.37  2.81843e-15  1.39890e-15
      2903.12  2.68544e-15  9.44562e-16
      2905.86  2.55244e-15  7.82352e-16
      2908.61  2.41944e-15  7.59906e-16
      2911.35  2.28644e-15  7.33846e-16
      2914.10  2.15345e-15  2.20331e-15
      2916.84  2.02045e-15  5.88866e-16
      2919.59  1.88744e-15  1.17910e-15
      2922.33  1.75444e-15  4.22726e-16
      2925.07  1.62142e-15  3.32793e-16
      2927.82  1.48843e-15  3.48707e-16
      2930.56  1.35542e-15  2.75289e-16
      2933.31  1.22240e-15  2.62889e-16
      2936.05  1.08939e-15  2.22141e-16
      2938.80  9.56382e-16  1.94738e-16
      2941.54  8.23371e-16  2.75659e-16
      2944.29  6.90360e-16  1.52590e-16
      2947.03  5.57349e-16  1.65976e-16
      2949.78  4.24326e-16  1.64220e-16
      2952.52  2.91316e-16  1.26326e-16
      2955.27  1.58293e-16  1.18129e-16
      2958.01 -5.66276e-17  8.60818e-17
      2960.76  2.12628e-16  1.08662e-16
      2963.50 -2.26966e-16  1.00607e-16
      2966.24 -2.77697e-16  8.12136e-17
      2968.99  2.63600e-16  9.12932e-17
      2971.73 -3.28409e-16  1.35056e-16
      2974.48  1.02642e-16  7.04160e-17
      2977.22  2.62997e-16  9.87192e-17
      2979.97  4.23337e-16  6.90302e-17
      2982.71  5.83691e-16  7.78150e-17
      2985.46  3.24173e-16  5.87334e-17
      2988.20  1.08308e-16  6.61960e-17
      2990.95  1.50854e-16  2.14453e-16
      2993.69  1.93401e-16  5.95855e-17
      2996.44  2.35951e-16  6.15689e-17
      2999.19  2.93863e-16  5.64026e-17
      3001.93  3.55855e-16  1.77382e-16
      3004.68  4.17852e-16  7.22881e-17
      3007.42  4.79844e-16  6.10576e-17
      3010.17  5.41841e-16  6.27245e-17
      3012.91  5.95237e-16  6.29778e-17
      3015.66  2.59652e-16  6.35664e-17
      3018.40  3.74906e-16  5.31619e-17
      3021.15  5.90889e-16  5.40932e-17
      3023.89  5.25954e-16  5.34613e-17
      3026.64  4.29210e-16  5.48961e-17
      3029.38  4.28287e-16  4.96685e-17
      3032.13  4.80367e-16  1.11206e-16
      3034.87  5.32446e-16  4.90177e-17
      3037.62  4.18317e-16  4.92645e-17
      3040.37  5.68391e-16  5.21802e-17
      3043.11  5.65762e-16  5.10962e-17
      3045.86  4.85038e-16  4.73782e-17
      3048.60  5.32934e-16  4.72212e-17
      3051.35  5.51476e-16  5.34684e-17
      3054.09  5.70017e-16  4.80325e-17
      3056.84  5.88558e-16  4.79040e-17
      3059.58  6.07100e-16  4.95122e-17
      3062.33  6.03935e-16  1.88743e-16
      3065.08  6.04368e-16  4.32616e-17
      3067.82  6.04801e-16  5.23775e-17
      3070.57  6.05234e-16  5.26256e-17
      3073.31  6.64826e-16  5.16469e-17
      3076.06  6.10917e-16  4.29418e-17
      3078.81  5.02501e-16  4.04232e-17
      3081.55  4.95186e-16  4.52632e-17
      3084.30  4.87870e-16  1.76705e-16
      3087.04  4.80554e-16  4.32368e-17
      3089.79  4.73239e-16  4.80459e-17
      3092.53  5.12173e-16  4.64801e-17
      3095.28  5.12079e-16  8.69456e-17
      3098.03  5.11986e-16  8.79852e-17
      3100.77  5.11893e-16  3.96454e-17
      3103.52  5.11799e-16  4.51718e-17
      3106.26  3.50479e-16  3.59704e-17
      3109.01  4.81522e-16  3.93682e-17
      3111.76  5.50337e-16  3.97433e-17
      3114.50  4.93730e-16  3.81927e-17
      3117.25  2.38145e-16  4.08801e-17
      3120.00  2.83540e-16  5.16358e-17
      3122.74  3.28935e-16  1.38171e-16
      3125.49  3.74333e-16  3.80847e-17
      3128.23  4.19728e-16  3.57019e-17
      3130.98  4.20567e-16  3.90163e-17
      3133.73  4.37107e-16  2.19198e-16
      3136.47  4.53650e-16  3.98530e-17
      3139.22  4.70191e-16  3.52445e-17
      3141.97  5.81468e-16  4.20736e-17
      3144.71  5.54093e-16  3.92966e-17
      3147.46  5.99041e-16  3.83479e-17
      3150.20  6.56103e-16  5.99640e-17
      3152.95  6.17668e-16  4.66598e-17
      3155.70  5.79233e-16  7.19358e-17
      3158.44  5.40795e-16  7.44823e-17
      3161.19  5.05558e-16  3.67264e-17
      3163.94  4.87632e-16  3.60125e-17
      3166.68  4.69705e-16  3.44684e-17
      3169.43  4.51780e-16  3.33838e-17
      3172.18  4.33853e-16  6.77867e-17
      3174.92  4.15926e-16  3.62837e-17
      3177.67  3.98000e-16  6.85937e-17
      3180.42  3.80073e-16  3.39687e-17
      3183.16  3.62146e-16  3.31014e-17
      3185.91  3.44219e-16  3.28813e-17
      3188.66  3.26291e-16  3.15407e-17
      3191.40  4.22535e-16  3.44558e-17
      3194.15  4.74687e-16  3.17334e-17
      3196.90  5.33363e-16  3.44752e-17
      3199.64  4.49713e-16  3.30317e-17
      3202.39  5.51872e-16  3.34209e-17
      3205.14  5.31865e-16  3.12074e-17
      3207.88  4.20025e-16  3.08913e-17
      3210.63  4.52968e-16  3.01262e-17
      3213.38  5.56009e-16  3.21992e-17
      3216.12  5.20574e-16  3.18408e-17
      3218.87  4.50233e-16  3.21181e-17
      3221.62  5.56361e-16  3.16845e-17
      3224.36  5.38713e-16  3.22672e-17
      3227.11  5.43519e-16  3.15581e-17
      3229.86  3.68263e-16  2.94699e-17
      3232.60  3.18442e-16  6.65883e-17
      3235.35  4.99105e-16  5.42762e-17
      3238.10  6.06054e-16  3.08708e-17
      3240.85  6.50048e-16  3.18668e-17
      3243.59  6.84458e-16  3.71525e-17
      3246.34  6.46331e-16  8.22556e-17
      3249.09  6.08200e-16  3.45725e-17
      3251.83  5.70069e-16  3.19325e-17
      3254.58  7.02761e-16  3.20422e-17
      3257.33  6.80916e-16  3.03700e-17
      3260.08  7.20826e-16  3.50752e-17
      3262.82  7.37948e-16  3.40349e-17
      3265.57  7.89435e-16  3.20280e-17
      3268.32  6.02077e-16  3.04495e-17
      3271.06  6.33090e-16  6.20892e-17
      3273.81  6.64099e-16  9.78018e-17
      3276.56  6.95111e-16  3.36289e-17
      3279.31  7.26123e-16  3.11657e-17
      3282.05  7.57133e-16  3.55433e-17
      3284.80  8.76436e-16  3.33774e-17
      3287.55  9.98007e-16  4.04887e-17
      3290.29  7.78224e-16  3.20740e-17
      3293.04  7.28452e-16  3.19886e-17
      3295.79  8.88453e-16  3.24867e-17
      3298.54  5.98129e-16  2.95935e-17
      3301.28  6.29226e-16  4.78838e-17
      3304.03  7.86700e-16  3.48874e-17
      3306.78  7.39753e-16  3.05284e-17
      3309.53  7.70255e-16  3.05348e-17
      3312.27  6.75634e-16  2.88433e-17
      3315.02  6.37121e-16  2.88099e-17
      3317.77  6.97691e-16  3.29282e-17
      3320.52  5.73693e-16  2.73836e-17
      3323.26  5.95543e-16  2.93817e-17
      3326.01  5.97213e-16  2.71539e-17
      3328.76  5.46227e-16  2.75046e-17
      3331.51  5.62532e-16  3.38671e-17
      3334.25  5.78836e-16  3.75048e-17
      3337.00  5.95141e-16  3.01255e-17
      3339.75  6.11445e-16  1.53050e-16
      3342.50  5.91479e-16  2.76101e-17
      3345.24  5.65411e-16  2.79668e-17
      3347.99  5.39346e-16  5.21148e-17
      3350.74  5.13278e-16  2.86779e-17
      3353.49  4.05032e-16  4.45993e-17
      3356.24  5.32644e-16  2.71829e-17
      3358.98  5.14404e-16  2.65299e-17
      3361.73  5.05432e-16  3.26095e-17
      3364.48  4.96460e-16  2.58416e-17
      3367.23  4.87488e-16  6.09995e-17
      3369.97  4.78516e-16  2.53664e-17
      3372.72  4.69544e-16  2.69174e-17
      3375.47  4.60572e-16  2.74453e-17
      3378.22  4.80015e-16  4.97516e-17
      3380.97  5.00457e-16  6.19663e-17
      3383.71  5.20900e-16  4.05843e-17
      3386.46  5.41344e-16  2.86500e-17
      3389.21  5.61786e-16  7.88474e-17
      3391.96  5.92901e-16  2.61781e-17
      3394.70  6.08550e-16  4.80329e-17
      3397.45  5.91692e-16  9.81611e-17
      3400.20  5.74833e-16  1.79159e-16
      3402.95  5.57976e-16  2.35790e-17
      3405.70  5.41117e-16  2.47499e-17
      3408.44  5.44223e-16  2.46721e-17
      3411.19  5.52179e-16  6.73528e-17
      3413.94  5.60135e-16  2.43716e-17
      3416.69  5.58545e-16  2.59879e-17
      3419.44  5.53210e-16  4.15435e-17
      3422.18  5.47875e-16  3.05856e-17
      3424.93  5.42539e-16  3.91716e-17
      3427.68  5.37204e-16  2.42704e-17
      3430.43  5.31869e-16  2.47055e-17
      3433.18  4.97012e-16  2.44106e-17
      3435.93  6.12494e-16  2.55209e-17
      3438.67  5.97764e-16  2.89424e-17
      3441.42  4.92880e-16  3.34574e-17
      3444.17  5.36844e-16  2.30404e-16
      3446.92  5.80805e-16  3.00628e-17
      3449.67  6.24769e-16  3.93089e-17
      3452.41  7.61684e-16  2.51055e-17
      3455.16  6.57951e-16  2.78497e-17
      3457.91  6.76523e-16  5.04886e-17
      3460.66  6.95095e-16  2.95831e-17
      3463.41  7.34153e-16  2.50585e-17
      3466.16  8.63199e-16  2.64103e-17
      3468.90  7.63033e-16  2.73256e-17
      3471.65  6.40889e-16  2.71826e-17
      3474.40  6.49627e-16  2.55363e-17
      3477.15  6.69400e-16  3.13235e-17
      3479.90  7.50376e-16  3.47696e-17
      3482.65  5.89191e-16  2.93504e-17
      3485.39  6.32506e-16  2.78573e-17
      3488.14  5.52141e-16  3.00715e-17
      3490.89  6.00981e-16  2.71795e-17
      3493.64  5.83357e-16  4.79593e-17
      3496.39  5.65731e-16  2.62685e-17
      3499.14  6.30568e-16  2.39374e-17
      3501.88  5.66292e-16  2.30505e-17
      3504.63  5.94693e-16  4.02433e-17
      3507.38  6.23096e-16  9.22220e-17
      3510.13  6.51500e-16  5.72543e-17
      3512.88  6.79901e-16  2.75446e-17
      3515.63  7.08305e-16  2.75940e-17
      3518.37  7.32037e-16  2.40266e-17
      3521.12  6.59390e-16  2.36889e-17
      3523.87  6.61672e-16  2.36935e-17
      3526.62  6.63954e-16  2.43824e-17
      3529.37  6.66236e-16  2.46492e-17
      3532.12  6.68518e-16  2.39700e-17
      3534.87  6.70800e-16  2.34509e-17
      3537.61  6.73082e-16  3.49974e-17
      3540.36  6.75363e-16  2.83848e-17
      3543.11  6.79219e-16  2.53247e-17
      3545.86  6.83744e-16  1.35704e-16
      3548.61  6.88269e-16  4.06044e-17
      3551.36  6.92794e-16  2.34575e-17
      3554.11  6.97319e-16  2.41600e-17
      3556.85  7.13095e-16  2.58980e-17
      3559.60  6.49059e-16  2.44551e-17
      3562.35  6.14235e-16  2.31920e-17
      3565.10  6.53921e-16  2.31511e-17
      3567.85  6.33277e-16  2.25837e-17
      3570.60  7.09229e-16  2.32266e-17
      3573.35  6.73585e-16  2.38235e-17
      3576.10  7.32034e-16  2.52316e-17
      3578.84  7.41225e-16  2.35429e-17
      3581.59  6.96218e-16  2.46179e-17
      3584.34  7.12857e-16  2.25810e-17
      3587.09  7.58839e-16  2.32299e-17
      3589.84  7.31214e-16  2.36099e-17
      3592.59  7.10312e-16  2.43775e-17
      3595.34  6.76271e-16  2.45120e-17
      3598.09  6.89502e-16  2.32470e-17
      3600.83  6.59782e-16  2.22349e-17
      3603.58  6.47008e-16  2.18972e-17
      3606.33  7.11851e-16  2.40003e-17
      3609.08  7.14232e-16  2.36300e-17
      3611.83  7.86760e-16  2.38886e-17
      3614.58  7.51187e-16  2.31598e-17
      3617.33  7.91249e-16  2.68458e-17
      3620.08  8.31308e-16  3.16447e-17
      3622.83  8.71371e-16  3.02111e-17
      3625.57  8.62620e-16  2.50081e-17
      3628.32  8.89598e-16  2.37487e-17
      3631.07  9.16574e-16  4.60933e-17
      3633.82  9.43552e-16  3.23753e-17
      3636.57  7.84909e-16  2.36600e-17
      3639.32  8.29538e-16  2.47335e-17
      3642.07  8.74167e-16  3.90228e-17
      3644.82  9.12823e-16  2.37692e-17
      3647.57  8.93294e-16  2.44196e-17
      3650.31  8.73766e-16  2.51202e-17
      3653.06  8.54236e-16  4.93916e-17
      3655.81  8.34708e-16  2.30510e-17
      3658.56  9.59728e-16  2.34524e-17
      3661.31  8.69293e-16  2.26649e-17
      3664.06  9.07882e-16  2.35876e-17
      3666.81  9.83304e-16  2.35082e-17
      3669.56  9.02390e-16  2.28682e-17
      3672.31  9.31031e-16  4.13719e-17
      3675.06  9.59672e-16  2.65376e-17
      3677.81  9.88313e-16  2.35322e-17
      3680.55  9.14466e-16  2.32359e-17
      3683.30  9.31390e-16  3.04706e-17
      3686.05  9.48317e-16  2.38561e-17
      3688.80  9.65242e-16  4.97853e-17
      3691.55  9.82166e-16  2.27886e-17
      3694.30  9.99091e-16  2.42803e-17
      3697.05  1.05376e-15  2.37997e-17
      3699.80  9.46825e-16  2.26888e-17
      3702.55  1.01601e-15  2.33837e-17
      3705.30  9.56132e-16  2.48633e-17
      3708.05  1.02442e-15  2.58646e-17
      3710.79  1.07196e-15  2.54595e-17
      3713.54  9.89576e-16  2.30478e-17
      3716.29  1.01365e-15  2.34872e-17
      3719.04  9.99972e-16  2.28853e-17
      3721.79  9.86292e-16  6.28741e-17
      3724.54  9.72612e-16  2.20794e-17
      3727.29  9.58931e-16  2.23291e-17
      3730.04  9.45251e-16  2.50281e-17
      3732.79  9.31571e-16  2.68692e-17
      3735.54  9.25366e-16  2.16848e-17
      3738.29  9.47161e-16  2.68231e-17
      3741.04  9.68953e-16  2.25846e-17
      3743.78  9.90747e-16  2.22253e-17
      3746.53  1.01254e-15  2.28481e-17
      3749.28  1.01959e-15  2.23679e-17
      3752.03  1.01899e-15  2.28107e-17
      3754.78  1.00602e-15  2.18327e-17
      3757.53  1.10301e-15  2.28810e-17
      3760.28  1.06851e-15  2.19925e-17
      3763.03  1.00856e-15  2.29566e-17
      3765.78  1.11190e-15  2.20975e-17
      3768.53  1.15518e-15  2.67134e-17
      3771.28  1.15007e-15  2.46302e-17
      3774.03  1.12550e-15  2.21798e-17
      3776.78  1.15604e-15  2.26036e-17
      3779.53  1.11617e-15  2.32766e-17
      3782.27  1.11107e-15  2.25455e-17
      3785.02  1.16447e-15  2.37556e-17
      3787.77  1.15458e-15  5.74050e-17
      3790.52  1.14469e-15  2.21906e-17
      3793.27  1.13480e-15  2.17469e-17
      3796.02  1.12491e-15  2.15839e-17
      3798.77  1.21897e-15  2.24059e-17
      3801.52  1.14105e-15  2.09943e-17
      3804.27  1.06312e-15  3.81264e-17
      3807.02  9.85189e-16  2.00777e-17
      3809.77  9.07262e-16  2.00981e-17
      3812.52  8.60282e-16  7.73260e-17
      3815.27  7.97157e-16  1.85555e-17
      3818.02  7.64766e-16  1.82764e-17
      3820.77  7.68096e-16  1.82744e-17
      3823.51  6.80116e-16  1.73082e-17
      3826.26  7.08563e-16  1.71507e-17
      3829.01  7.21871e-16  1.75789e-17
      3831.76  6.91459e-16  1.81424e-17
      3834.51  6.78472e-16  1.70851e-17
      3837.26  6.42664e-16  1.70368e-17
      3840.01  6.47309e-16  1.67310e-17
      3842.76  6.60212e-16  1.64974e-17
      3845.51  6.54090e-16  1.65985e-17
      3848.26  6.77144e-16  1.86376e-17
      3851.01  7.00200e-16  6.51995e-17
      3853.76  7.23254e-16  1.81382e-17
      3856.51  7.46310e-16  1.74065e-17
      3859.26  7.69366e-16  8.30682e-17
      3862.01  8.12259e-16  1.84661e-17
      3864.76  8.58439e-16  1.88096e-17
      3867.51  7.77302e-16  1.90379e-17
      3870.25  8.54813e-16  1.79434e-17
      3873.00  9.34851e-16  1.94408e-17
      3875.75  9.10481e-16  1.84395e-17
      3878.50  9.45020e-16  1.87505e-17
      3881.25  9.79559e-16  3.60917e-17
      3884.00  1.01409e-15  2.06139e-17
      3886.75  1.05672e-15  1.95905e-17
      3889.50  1.02756e-15  1.86513e-17
      3892.25  1.07903e-15  1.88497e-17
      3895.00  1.05041e-15  2.18882e-17
      3897.75  9.68936e-16  1.79300e-17
      3900.50  9.15722e-16  1.80424e-17
      3903.25  8.96113e-16  1.74580e-17
      3906.00  6.20725e-16  2.84842e-17
      3908.75  8.03171e-16  1.66118e-17
      3911.50  8.08840e-16  1.69769e-17
      3914.25  7.63344e-16  1.73888e-17
      3917.00  7.65431e-16  1.84285e-17
      3919.75  8.03258e-16  1.64299e-17
      3922.49  7.72983e-16  1.62053e-17
      3925.24  7.42707e-16  5.98124e-17
      3927.99  7.12432e-16  1.82751e-17
      3930.74  7.52575e-16  1.85967e-17
      3933.49  7.29247e-16  1.57050e-17
      3936.24  6.23081e-16  1.45097e-17
      3938.99  6.47718e-16  1.46560e-17
      3941.74  6.37690e-16  1.51941e-17
      3944.49  6.80110e-16  1.52377e-17
      3947.24  7.01230e-16  2.02496e-17
      3949.99  7.10405e-16  1.69516e-17
      3952.74  6.83168e-16  1.61965e-17
      3955.49  6.62107e-16  1.70959e-17
      3958.24  7.23789e-16  1.58881e-17
      3960.99  7.28066e-16  1.54695e-17
      3963.74  7.36965e-16  2.92111e-17
      3966.49  7.45865e-16  1.48242e-17
      3969.24  7.54764e-16  1.49622e-17
      3971.99  7.63663e-16  2.14333e-17
      3974.74  7.72562e-16  1.81590e-17
      3977.49  7.81462e-16  1.89833e-17
      3980.23  8.90745e-16  1.71021e-17
      3982.98  8.52433e-16  1.58535e-17
      3985.73  8.90300e-16  1.61788e-17
      3988.48  9.02359e-16  1.67774e-17
      3991.23  1.00644e-15  2.13421e-17
      3993.98  1.01051e-15  1.96980e-17
      3996.73  1.04752e-15  1.70287e-17
      3999.48  1.05264e-15  1.71719e-17
      4002.23  1.15143e-15  1.80749e-17
      4004.98  1.10129e-15  1.72771e-17
      4007.73  1.10197e-15  1.84673e-17
      4010.48  1.30219e-15  2.25613e-17
      4013.23  1.25960e-15  2.15424e-17
      4015.98  1.25325e-15  1.84952e-17
      4018.73  1.26296e-15  1.82345e-17
      4021.48  1.29876e-15  1.87248e-17
      4024.23  1.26446e-15  1.82755e-17
      4026.98  1.31160e-15  1.85997e-17
      4029.73  1.25517e-15  1.81297e-17
      4032.48  1.20953e-15  1.94108e-17
      4035.23  1.31794e-15  1.82977e-17
      4037.97  1.28851e-15  1.85538e-17
      4040.72  1.25933e-15  1.89955e-17
      4043.47  1.30759e-15  1.84002e-17
      4046.22  1.34451e-15  1.87382e-17
      4048.97  1.38974e-15  2.09981e-17
      4051.72  1.30788e-15  1.81316e-17
      4054.47  1.29965e-15  2.05276e-17
      4057.22  1.37434e-15  1.92484e-17
      4059.97  1.29822e-15  1.88117e-17
      4062.72  1.30327e-15  2.01571e-17
      4065.47  1.30833e-15  3.01122e-17
      4068.22  1.31338e-15  1.83586e-17
      4070.97  1.31843e-15  4.98925e-17
      4073.72  1.32419e-15  3.00861e-17
      4076.47  1.31599e-15  2.07997e-17
      4079.22  1.30779e-15  1.94206e-17
      4081.97  1.29960e-15  2.76376e-17
      4084.72  1.29140e-15  1.80290e-17
      4087.47  1.27655e-15  1.77899e-17
      4090.22  1.20472e-15  1.88234e-17
      4092.97  1.11269e-15  1.85361e-17
      4095.71  1.10667e-15  1.87480e-17
      4098.46  8.98925e-16  2.82724e-17
      4101.21  1.13390e-15  1.74167e-17
      4103.96  1.10453e-15  1.65402e-17
      4106.71  1.08628e-15  1.63266e-17
      4109.46  1.11255e-15  1.69690e-17
      4112.21  1.08112e-15  1.63213e-17
      4114.96  1.15219e-15  1.70284e-17
      4117.71  1.10323e-15  1.71342e-17
      4120.46  1.03708e-15  2.31116e-17
      4123.21  1.05285e-15  1.64274e-17
      4125.96  1.08669e-15  1.63184e-17
      4128.71  1.04795e-15  1.60424e-17
      4131.46  9.44848e-16  1.56288e-17
      4134.21  9.82817e-16  1.58622e-17
      4136.96  9.94958e-16  1.66069e-17
      4139.71  9.42054e-16  2.17200e-17
      4142.46  1.22945e-15  1.86156e-17
      4145.21  1.03092e-15  1.57294e-17
      4147.95  1.06665e-15  1.63551e-17
      4150.70  1.07630e-15  1.61942e-17
      4153.45  1.39296e-15  2.28434e-17
      4156.20  1.06980e-15  1.62506e-17
      4158.95  1.14750e-15  1.64794e-17
      4161.70  1.34564e-15  3.05931e-17
      4164.45  1.09796e-15  1.77432e-17
      4167.20  1.11953e-15  1.65619e-17
      4169.95  1.15131e-15  1.73506e-17
      4172.70  1.25192e-15  2.21992e-17
      4175.45  1.17138e-15  1.83335e-17
      4178.20  1.25020e-15  2.03355e-17
      4180.95  1.22113e-15  1.86572e-17
      4183.70  1.19147e-15  1.83493e-17
      4186.45  1.23734e-15  1.69975e-17
      4189.20  1.23770e-15  1.72973e-17
      4191.95  1.23805e-15  1.94102e-17
      4194.69  1.23841e-15  1.72459e-17
      4197.44  1.23876e-15  1.73702e-17
      4200.19  1.23912e-15  1.70747e-17
      4202.94  1.23947e-15  1.91073e-17
      4205.69  1.26095e-15  1.74843e-17
      4208.44  1.30242e-15  1.80583e-17
      4211.19  1.24653e-15  1.67966e-17
      4213.94  1.26229e-15  1.68565e-17
      4216.69  1.25143e-15  1.68718e-17
      4219.44  1.24057e-15  2.24615e-17
      4222.19  1.23665e-15  1.65872e-17
      4224.94  1.21720e-15  1.68187e-17
      4227.69  1.19775e-15  1.73155e-17
      4230.44  1.17829e-15  1.62839e-17
      4233.19  1.22164e-15  1.74199e-17
      4235.94  1.19899e-15  1.71432e-17
      4238.68  1.12977e-15  1.78233e-17
      4241.43  1.06951e-15  2.28212e-17
      4244.18  1.12650e-15  1.66193e-17
      4246.93  1.16154e-15  1.64325e-17
      4249.68  1.14242e-15  1.60671e-17
      4252.43  1.14275e-15  1.74451e-17
      4255.18  1.11050e-15  1.84898e-17
      4257.93  1.10433e-15  1.75523e-17
      4260.68  1.11470e-15  1.59546e-17
      4263.43  1.12330e-15  1.62176e-17
      4266.18  1.08186e-15  1.55620e-17
      4268.93  1.06688e-15  1.55467e-17
      4271.68  1.06389e-15  1.59916e-17
      4274.42  1.06750e-15  1.59495e-17
      4277.17  1.10592e-15  1.57990e-17
      4279.92  1.05222e-15  1.53265e-17
      4282.67  1.06003e-15  1.55396e-17
      4285.42  1.06785e-15  2.34189e-17
      4288.17  1.07567e-15  1.55054e-17
      4290.92  1.08349e-15  1.76837e-17
      4293.67  1.09131e-15  2.16622e-17
      4296.42  1.09913e-15  1.59811e-17
      4299.17  1.10695e-15  1.63316e-17
      4301.92  1.09293e-15  1.56690e-17
      4304.67  1.15142e-15  1.58579e-17
      4307.42  1.12010e-15  1.84907e-17
      4310.16  1.14553e-15  3.32188e-17
      4312.91  1.17095e-15  1.58678e-17
      4315.66  1.17479e-15  1.57552e-17
      4318.41  1.18089e-15  2.17455e-17
      4321.16  1.18699e-15  1.56997e-17
      4323.91  1.19309e-15  1.58582e-17
      4326.66  1.19919e-15  1.59271e-17
      4329.41  1.16937e-15  1.59169e-17
      4332.16  1.14746e-15  1.56238e-17
      4334.91  1.11350e-15  1.52767e-17
      4337.66  1.12114e-15  1.55536e-17
      4340.40  1.21394e-15  1.89391e-17
      4343.15  1.15053e-15  1.56783e-17
      4345.90  1.14920e-15  1.55487e-17
      4348.65  1.15456e-15  1.56717e-17
      4351.40  1.15008e-15  1.80239e-17
      4354.15  1.15641e-15  1.69383e-17
      4356.90  1.07786e-15  1.55440e-17
      4359.65  1.08789e-15  1.54513e-17
      4362.40  1.08691e-15  1.63677e-17
      4365.15  1.01214e-15  1.82245e-17
      4367.90  1.06228e-15  1.53190e-17
      4370.64  1.04681e-15  1.44305e-17
      4373.39  1.03134e-15  2.29253e-17
      4376.14  1.01587e-15  1.59593e-17
      4378.89  1.00040e-15  2.17688e-17
      4381.64  9.84927e-16  1.56788e-17
      4384.39  9.69455e-16  1.44313e-17
      4387.14  9.29506e-16  1.39513e-17
      4389.89  9.94141e-16  1.44046e-17
      4392.64  9.30992e-16  1.44158e-17
      4395.38  9.39369e-16  5.58189e-17
      4398.13  9.47745e-16  1.41341e-17
      4400.88  1.00094e-15  1.50473e-17
      4403.63  9.23368e-16  1.51390e-17
      4406.38  8.99559e-16  1.36403e-17
      4409.13  8.75380e-16  1.40659e-17
      4411.88  9.35402e-16  1.47344e-17
      4414.63  9.23583e-16  1.41486e-17
      4417.38  8.87865e-16  3.19763e-17
      4420.12  8.52153e-16  1.32834e-17
      4422.87  8.51991e-16  1.58040e-17
      4425.62  8.40052e-16  1.47199e-17
      4428.37  8.06839e-16  1.42929e-17
      4431.12  7.34250e-16  1.31983e-17
      4433.87  7.10257e-16  1.25450e-17
      4436.62  7.29707e-16  1.26015e-17
      4439.37  6.51991e-16  1.17602e-17
      4442.11  6.82922e-16  1.19650e-17
      4444.86  7.04895e-16  1.20207e-17
      4447.61  6.58505e-16  1.17319e-17
      4450.36  7.99213e-16  1.62773e-17
      4453.11  6.94508e-16  1.20090e-17
      4455.86  7.59248e-16  1.29398e-17
      4458.61  7.23397e-16  1.20811e-17
      4461.36  7.93595e-16  1.27423e-17
      4464.10  7.58400e-16  1.25346e-17
      4466.85  7.66858e-16  1.40038e-17
      4469.60  8.16487e-16  2.00044e-17
      4472.35  7.64489e-16  1.25044e-17
      4475.10  8.14287e-16  1.27386e-17
      4477.85  7.00857e-16  2.18136e-17
      4480.60  7.90563e-16  1.27951e-17
      4483.34  8.09818e-16  1.27723e-17
      4486.09  7.92880e-16  1.28706e-17
      4488.84  8.13275e-16  1.27204e-17
      4491.59  8.19632e-16  1.36294e-17
      4494.34  8.54070e-16  1.40589e-17
      4497.09  8.29589e-16  1.30584e-17
      4499.84  7.83307e-16  1.28120e-17
      4502.58  8.13072e-16  1.31745e-17
      4505.33  8.10739e-16  2.67115e-17
      4508.08  8.08406e-16  1.30974e-17
      4510.83  8.06073e-16  1.28996e-17
      4513.58  8.03740e-16  1.87601e-17
      4516.33  8.01407e-16  1.29200e-17
      4519.07  7.99075e-16  1.32257e-17
      4521.82  7.96742e-16  1.25621e-17
      4524.57  8.23031e-16  1.30532e-17
      4527.32  8.35702e-16  1.27604e-17
      4530.07  8.07500e-16  1.25606e-17
      4532.82  8.30494e-16  1.42221e-17
      4535.57  7.93494e-16  1.39002e-17
      4538.31  8.51140e-16  1.32818e-17
      4541.06  8.29035e-16  1.40943e-17
      4543.81  8.34397e-16  1.42367e-17
      4546.56  8.39761e-16  2.50225e-17
      4549.31  8.45123e-16  1.73006e-17
      4552.06  8.50487e-16  1.12532e-16
      4554.80  8.55849e-16  1.29800e-17
      4557.55  8.61213e-16  1.33621e-17
      4560.30  8.40807e-16  1.27665e-17
      4563.05  8.60642e-16  2.34779e-17
      4565.80  8.80474e-16  1.86416e-17
      4568.54  9.00306e-16  1.32023e-17
      4571.29  9.20141e-16  1.34815e-17
      4574.04  9.56422e-16  1.36436e-17
      4576.79  9.11879e-16  1.33341e-17
      4579.54  9.25470e-16  1.33859e-17
      4582.29  8.95142e-16  1.31434e-17
      4585.03  8.88108e-16  1.31479e-17
      4587.78  9.34809e-16  1.39350e-17
      4590.53  9.21111e-16  1.44879e-17
      4593.28  9.32348e-16  1.32820e-17
      4596.03  9.40294e-16  1.35039e-17
      4598.77  9.48239e-16  2.27052e-17
      4601.52  9.56185e-16  1.40426e-17
      4604.27  9.85386e-16  1.44419e-17
      4607.02  9.32083e-16  1.32155e-17
      4609.77  1.14046e-15  1.88071e-17
      4612.51  9.53072e-16  1.58428e-17
      4615.26  9.54495e-16  1.79530e-17
      4618.01  1.03510e-15  1.40360e-17
      4620.76  9.70797e-16  1.36593e-17
      4623.51  1.01071e-15  1.38758e-17
      4626.25  9.86670e-16  1.42996e-17
      4629.00  9.78710e-16  1.42410e-17
      4631.75  9.99659e-16  1.48231e-17
      4634.50  1.02061e-15  2.41792e-17
      4637.25  1.04155e-15  1.39516e-17
      4639.99  1.02949e-15  1.38921e-17
      4642.74  1.02808e-15  1.38963e-17
      4645.49  1.03388e-15  1.91969e-17
      4648.24  1.03967e-15  1.42682e-17
      4650.98  1.07074e-15  1.40743e-17
      4653.73  1.02490e-15  1.41017e-17
      4656.48  1.15841e-15  1.64302e-17
      4659.23  1.13120e-15  1.55407e-17
      4661.98  1.02152e-15  1.48662e-17
      4664.72  1.05894e-15  1.40435e-17
      4667.47  1.09289e-15  1.54683e-17
      4670.22  1.05180e-15  1.50377e-17
      4672.97  1.04391e-15  1.40861e-17
      4675.71  1.21333e-15  1.94699e-17
      4678.46  1.16558e-15  1.40930e-17
      4681.21  1.11782e-15  2.36405e-17
      4683.96  1.05858e-15  1.40165e-17
      4686.70  1.02114e-15  1.45042e-17
      4689.45  9.83699e-16  3.56007e-17
      4692.20  9.46259e-16  1.44074e-17
      4694.95  1.03517e-15  1.39620e-17
      4697.69  1.02862e-15  1.43985e-17
      4700.44  9.63731e-16  1.36125e-17
      4703.19  1.00324e-15  1.36023e-17
      4705.94  9.91857e-16  1.36225e-17
      4708.69  1.00169e-15  1.40111e-17
      4711.43  9.78466e-16  1.50810e-17
      4714.18  1.03579e-15  1.51769e-17
      4716.93  9.77738e-16  1.45241e-17
      4719.67  9.62968e-16  1.47136e-17
      4722.42  9.82817e-16  2.07077e-17
      4725.17  1.00267e-15  1.40939e-17
      4727.92  1.02251e-15  1.36168e-17
      4730.66  1.02149e-15  1.38985e-17
      4733.41  9.82002e-16  1.37292e-17
      4736.16  9.91994e-16  1.39628e-17
      4738.91  9.83211e-16  1.38261e-17
      4741.65  9.87932e-16  1.38435e-17
      4744.40  9.92653e-16  2.21040e-17
      4747.15  9.97374e-16  1.37484e-17
      4749.90  1.00210e-15  1.47022e-17
      4752.64  1.11656e-15  1.91601e-17
      4755.39  1.04404e-15  1.45516e-17
      4758.14  1.03185e-15  2.27097e-17
      4760.88  1.01965e-15  1.39207e-17
      4763.63  1.04239e-15  1.43092e-17
      4766.38  1.00556e-15  1.37572e-17
      4769.12  1.00147e-15  1.42726e-17
      4771.87  9.97374e-16  2.03548e-17
      4774.62  9.93281e-16  1.39136e-17
      4777.37  9.89188e-16  1.87476e-17
      4780.11  9.85095e-16  1.54183e-17
      4782.86  9.81002e-16  1.39001e-17
      4785.61  9.76909e-16  1.36926e-17
      4788.35  9.53500e-16  1.54332e-17
      4791.10  9.34193e-16  1.34018e-17
      4793.85  9.14885e-16  2.06252e-17
      4796.59  8.95581e-16  1.30763e-17
      4799.34  8.76273e-16  1.38898e-17
      4802.09  8.94188e-16  1.33926e-17
      4804.84  8.00832e-16  1.27586e-17
      4807.58  8.28678e-16  1.37886e-17
      4810.33  9.10813e-16  2.80373e-17
      4813.08  8.04765e-16  1.86062e-17
      4815.82  8.08413e-16  1.26253e-17
      4818.57  7.76675e-16  1.57765e-17
      4821.32  7.30583e-16  1.19015e-17
      4824.06  7.85846e-16  1.24692e-17
      4826.81  7.94076e-16  1.25884e-17
      4829.56  8.02305e-16  1.32694e-17
      4832.30  8.10536e-16  3.53575e-17
      4835.05  8.18765e-16  1.95338e-17
      4837.80  8.26994e-16  1.23858e-17
      4840.54  8.35223e-16  1.25828e-17
      4843.29  8.43453e-16  1.28129e-17
      4846.04  7.94978e-16  1.39151e-17
      4848.78  8.01163e-16  1.28594e-17
      4851.53  8.50920e-16  1.29283e-17
      4854.28  8.26405e-16  1.30143e-17
      4857.02  8.14536e-16  1.24243e-17
      4859.77  8.83993e-16  1.53993e-17
      4862.52  8.17799e-16  1.24852e-17
      4865.26  8.39775e-16  1.26834e-17
      4868.01  8.20510e-16  1.35474e-17
      4870.75  8.17667e-16  1.68614e-17
      4873.50  8.14825e-16  1.28171e-17
      4876.25  8.11982e-16  2.43555e-17
      4878.99  8.09140e-16  1.25725e-17
      4881.74  8.06297e-16  1.20129e-17
      4884.49  8.03454e-16  1.22137e-17
      4887.23  8.00612e-16  1.26803e-17
      4889.98  7.97769e-16  1.75521e-17
      4892.72  7.84527e-16  1.26897e-17
      4895.47  7.72328e-16  3.59042e-17
      4898.22  7.60131e-16  1.25387e-17
      4900.96  7.47934e-16  1.26963e-17
      4903.71  7.35737e-16  7.40306e-17
      4906.46  7.23541e-16  1.41426e-17
      4909.20  7.11344e-16  1.24260e-17
      4911.95  6.99147e-16  1.26903e-17
      4914.69  6.86950e-16  1.15526e-17
      4917.44  7.04512e-16  1.16847e-17
      4920.19  6.93396e-16  1.15488e-17
      4922.93  6.64528e-16  1.31190e-17
      4925.68  6.89341e-16  1.21517e-17
      4928.42  7.02779e-16  1.15447e-17
      4931.17  6.72199e-16  1.18406e-17
      4933.92  6.76661e-16  1.14904e-17
      4936.66  6.65507e-16  1.15818e-17
      4939.41  7.13958e-16  1.17168e-17
      4942.15  6.79788e-16  1.17184e-17
      4944.90  7.46135e-16  1.24489e-17
      4947.65  7.52609e-16  1.25126e-17
      4950.39  7.13586e-16  1.29324e-17
      4953.14  7.64316e-16  1.27284e-17
      4955.88  7.44527e-16  1.21035e-17
      4958.63  7.28791e-16  1.18731e-17
      4961.37  7.79438e-16  1.23292e-17
      4964.12  8.00418e-16  1.46569e-17
      4966.87  7.72141e-16  1.23948e-17
      4969.61  7.92805e-16  1.23954e-17
      4972.36  7.31548e-16  1.20138e-17
      4975.10  7.18200e-16  1.22906e-17
      4977.85  7.24972e-16  1.16735e-17
      4980.59  7.19588e-16  1.29028e-17
      4983.34  6.60967e-16  1.32985e-17
      4986.08  6.95599e-16  1.15438e-17
      4988.83  6.09085e-16  1.07116e-17
      4991.57  6.36084e-16  1.10306e-17
      4994.32  6.44948e-16  2.31943e-17
      4997.07  6.60146e-16  1.57014e-17
      4999.81  5.48983e-16  1.25250e-17
      5002.56  5.49058e-16  1.03345e-17
      5005.30  5.29103e-16  1.08550e-17
      5008.05  5.28499e-16  1.03146e-17
      5010.79  5.27895e-16  1.25439e-17
      5013.54  5.27292e-16  1.30658e-17
      5016.28  5.26688e-16  1.04631e-17
      5019.03  5.26084e-16  1.04507e-17
      5021.77  5.25480e-16  1.11297e-17
      5024.52  5.24877e-16  3.60829e-17
      5027.26  5.24273e-16  1.03803e-17
      5030.01  5.23669e-16  1.15359e-17
      5032.75  5.23065e-16  1.18207e-17
      5035.50  5.22462e-16  1.01493e-17
      5038.24  5.21858e-16  1.07093e-17
      5040.99  5.11548e-16  1.11653e-17
      5043.73  5.32539e-16  1.07080e-17
      5046.48  4.79421e-16  1.45319e-17
      5049.22  5.46261e-16  1.10124e-17
      5051.97  5.85969e-16  1.07370e-17
      5054.71  5.92401e-16  1.06861e-17
      5057.46  5.97416e-16  1.08691e-17
      5060.20  6.07593e-16  1.08344e-17
      5062.95  6.31459e-16  1.08523e-17
      5065.69  6.46857e-16  1.09565e-17
      5068.44  6.62006e-16  1.11471e-17
      5071.18  6.96688e-16  1.12322e-17
      5073.93  7.02524e-16  2.40169e-17
      5076.67  7.08361e-16  1.13166e-17
      5079.42  7.14197e-16  3.88432e-17
      5082.16  7.20033e-16  1.18224e-17
      5084.91  6.93840e-16  1.12753e-17
      5087.65  6.69666e-16  1.12095e-17
      5090.40  7.06006e-16  1.17306e-17
      5093.14  7.52099e-16  1.20453e-17
      5095.88  7.19005e-16  1.14097e-17
      5098.63  6.82953e-16  1.11833e-17
      5101.37  7.15199e-16  1.16996e-17
      5104.12  6.78281e-16  1.13457e-17
      5106.86  6.65288e-16  1.10986e-17
      5109.61  6.66310e-16  1.08969e-17
      5112.35  6.65324e-16  1.09775e-17
      5115.10  6.62981e-16  1.09838e-17
      5117.84  6.42182e-16  1.09184e-17
      5120.58  8.14791e-16  1.46711e-17
      5123.33  6.29925e-16  1.12802e-17
      5126.07  6.38140e-16  1.07577e-17
      5128.82  6.43710e-16  1.15510e-17
      5131.56  6.47892e-16  1.08749e-17
      5134.31  6.70910e-16  1.21117e-17
      5137.05  6.39024e-16  1.10746e-17
      5139.79  6.23815e-16  1.14507e-17
      5142.54  5.90782e-16  1.11056e-17
      5145.28  5.90789e-16  1.04856e-17
      5148.03  5.91514e-16  1.88676e-17
      5150.77  5.92238e-16  1.06129e-17
      5153.51  5.92963e-16  3.69215e-17
      5156.26  5.93688e-16  1.20973e-17
      5159.00  5.94412e-16  1.09104e-17
      5161.75  5.95137e-16  1.08207e-17
      5164.49  5.61442e-16  1.01858e-17
      5167.23  5.66184e-16  1.03541e-17
      5169.98  5.70924e-16  2.28038e-17
      5172.72  5.75665e-16  1.08109e-17
      5175.46  5.80406e-16  1.48914e-17
      5178.21  5.85147e-16  1.04428e-17
      5180.95  6.15143e-16  1.10074e-17
      5183.70  5.90219e-16  1.11761e-17
      5186.44  6.12276e-16  1.27334e-17
      5189.18  5.90646e-16  1.12880e-17
      5191.93  5.92448e-16  1.03944e-17
      5194.67  6.23311e-16  1.06250e-17
      5197.41  6.57292e-16  1.10545e-17
      5200.16  6.21707e-16  1.06820e-17
      5202.90  5.77983e-16  1.17735e-17
      5205.64  8.27784e-16  3.02415e-17
      5208.39  6.11540e-16  1.06284e-17
      5211.13  6.17456e-16  1.12794e-17
      5213.87  6.00228e-16  1.09749e-17
      5216.62  7.35999e-16  1.70367e-17
      5219.36  7.24694e-16  1.30814e-17
      5222.10  7.08108e-16  2.22000e-17
      5224.85  6.91522e-16  1.07368e-17
      5227.59  6.74937e-16  1.09897e-17
      5230.33  6.58348e-16  1.09926e-17
      5233.08  6.41762e-16  1.12399e-17
      5235.82  6.37453e-16  1.09743e-17
      5238.56  6.36600e-16  1.11616e-17
      5241.31  6.79269e-16  1.19064e-17
      5244.05  6.87254e-16  1.11027e-17
      5246.79  8.26657e-16  1.61562e-17
      5249.54  8.92857e-16  2.00571e-17
      5252.28  7.12332e-16  1.16436e-17
      5255.02  7.49818e-16  1.22487e-17
      5257.76  6.97108e-16  1.30861e-17
      5260.51  8.20118e-16  1.61435e-17
      5263.25  7.54226e-16  1.16552e-17
      5265.99  7.50318e-16  1.16796e-17
      5268.74  7.20173e-16  1.15018e-17
      5271.48  7.05398e-16  1.11983e-17
      5274.22  7.14205e-16  1.17172e-17
      5276.96  6.78017e-16  1.20200e-17
      5279.71  7.38946e-16  1.15715e-17
      5282.45  7.58772e-16  1.21530e-17
      5285.19  7.47350e-16  1.15351e-17
      5287.94  7.35928e-16  1.77357e-17
      5290.68  7.24507e-16  1.14936e-17
      5293.42  7.13085e-16  1.38551e-17
      5296.16  7.01665e-16  1.44856e-17
      5298.91  6.90243e-16  1.44862e-17
      5301.65  8.33951e-16  1.33661e-17
      5304.39  8.20272e-16  1.20938e-17
      5307.13  8.06596e-16  1.65281e-17
      5309.88  7.92917e-16  1.22848e-17
      5312.62  7.79241e-16  2.20571e-17
      5315.36  7.65564e-16  1.20098e-17
      5318.10  7.51887e-16  1.18100e-17
      5320.84  7.38211e-16  1.16298e-17
      5323.59  7.11098e-16  1.14822e-17
      5326.33  7.11600e-16  1.15559e-17
      5329.07  7.12103e-16  1.25831e-17
      5331.81  7.12605e-16  1.16174e-17
      5334.55  7.13108e-16  1.18093e-17
      5337.30  7.13611e-16  2.41884e-17
      5340.04  7.14113e-16  1.30128e-17
      5342.78  7.14616e-16  1.25993e-17
      5345.52  7.12747e-16  1.18234e-17
      5348.26  7.10632e-16  3.23875e-17
      5351.01  7.08516e-16  1.17189e-17
      5353.75  7.06399e-16  1.14816e-17
      5356.49  7.04284e-16  1.13759e-17
      5359.23  7.02168e-16  1.13890e-17
      5361.97  7.00052e-16  1.22256e-17
      5364.72  7.43707e-16  1.23334e-17
      5367.46  7.07255e-16  1.20939e-17
      5370.20  8.11479e-16  1.69777e-17
      5372.94  7.42275e-16  1.22640e-17
      5375.68  8.23000e-16  1.68489e-17
      5378.42  7.04269e-16  1.23019e-17
      5381.17  7.15291e-16  1.15021e-17
      5383.91  8.23703e-16  1.63741e-17
      5386.65  7.46419e-16  1.18708e-17
      5389.39  7.41842e-16  1.17627e-17
      5392.13  7.37845e-16  1.18884e-17
      5394.87  7.39045e-16  1.50121e-17
      5397.61  7.40245e-16  3.12592e-17
      5400.36  7.41445e-16  1.17771e-17
      5403.10  7.42645e-16  1.21196e-17
      5405.84  6.88072e-16  1.20777e-17
      5408.58  6.66779e-16  1.13658e-17
      5411.32  6.98491e-16  1.13200e-17
      5414.06  7.30204e-16  2.43877e-17
      5416.80  7.61916e-16  6.62435e-17
      5419.54  7.77525e-16  1.68862e-17
      5422.28  7.06906e-16  1.66207e-17
      5425.03  6.36274e-16  2.22472e-17
      5427.77  5.42460e-16  1.08131e-17
      5430.51  5.32160e-16  1.11589e-17
      5433.25  5.21860e-16  3.04466e-17
      5435.99  5.11559e-16  1.08889e-17
      5438.73  5.01260e-16  2.39077e-17
      5441.47  4.90961e-16  1.08087e-17
      5444.21  4.94245e-16  1.00526e-17
      5446.95  4.95898e-16  1.10142e-17
      5449.69  5.20698e-16  1.02997e-17
      5452.43  4.71385e-16  1.01420e-17
      5455.17  4.60356e-16  1.01159e-17
      5457.92  4.56501e-16  9.83362e-18
      5460.66  4.83348e-16  1.00502e-17
      5463.40  4.75137e-16  1.01797e-17
      5466.14  4.73547e-16  1.00186e-17
      5468.88  4.71956e-16  1.92898e-17
      5471.62  4.70366e-16  1.02653e-17
      5474.36  4.68775e-16  2.08881e-17
      5477.10  4.67185e-16  1.04293e-17
      5479.84  4.65595e-16  1.04106e-17
      5482.58  4.64005e-16  1.15639e-17
      5485.32  6.16500e-16  1.25729e-17
      5488.06  5.23125e-16  1.10037e-17
      5490.80  5.02860e-16  1.10691e-17
      5493.54  4.94622e-16  1.02235e-17
      5496.28  5.32112e-16  1.06023e-17
      5499.02  5.19805e-16  1.02540e-17
      5501.76  5.52652e-16  1.07446e-17
      5504.50  5.12430e-16  1.02691e-17
      5507.24  5.18353e-16  1.06521e-17
      5509.98  5.24274e-16  1.04796e-17
      5512.72  5.30196e-16  2.12592e-17
      5515.46  5.36118e-16  1.06085e-17
      5518.20  5.42039e-16  1.21642e-17
      5520.94  5.47960e-16  1.06596e-17
      5523.68  5.62889e-16  1.06926e-17
      5526.42  5.06039e-16  1.02038e-17
      5529.16  5.53777e-16  1.05717e-17
      5531.90  5.73383e-16  1.07411e-17
      5534.64  5.47810e-16  1.05059e-17
      5537.38  5.77996e-16  1.09120e-17
      5540.12  7.01815e-16  1.66238e-17
      5542.86  5.26109e-16  1.04797e-17
      5545.60  6.55727e-16  1.20802e-17
      5548.34  5.37990e-16  1.12240e-17
      5551.08  5.98734e-16  1.23566e-17
      5553.82  5.77526e-16  1.08059e-17
      5556.56  5.90392e-16  1.11290e-17
      5559.29  5.52093e-16  1.12765e-17
      5562.03  5.67983e-16  1.13917e-17
      5564.77  6.07364e-16  1.10081e-17
      5567.51  5.63452e-16  1.16511e-17
      5570.25  5.92295e-16  1.19411e-17
      5572.99  5.66119e-16  1.11453e-17
      5575.73  5.50935e-16  1.21963e-17
      5578.47  5.29014e-16  1.06609e-17
      5581.21  5.50612e-16  1.08340e-17
      5583.95  5.45810e-16  1.08661e-17
      5586.69  5.41008e-16  1.05591e-17
      5589.42  5.36206e-16  2.98491e-17
      5592.16  5.31405e-16  2.04501e-17
      5594.90  5.26603e-16  1.08752e-17
      5597.64  5.21801e-16  1.04442e-17
      5600.38  5.44987e-16  1.08171e-17
      5603.12  5.71484e-16  1.43113e-17
      5605.86  5.34959e-16  1.43895e-17
      5608.60  5.15554e-16  1.10754e-17
      5611.33  5.17127e-16  1.07027e-17
      5614.07  5.02346e-16  1.03719e-17
      5616.81  4.91959e-16  2.00377e-17
      5619.55  4.81570e-16  1.12915e-17
      5622.29  4.81223e-16  1.00027e-17
      5625.03  4.85397e-16  1.01512e-17
      5627.77  4.76346e-16  1.12779e-17
      5630.50  4.23704e-16  1.00211e-17
      5633.24  5.53944e-16  1.53042e-17
      5635.98  4.47256e-16  9.71840e-18
      5638.72  4.54248e-16  1.01297e-17
      5641.46  4.29784e-16  9.86643e-18
      5644.20  4.16185e-16  1.00949e-17
      5646.93  4.43438e-16  1.06791e-17
      5649.67  4.61543e-16  1.18102e-17
      5652.41  4.23895e-16  9.59502e-18
      5655.15  4.20478e-16  9.76381e-18
      5657.89  4.23136e-16  1.00050e-17
      5660.62  4.25793e-16  2.05468e-17
      5663.36  4.28450e-16  9.91450e-18
      5666.10  4.31107e-16  9.65752e-18
      5668.84  4.31779e-16  9.84913e-18
      5671.58  4.45441e-16  1.02423e-17
      5674.31  4.59100e-16  1.01451e-17
      5677.05  4.72762e-16  1.13290e-17
      5679.79  4.86424e-16  1.37226e-17
      5682.53  5.00086e-16  2.94739e-17
      5685.26  5.13745e-16  1.07733e-17
      5688.00  5.27407e-16  1.12486e-17
      5690.74  5.41067e-16  1.96480e-17
      5693.48  5.54728e-16  1.09498e-17
      5696.21  5.68388e-16  1.12666e-17
      5698.95  5.34160e-16  1.04768e-17
      5701.69  5.74151e-16  1.07969e-17
      5704.43  8.45320e-16  4.12432e-17
