      2892.38  8.34285e-16  2.10970e-15
      2895.12  1.20716e-15  1.43518e-15
      2897.87  1.18253e-15  1.23041e-15
      2900.61 -2.08282e-16  9.71036e-16
      2903.36  1.37909e-15  8.59490e-16
      2906.10  1.14490e-15  8.66584e-16
      2908.84 -1.21260e-15  7.17011e-16
      2911.59 -9.19838e-16  5.94959e-16
      2914.33  2.51007e-17  1.18366e-15
      2917.08 -2.96244e-16  5.43723e-16
      2919.82 -2.51010e-16  4.36513e-16
      2922.57  1.65232e-16  3.94543e-16
      2925.31  2.36800e-16  5.29462e-16
      2928.06 -4.71174e-16  3.52175e-16
      2930.80 -6.47302e-16  3.57377e-16
      2933.55  2.85836e-16  2.45662e-16
      2936.29 -1.26532e-16  2.99904e-16
      2939.04  1.69791e-17  3.57520e-16
      2941.78  3.07823e-17  7.82111e-16
      2944.53  4.45868e-17  1.43854e-16
      2947.27 -2.05122e-16  1.33227e-16
      2950.02 -1.75299e-16  1.24148e-16
      2952.76  3.36314e-17  1.19955e-16
      2955.51 -3.78855e-17  9.33901e-17
      2958.25 -3.67798e-18  9.43483e-17
      2961.00 -1.47321e-17  8.92750e-17
      2963.74 -2.57871e-17  3.20862e-16
      2966.49 -3.68412e-17  7.38595e-17
      2969.24 -9.24340e-18  6.78470e-17
      2971.98  6.59503e-17  6.64193e-17
      2974.73  1.94653e-17  6.08018e-17
      2977.47 -5.46698e-17  5.89514e-17
      2980.22  3.17578e-17  5.78898e-17
      2982.96 -7.14181e-17  5.65961e-17
      2985.71 -1.06825e-16  5.72943e-17
      2988.45  8.18756e-17  6.74357e-17
      2991.20 -2.06382e-17  1.12591e-16
      2993.94 -2.86897e-17  5.69478e-17
      2996.69  3.61190e-18  6.03484e-17
      2999.43 -1.69076e-19  6.37644e-17
      3002.18 -4.99593e-17  5.16421e-17
      3004.93  3.32447e-17  5.65043e-17
      3007.67  1.42120e-17  5.28778e-17
      3010.42  4.02871e-17  1.31753e-16
      3013.16 -2.95274e-17  4.91073e-17
      3015.91 -2.44748e-17  5.07507e-17
      3018.65  3.00553e-17  5.09738e-17
      3021.40  2.63153e-17  1.90452e-16
      3024.14  2.25753e-17  4.61223e-17
      3026.89  1.88350e-17  4.45648e-17
      3029.64  4.94655e-17  4.51577e-17
      3032.38 -6.72393e-17  4.36080e-17
      3035.13  7.92422e-17  4.37821e-17
      3037.87  3.71891e-18  4.36788e-17
      3040.62 -3.51937e-17  4.23243e-17
      3043.36 -8.17057e-17  6.79927e-17
      3046.11  9.89453e-17  4.32760e-17
      3048.86  6.88472e-17  4.20949e-17
      3051.60  2.21603e-17  4.09583e-17
      3054.35 -2.53981e-17  4.36581e-17
      3057.09  1.57602e-17  3.93343e-17
      3059.84  4.63576e-18  3.71288e-17
      3062.59 -5.48684e-17  5.52246e-17
      3065.33  8.37474e-17  4.23107e-17
      3068.08  4.52802e-17  4.04436e-17
      3070.82  3.65041e-17  3.88215e-17
      3073.57  4.18321e-17  3.57107e-17
      3076.32  3.12739e-17  3.46168e-17
      3079.06  1.14656e-17  3.39924e-17
      3081.81  7.56863e-17  3.71354e-17
      3084.55  7.59240e-17  3.74134e-17
      3087.30  7.61617e-17  6.70642e-17
      3090.05  7.63994e-17  3.25849e-17
      3092.79  7.66371e-17  4.97390e-17
      3095.54  7.68748e-17  3.57880e-17
      3098.28  7.71124e-17  4.79999e-17
      3101.03  7.73501e-17  4.36765e-17
      3103.78  7.75878e-17  3.45509e-17
      3106.52  2.05443e-17  3.24678e-17
      3109.27  1.60463e-17  3.80728e-17
      3112.01  4.70401e-17  3.42307e-17
      3114.76 -1.64825e-17  3.39120e-17
      3117.51 -2.72834e-18  3.37530e-17
      3120.25  9.18900e-18  7.56842e-17
      3123.00  2.15567e-17  3.28718e-17
      3125.75 -2.05667e-17  3.06609e-17
      3128.49  4.17676e-17  3.11497e-17
      3131.24  4.72817e-17  3.50465e-17
      3133.99 -2.10005e-17  3.44541e-17
      3136.73  3.13747e-17  3.02608e-17
      3139.48  2.43132e-17  3.51626e-17
      3142.22  2.08466e-17  3.04418e-17
      3144.97 -4.47620e-17  4.51404e-17
      3147.72  4.21908e-17  7.67643e-17
      3150.46  1.51013e-17  3.14380e-17
      3153.21 -7.15967e-17  3.64512e-17
      3155.96  4.25446e-17  3.29412e-17
      3158.70  2.05970e-17  3.99989e-17
      3161.45 -2.52925e-17  3.13995e-17
      3164.20 -7.27874e-17  3.89049e-17
      3166.94 -3.40939e-17  5.89120e-17
      3169.69 -3.50294e-17  2.80125e-17
      3172.44 -9.05683e-18  3.04866e-17
      3175.18 -2.28149e-17  2.83207e-17
      3177.93  3.25956e-17  3.29898e-17
      3180.68  2.44946e-17  2.94279e-17
      3183.42 -9.80035e-18  3.59308e-17
      3186.17  6.11008e-17  2.73872e-17
      3188.92  6.32889e-17  2.86575e-17
      3191.66 -1.65349e-17  4.75246e-17
      3194.41  1.63839e-17  3.01678e-17
      3197.16  7.66147e-17  2.67694e-17
      3199.90  6.84729e-17  2.67592e-17
      3202.65  6.03319e-17  2.75652e-17
      3205.40  5.22674e-17  2.84196e-17
      3208.14  5.55825e-17  2.94267e-17
      3210.89  5.88976e-17  1.43022e-16
      3213.64  6.22126e-17  2.95227e-17
      3216.38  6.55277e-17  3.00274e-17
      3219.13  5.25269e-17  3.15192e-17
      3221.88 -5.14462e-19  2.63312e-17
      3224.62  5.16300e-17  2.57757e-17
      3227.37  6.95463e-19  2.60505e-17
      3230.12  8.97057e-17  3.65592e-17
      3232.87  3.68693e-17  2.67123e-17
      3235.61  8.75872e-17  2.55176e-17
      3238.36  5.87505e-18  2.40872e-17
      3241.11 -3.99554e-19  2.46054e-17
      3243.85 -5.74546e-17  4.63103e-17
      3246.60  4.52574e-17  2.53503e-17
      3249.35  1.58403e-17  2.31862e-17
      3252.09  6.24530e-17  2.54229e-17
      3254.84  1.35139e-16  2.75543e-17
      3257.59 -2.26048e-17  2.49993e-17
      3260.34  2.46244e-17  2.91179e-17
      3263.08  8.27724e-17  2.37582e-17
      3265.83  2.48474e-17  2.23969e-17
      3268.58 -5.39945e-17  3.21489e-17
      3271.32  7.51792e-17  2.83018e-17
      3274.07  1.12664e-17  2.29697e-17
      3276.82  2.00091e-17  2.52141e-17
      3279.57  4.80189e-18  2.55268e-17
      3282.31  7.08580e-17  2.25802e-17
      3285.06 -8.29196e-18  2.27869e-17
      3287.81 -5.45307e-18  2.66786e-17
      3290.55  2.19056e-17  2.63174e-17
      3293.30  4.00378e-17  2.17211e-17
      3296.05  1.15479e-17  2.17378e-17
      3298.80  1.12964e-17  2.28888e-17
      3301.54  4.93360e-17  2.27076e-17
      3304.29  1.37914e-17  2.15931e-17
      3307.04  1.28911e-17  2.22382e-17
      3309.79  4.62946e-17  2.17648e-17
      3312.53  4.48318e-17  2.14915e-17
      3315.28 -6.81491e-18  2.15479e-17
      3318.03  5.87849e-17  2.26857e-17
      3320.78  2.82245e-17  2.11036e-17
      3323.52 -4.51327e-18  2.09785e-17
      3326.27  3.05193e-17  2.13473e-17
      3329.02 -9.46921e-18  2.65097e-17
      3331.77  1.65095e-17  2.18984e-17
      3334.51 -1.64294e-17  2.21250e-17
      3337.26  4.01187e-17  2.32637e-17
      3340.01  6.27701e-17  2.34271e-17
      3342.75 -3.52862e-17  2.31034e-17
      3345.50  6.23660e-17  2.34665e-17
      3348.25  5.21021e-17  2.27643e-17
      3351.00  4.86740e-17  2.47516e-17
      3353.74  4.52458e-17  2.03129e-16
      3356.49  4.18177e-17  1.97793e-17
      3359.24  2.71505e-17  1.98947e-17
      3361.99  6.52288e-18  3.18545e-17
      3364.74  3.09877e-17  2.18880e-17
      3367.48  4.81568e-17  2.37804e-17
      3370.23  1.55946e-17  1.99221e-17
      3372.98  3.95249e-17  1.94347e-17
      3375.73  7.29255e-17  2.04414e-17
      3378.47  4.66959e-17  2.03777e-17
      3381.22  5.78975e-17  2.34847e-17
      3383.97  6.69463e-17  2.20079e-17
      3386.72  6.10754e-17  2.06860e-17
      3389.46  5.90315e-17  2.17563e-17
      3392.21  5.69878e-17  2.76416e-17
      3394.96  5.49439e-17  1.58210e-16
      3397.71  5.29002e-17  2.02372e-17
      3400.45  5.08563e-17  3.70350e-17
      3403.20  4.88124e-17  2.73750e-17
      3405.95  4.67687e-17  1.85601e-17
      3408.70  4.47249e-17  1.78947e-17
      3411.45  4.26810e-17  1.88379e-17
      3414.19  6.56598e-17  2.14015e-17
      3416.94 -5.09030e-17  4.61812e-17
      3419.69  3.02249e-18  1.81442e-17
      3422.44  9.32174e-18  2.30235e-17
      3425.18 -6.93055e-17  4.09766e-17
      3427.93 -3.48611e-17  2.01586e-17
      3430.68  6.65241e-17  1.92740e-17
      3433.43  4.86547e-17  2.13782e-17
      3436.18  5.38578e-17  1.94837e-17
      3438.92  1.34001e-17  2.16101e-17
      3441.67  2.51778e-17  2.98549e-17
      3444.42  1.54769e-17  1.79490e-17
      3447.17  6.94607e-18  1.77228e-17
      3449.92  3.60696e-17  1.78265e-17
      3452.66  3.63486e-17  1.89942e-17
      3455.41 -2.52877e-17  3.45102e-17
      3458.16 -1.28887e-17  1.86383e-17
      3460.91  1.36867e-17  1.71130e-17
      3463.66  6.00862e-18  1.71648e-17
      3466.40  2.48826e-17  1.87496e-17
      3469.15  2.96401e-17  1.84826e-17
      3471.90 -1.14030e-17  1.88951e-17
      3474.65  3.50816e-17  1.84149e-17
      3477.39  3.37766e-17  1.75820e-17
      3480.14  4.65871e-17  1.75186e-17
      3482.89  2.95849e-17  1.72228e-17
      3485.64  5.68867e-18  1.66380e-17
      3488.39  4.86732e-17  1.70449e-17
      3491.14  2.76215e-17  1.68356e-17
      3493.88  1.41349e-17  1.68465e-17
      3496.63  2.09215e-17  1.98776e-17
      3499.38  4.94876e-17  1.71722e-17
      3502.13 -2.26978e-17  1.93423e-17
      3504.88  2.30970e-17  1.76554e-17
      3507.62  8.63949e-17  1.74779e-17
      3510.37  3.85957e-17  1.93387e-17
      3513.12  4.74808e-17  1.71317e-17
      3515.87  1.10800e-16  1.80957e-17
      3518.62  8.18678e-17  1.89577e-17
      3521.36  1.76203e-17  1.95651e-17
      3524.11  3.17942e-17  1.70578e-17
      3526.86  6.31103e-17  1.76763e-17
      3529.61  9.83382e-18  1.69981e-17
      3532.36  4.10313e-17  1.81476e-17
      3535.10  4.75995e-17  1.70741e-17
      3537.85  4.84241e-17  1.65738e-17
      3540.60  1.05681e-17  3.54834e-17
      3543.35  5.88364e-17  1.65844e-17
      3546.10  8.34213e-17  1.75827e-17
      3548.85  2.93242e-17  1.62037e-17
      3551.59  2.11007e-17  2.28335e-17
      3554.34  9.42744e-17  1.74782e-17
      3557.09  4.54347e-17  1.65306e-17
      3559.84  3.39213e-17  2.17954e-17
      3562.59  4.85580e-17  1.71183e-17
      3565.33  5.30703e-17  1.75786e-17
      3568.08  6.07771e-18  1.83345e-17
      3570.83  2.16914e-17  1.65644e-17
      3573.58  3.73051e-17  1.64318e-17
      3576.33  5.29174e-17  1.64435e-17
      3579.08  6.85310e-17  1.81411e-17
      3581.82  8.41447e-17  1.73031e-17
      3584.57  8.85851e-17  1.69930e-17
      3587.32  3.55124e-17  1.94488e-17
      3590.07  6.97164e-17  1.99667e-17
      3592.82  8.64774e-17  1.71065e-17
      3595.57  2.63990e-17  1.59261e-17
      3598.31  3.39705e-17  1.55587e-17
      3601.06  3.05814e-17  1.58886e-17
      3603.81  5.92418e-17  1.57866e-17
      3606.56  3.68678e-17  1.67064e-17
      3609.31  4.44712e-17  2.03612e-17
      3612.06  6.45123e-17  1.79204e-17
      3614.80  4.84597e-17  1.98562e-17
      3617.55  4.45775e-17  2.14493e-17
      3620.30  7.53179e-17  1.78959e-17
      3623.05  2.85110e-17  1.71173e-17
      3625.80  6.89520e-17  1.58156e-17
      3628.55  9.62406e-17  1.93229e-17
      3631.29  1.68320e-17  1.85419e-17
      3634.04  2.21094e-17  1.54655e-17
      3636.79  2.28482e-17  3.53780e-17
      3639.54  7.79316e-17  1.66967e-17
      3642.29  1.98448e-17  1.58758e-17
      3645.04  5.54297e-17  1.64328e-17
      3647.79  4.47953e-17  1.70306e-17
      3650.53  4.67932e-17  1.51124e-17
      3653.28  4.63295e-17  1.46371e-17
      3656.03  5.66719e-17  1.52190e-17
      3658.78  4.24019e-17  2.64534e-17
      3661.53  2.90144e-17  1.45930e-17
      3664.28  8.10022e-17  1.63847e-17
      3667.02  8.28687e-17  1.50306e-17
      3669.77  1.32951e-17  2.17224e-17
      3672.52  7.18312e-17  2.03228e-17
      3675.27  7.05141e-17  1.79463e-17
      3678.02  6.62283e-17  3.50714e-17
      3680.77  6.19429e-17  4.39443e-17
      3683.52  5.76571e-17  1.68973e-17
      3686.26  8.80012e-17  1.59379e-17
      3689.01  6.75479e-17  2.11000e-17
      3691.76  5.56778e-17  1.47686e-17
      3694.51  7.92331e-17  1.46182e-17
      3697.26  5.39951e-17  1.45995e-17
      3700.01  6.10528e-17  1.53603e-17
      3702.75  6.52629e-17  2.39796e-17
      3705.50  6.94729e-17  1.84293e-16
      3708.25  7.36830e-17  2.40808e-17
      3711.00  9.06552e-17  2.00640e-17
      3713.75  1.02523e-16  1.53623e-17
      3716.50  9.40211e-17  1.53293e-17
      3719.25  3.81697e-17  1.37233e-17
      3721.99  7.37701e-17  1.37197e-17
      3724.74  8.44766e-17  1.46258e-17
      3727.49  6.84240e-17  1.37855e-17
      3730.24  6.79132e-17  1.34010e-17
      3732.99  1.16847e-16  1.43224e-17
      3735.74  8.44657e-17  1.47108e-17
      3738.49  8.18644e-17  2.08331e-17
      3741.23  9.05071e-17  1.39788e-17
      3743.98  1.01969e-16  1.49004e-17
      3746.73  4.72967e-17  1.48490e-17
      3749.48  7.68409e-17  1.50930e-17
      3752.23  8.84425e-17  1.38827e-17
      3754.98  5.87988e-17  1.34322e-17
      3757.73  8.54351e-17  2.21959e-17
      3760.47  6.56750e-17  2.74175e-17
      3763.22  8.28702e-17  1.27317e-17
      3765.97  9.49964e-17  2.56879e-17
      3768.72  1.07124e-16  1.33991e-17
      3771.47  1.04575e-16  1.76134e-17
      3774.22  7.77789e-17  1.46019e-17
      3776.97  8.74461e-17  1.31845e-17
      3779.71  7.87842e-17  1.38222e-17
      3782.46  1.02254e-16  1.31087e-17
      3785.21  1.00002e-16  3.38758e-17
      3787.96  9.68930e-17  1.30836e-17
      3790.71  9.95299e-17  1.44270e-17
      3793.46  1.02167e-16  1.95620e-17
      3796.21  1.04804e-16  1.43075e-17
      3798.95  9.69464e-17  1.75093e-17
      3801.70  1.01140e-16  1.28233e-17
      3804.45  8.93406e-17  1.18599e-17
      3807.20  9.09823e-17  1.36042e-17
      3809.95  9.01716e-17  1.23042e-17
      3812.70  8.19604e-17  1.28243e-17
      3815.45  1.11820e-16  1.39018e-17
      3818.19  1.01260e-16  1.21250e-17
      3820.94  9.93844e-17  1.25777e-17
      3823.69  9.17804e-17  1.25232e-17
      3826.44  1.04826e-16  1.29310e-17
      3829.19  8.98939e-17  1.24371e-17
      3831.94  7.89006e-17  1.21092e-17
      3834.69  1.13270e-16  1.25015e-17
      3837.43  9.03743e-17  1.20492e-17
      3840.18  8.77731e-17  1.14747e-17
      3842.93  7.49338e-17  1.14258e-17
      3845.68  1.09509e-16  1.15840e-17
      3848.43  8.16445e-17  1.13310e-17
      3851.18  8.77826e-17  1.44910e-17
      3853.93  1.03481e-16  1.14061e-17
      3856.68  8.76818e-17  1.76512e-17
      3859.42  8.51464e-17  1.10171e-17
      3862.17  6.37015e-17  1.11400e-17
      3864.92  6.38922e-17  1.37038e-17
      3867.67  7.15432e-17  1.11431e-17
      3870.42  5.52600e-17  1.23397e-17
      3873.17  8.63315e-17  1.14618e-17
      3875.92  6.41101e-17  4.22709e-17
      3878.66  8.47676e-17  1.06119e-17
      3881.41  9.00602e-17  1.14410e-17
      3884.16  3.98306e-17  2.39756e-17
      3886.91  5.83979e-17  1.00674e-17
      3889.66  7.27327e-17  1.05151e-17
      3892.41  6.81950e-17  1.01003e-17
      3895.16  5.88994e-17  9.84675e-18
      3897.90  5.85459e-17  1.01309e-17
      3900.65  7.52152e-17  1.01915e-17
      3903.40  4.57729e-17  1.05810e-17
      3906.15  4.18584e-17  9.52106e-18
      3908.90  5.12498e-17  9.51520e-18
      3911.65  2.40604e-17  9.59270e-18
      3914.40  4.65463e-17  1.43544e-17
      3917.14  5.07883e-17  9.50659e-18
      3919.89  6.81934e-17  1.02439e-17
      3922.64  6.64463e-17  1.75380e-17
      3925.39  3.80092e-17  1.00547e-17
      3928.14  6.02160e-17  1.04971e-17
      3930.89  5.31080e-17  9.45499e-18
      3933.64  3.34924e-17  1.12062e-17
      3936.38  5.13219e-17  9.30078e-18
      3939.13  5.94093e-17  9.55879e-18
      3941.88  3.61219e-17  9.66034e-18
      3944.63  3.46436e-17  9.33167e-18
      3947.38  4.87304e-17  9.15935e-18
      3950.13  5.97240e-17  9.16982e-18
      3952.88  2.33995e-17  8.66414e-18
      3955.62  4.53593e-17  1.52997e-17
      3958.37  6.25496e-17  9.17158e-18
      3961.12  5.12684e-17  8.94142e-18
      3963.87  4.94516e-17  8.94968e-18
      3966.62  6.11917e-17  9.69568e-18
      3969.37  7.41977e-17  9.27000e-18
      3972.12  4.22558e-17  9.39263e-18
      3974.86  7.74412e-17  1.14674e-17
      3977.61  7.60767e-17  1.07125e-17
      3980.36  5.91804e-17  1.68204e-17
      3983.11  6.87777e-17  1.18287e-17
      3985.86  7.62904e-17  9.03062e-18
      3988.61  5.30993e-17  2.24911e-17
      3991.36  8.51268e-17  9.98082e-18
      3994.10  8.25362e-17  9.51899e-18
      3996.85  1.00580e-16  1.43728e-17
      3999.60  1.00078e-16  9.76118e-18
      4002.35  9.95757e-17  1.20972e-17
      4005.10  9.90736e-17  1.02702e-17
      4007.85  9.35285e-17  9.78373e-18
      4010.60  8.79262e-17  9.35872e-18
      4013.34  1.11047e-16  9.44127e-18
      4016.09  8.40715e-17  1.52772e-17
      4018.84  8.61758e-17  1.07896e-17
      4021.59  1.04870e-16  1.01791e-17
      4024.34  1.02881e-16  1.05401e-17
      4027.09  7.34346e-17  8.49780e-18
      4029.84  9.73953e-17  9.68993e-18
      4032.58  8.51899e-17  3.41915e-17
      4035.33  1.17313e-16  9.11841e-18
      4038.08  8.60961e-17  8.82361e-18
      4040.83  1.01597e-16  9.48377e-18
      4043.58  1.23763e-16  1.19515e-17
      4046.33  9.42624e-17  9.76733e-18
      4049.07  1.08028e-16  1.22788e-17
      4051.82  1.13003e-16  1.10786e-17
      4054.57  1.10897e-16  2.76994e-17
      4057.32  1.09369e-16  1.42189e-17
      4060.07  1.33836e-16  9.66692e-18
      4062.82  1.40909e-16  1.61843e-17
      4065.57  1.42773e-16  1.00619e-17
      4068.31  1.36316e-16  9.75744e-18
      4071.06  1.47473e-16  9.84014e-18
      4073.81  1.28414e-16  9.34694e-18
      4076.56  1.36242e-16  9.66539e-18
      4079.31  1.37348e-16  9.91785e-18
      4082.06  1.39768e-16  9.61339e-18
      4084.80  1.32218e-16  9.54102e-18
      4087.55  1.45818e-16  9.55215e-18
      4090.30  1.21183e-16  2.04400e-17
      4093.05  1.64493e-16  9.40357e-18
      4095.80  1.55600e-16  9.34192e-18
      4098.55  1.46541e-16  1.36661e-17
      4101.29  1.58783e-16  1.72566e-17
      4104.04  1.70198e-16  9.66158e-18
      4106.79  1.72204e-16  9.56295e-18
      4109.54  1.67250e-16  1.11303e-17
      4112.29  1.58972e-16  1.05185e-17
      4115.04  1.86333e-16  9.59338e-18
      4117.78  1.65190e-16  9.35400e-18
      4120.53  1.71414e-16  9.98405e-18
      4123.28  1.76176e-16  1.08225e-17
      4126.03  1.82248e-16  9.74580e-18
      4128.78  1.81346e-16  1.36265e-17
      4131.53  1.48443e-16  9.33149e-18
      4134.27  1.79042e-16  9.76939e-18
      4137.02  1.77848e-16  9.33013e-18
      4139.77  1.79416e-16  1.01405e-17
      4142.52  1.80983e-16  1.35480e-17
      4145.27  1.82551e-16  9.35752e-18
      4148.02  1.81265e-16  9.67833e-18
      4150.76  1.75333e-16  9.94890e-18
      4153.51  1.75246e-16  1.35045e-17
      4156.26  1.75160e-16  9.97748e-18
      4159.01  1.75073e-16  9.39216e-18
      4161.76  1.77735e-16  9.18110e-18
      4164.51  1.73547e-16  1.02014e-17
      4167.25  1.65752e-16  1.11696e-17
      4170.00  1.65778e-16  9.79044e-18
      4172.75  1.76215e-16  1.18575e-17
      4175.50  1.70535e-16  9.03607e-18
      4178.25  1.77436e-16  9.68733e-18
      4180.99  1.75979e-16  1.03224e-17
      4183.74  1.58825e-16  1.37251e-17
      4186.49  1.59492e-16  8.97088e-18
      4189.24  1.45628e-16  9.54218e-18
      4191.99  1.46723e-16  8.70225e-18
      4194.74  1.71590e-16  1.00160e-17
      4197.48  1.36672e-16  8.70689e-18
      4200.23  1.55204e-16  9.03406e-18
      4202.98  1.54898e-16  1.12031e-17
      4205.73  1.40270e-16  8.78347e-18
      4208.48  1.42708e-16  8.67238e-18
      4211.22  1.39457e-16  1.01264e-17
      4213.97  1.39414e-16  9.23379e-18
      4216.72  1.39370e-16  1.77255e-17
      4219.47  1.39327e-16  9.32935e-18
      4222.22  1.39284e-16  9.10553e-18
      4224.96  1.23667e-16  1.12508e-17
      4227.71  1.23473e-16  8.55125e-18
      4230.46  1.38990e-16  8.25663e-18
      4233.21  1.34486e-16  8.29712e-18
      4235.96  1.47235e-16  9.67670e-18
      4238.70  1.51094e-16  1.00628e-17
      4241.45  1.40524e-16  8.97800e-18
      4244.20  1.20834e-16  8.37988e-18
      4246.95  1.36794e-16  8.58751e-18
      4249.70  1.50634e-16  1.21891e-17
      4252.44  1.40016e-16  8.51406e-18
      4255.19  1.38912e-16  8.70885e-18
      4257.94  1.32837e-16  8.84703e-18
      4260.69  1.33251e-16  8.39515e-18
      4263.44  1.30750e-16  8.93042e-18
      4266.18  1.38967e-16  8.37323e-18
      4268.93  1.38396e-16  1.52037e-17
      4271.68  1.30921e-16  9.46037e-18
      4274.43  1.41812e-16  8.67237e-18
      4277.18  1.62665e-16  9.00087e-18
      4279.92  1.50450e-16  8.65175e-18
      4282.67  1.53350e-16  9.39027e-18
      4285.42  1.54136e-16  9.54018e-18
      4288.17  1.46200e-16  8.61928e-18
      4290.92  1.29129e-16  1.11261e-17
      4293.66  1.50623e-16  8.38994e-18
      4296.41  1.43211e-16  9.09278e-18
      4299.16  1.55776e-16  9.07825e-18
      4301.91  1.30525e-16  8.83271e-18
      4304.65  1.55038e-16  8.76390e-18
      4307.40  1.52847e-16  8.30445e-18
      4310.15  1.47122e-16  8.44453e-18
      4312.90  1.54071e-16  8.37773e-18
      4315.65  1.73343e-16  9.08655e-18
      4318.39  1.49546e-16  8.69615e-18
      4321.14  1.63079e-16  8.88817e-18
      4323.89  1.47546e-16  2.08436e-17
      4326.64  1.58520e-16  8.65780e-18
      4329.38  1.46569e-16  8.64281e-18
      4332.13  1.62324e-16  8.83426e-18
      4334.88  1.61042e-16  8.38830e-18
      4337.63  1.33966e-16  8.38943e-18
      4340.37  1.42809e-16  8.54961e-18
      4343.12  1.28247e-16  1.81658e-17
      4345.87  1.55111e-16  9.58662e-18
      4348.62  1.57033e-16  8.26372e-18
      4351.36  1.81716e-16  8.54943e-18
      4354.11  1.75288e-16  8.71842e-18
      4356.86  1.62630e-16  8.20645e-18
      4359.61  1.72696e-16  8.49046e-18
      4362.35  1.88813e-16  9.06563e-18
      4365.10  1.74569e-16  8.46588e-18
      4367.85  1.36151e-16  9.30339e-18
      4370.60  1.74287e-16  8.39499e-18
      4373.35  1.71812e-16  9.02867e-18
      4376.09  1.62331e-16  1.07103e-17
      4378.84  1.62021e-16  9.14935e-18
      4381.59  1.48461e-16  8.87012e-18
      4384.33  1.75547e-16  8.54026e-18
      4387.08  1.86695e-16  8.96073e-18
      4389.83  1.52859e-16  8.13954e-18
      4392.58  1.99127e-16  8.67118e-18
      4395.32  1.72301e-16  8.02352e-18
      4398.07  1.90190e-16  8.60651e-18
      4400.82  1.80688e-16  8.43972e-18
      4403.57  1.73979e-16  8.47069e-18
      4406.31  1.68152e-16  9.39616e-18
      4409.06  1.77366e-16  9.13905e-18
      4411.81  1.72969e-16  8.94927e-18
      4414.56  1.71277e-16  8.55827e-18
      4417.30  1.87522e-16  8.84619e-18
      4420.05  1.59093e-16  8.09032e-18
      4422.80  1.67984e-16  8.13536e-18
      4425.54  1.63764e-16  9.61066e-18
      4428.29  1.74350e-16  8.05555e-18
      4431.04  1.64589e-16  8.76572e-18
      4433.79  1.70304e-16  8.38228e-18
      4436.53  1.80657e-16  1.02996e-17
      4439.28  1.79505e-16  1.02088e-17
      4442.03  1.73073e-16  8.19513e-18
      4444.78  1.62470e-16  8.03942e-18
      4447.52  1.80079e-16  8.45490e-18
      4450.27  1.54827e-16  8.49269e-18
      4453.02  1.63179e-16  7.99283e-18
      4455.76  1.69536e-16  8.05941e-18
      4458.51  1.66820e-16  8.28677e-18
      4461.26  1.45241e-16  8.60482e-18
      4464.01  1.77789e-16  8.31226e-18
      4466.75  1.80528e-16  8.23032e-18
      4469.50  1.69736e-16  8.07819e-18
      4472.25  1.62369e-16  8.08709e-18
      4474.99  1.83341e-16  1.05457e-17
      4477.74  1.61784e-16  8.39387e-18
      4480.49  1.63897e-16  8.46997e-18
      4483.23  1.71935e-16  8.12429e-18
      4485.98  1.56731e-16  7.75142e-18
      4488.73  1.49122e-16  7.94417e-18
      4491.48  1.70779e-16  8.03493e-18
      4494.22  1.59642e-16  7.85908e-18
      4496.97  1.48986e-16  7.79138e-18
      4499.72  1.36508e-16  7.69903e-18
      4502.46  1.70141e-16  8.47969e-18
      4505.21  1.57467e-16  7.75253e-18
      4507.96  1.35217e-16  1.01476e-17
      4510.70  1.68292e-16  1.01546e-17
      4513.45  1.39659e-16  7.64996e-18
      4516.20  1.32374e-16  7.85739e-18
      4518.94  1.37218e-16  7.42463e-18
      4521.69  1.45377e-16  7.92445e-18
      4524.44  1.30125e-16  8.81229e-18
      4527.18  1.13266e-16  7.52953e-18
      4529.93  1.31123e-16  7.33494e-18
      4532.68  1.13512e-16  7.46739e-18
      4535.42  1.12936e-16  7.68672e-18
      4538.17  1.04119e-16  7.16056e-18
      4540.92  1.12743e-16  8.09320e-18
      4543.66  1.12689e-16  1.49290e-17
      4546.41  1.12634e-16  9.25580e-18
      4549.16  1.12579e-16  7.22362e-18
      4551.90  1.12525e-16  7.95162e-18
      4554.65  9.23966e-17  6.91930e-18
      4557.40  1.00684e-16  7.04918e-18
      4560.14  1.04728e-16  1.05146e-17
      4562.89  8.54659e-17  6.61498e-18
      4565.64  9.46534e-17  6.80580e-18
      4568.38  9.62576e-17  7.15170e-18
      4571.13  9.88445e-17  7.25014e-18
      4573.88  8.82319e-17  6.67877e-18
      4576.62  1.04887e-16  7.86898e-18
      4579.37  1.04170e-16  7.31780e-18
      4582.12  1.06477e-16  7.77322e-18
      4584.86  9.09379e-17  7.50588e-18
      4587.61  9.44682e-17  7.00410e-18
      4590.35  8.62596e-17  6.98342e-18
      4593.10  8.83183e-17  6.96066e-18
      4595.85  9.98063e-17  7.01888e-18
      4598.59  1.03379e-16  7.09730e-18
      4601.34  8.04805e-17  6.80800e-18
      4604.09  9.33655e-17  7.18384e-18
      4606.83  9.43107e-17  7.25848e-18
      4609.58  9.61050e-17  7.01141e-18
      4612.32  7.46526e-17  6.58991e-18
      4615.07  1.00343e-16  7.42875e-18
      4617.82  9.99741e-17  7.04215e-18
      4620.56  7.26237e-17  6.70117e-18
      4623.31  1.16947e-16  8.29951e-18
      4626.06  1.01483e-16  8.65181e-18
      4628.80  9.68920e-17  7.31217e-18
      4631.55  9.53627e-17  7.22235e-18
      4634.29  1.03480e-16  7.82849e-18
      4637.04  1.08782e-16  7.81525e-18
      4639.79  1.13805e-16  8.01939e-18
      4642.53  1.31617e-16  1.00051e-17
      4645.28  1.18430e-16  7.29392e-18
      4648.02  8.60569e-17  6.93793e-18
      4650.77  1.02987e-16  6.88290e-18
      4653.52  1.12562e-16  7.03621e-18
      4656.26  1.09439e-16  7.55956e-18
      4659.01  8.41041e-17  7.66436e-18
      4661.75  1.16355e-16  8.37256e-18
      4664.50  1.15083e-16  7.80153e-18
      4667.25  1.13811e-16  7.81132e-18
      4669.99  1.12540e-16  3.08193e-17
      4672.74  1.11268e-16  7.14498e-18
      4675.48  1.09996e-16  7.17741e-18
      4678.23  1.03885e-16  6.92448e-18
      4680.97  1.27026e-16  7.26591e-18
      4683.72  1.22399e-16  7.47501e-18
      4686.47  1.12214e-16  8.00171e-18
      4689.21  1.21853e-16  7.25835e-18
      4691.96  1.28018e-16  9.90070e-18
      4694.70  1.33423e-16  8.28626e-18
      4697.45  1.16435e-16  7.21054e-18
      4700.19  1.32547e-16  7.64885e-18
      4702.94  1.30655e-16  7.55497e-18
      4705.69  1.25290e-16  7.72775e-18
      4708.43  1.51852e-16  7.69929e-18
      4711.18  1.41686e-16  7.56813e-18
      4713.92  1.27295e-16  7.46255e-18
      4716.67  1.45954e-16  7.90589e-18
      4719.41  1.63984e-16  7.90304e-18
      4722.16  1.52307e-16  7.69781e-18
      4724.90  1.52935e-16  8.25533e-18
      4727.65  1.73547e-16  8.06470e-18
      4730.39  1.38931e-16  7.45378e-18
      4733.14  1.54082e-16  8.21023e-18
      4735.89  1.61453e-16  8.27692e-18
      4738.63  1.58547e-16  1.10178e-17
      4741.38  1.57560e-16  8.15623e-18
      4744.12  1.73455e-16  8.26113e-18
      4746.87  1.88936e-16  8.22613e-18
      4749.61  1.86077e-16  8.12456e-18
      4752.36  1.87192e-16  8.05116e-18
      4755.10  1.91482e-16  8.32018e-18
      4757.85  1.92833e-16  9.11740e-18
      4760.59  1.75138e-16  8.35553e-18
      4763.34  1.77973e-16  8.28112e-18
      4766.08  1.92182e-16  8.32402e-18
      4768.83  1.90096e-16  8.88375e-18
      4771.57  1.68583e-16  1.00322e-17
      4774.32  2.08380e-16  8.66886e-18
      4777.06  1.93273e-16  8.21290e-18
      4779.81  1.90900e-16  9.02030e-18
      4782.55  2.06087e-16  1.66459e-17
      4785.30  2.07882e-16  8.41050e-18
      4788.04  1.97592e-16  8.59687e-18
      4790.79  1.85243e-16  8.14108e-18
      4793.53  2.03072e-16  8.20696e-18
      4796.28  1.90670e-16  8.41981e-18
      4799.02  2.03056e-16  9.91781e-18
      4801.77  2.11317e-16  8.39060e-18
      4804.51  2.19836e-16  8.60048e-18
      4807.26  2.06005e-16  8.35734e-18
      4810.00  1.94626e-16  8.82043e-18
      4812.75  1.95904e-16  1.38326e-17
      4815.49  2.07125e-16  9.71011e-18
      4818.24  2.04145e-16  8.78927e-18
      4820.98  2.18856e-16  1.09272e-17
      4823.73  2.24176e-16  9.37339e-18
      4826.47  1.88466e-16  1.00486e-17
      4829.21  1.87617e-16  1.00304e-17
      4831.96  2.07573e-16  8.27762e-18
      4834.70  2.06482e-16  8.62150e-18
      4837.45  1.87463e-16  8.73309e-18
      4840.19  2.07274e-16  9.03607e-18
      4842.94  2.01642e-16  8.90443e-18
      4845.68  1.81147e-16  1.05865e-17
      4848.43  1.78007e-16  7.93878e-18
      4851.17  1.88364e-16  8.14854e-18
      4853.92  1.76214e-16  8.65081e-18
      4856.66  1.77271e-16  8.02697e-18
      4859.40  2.00057e-16  8.23327e-18
      4862.15  1.83191e-16  8.14890e-18
      4864.89  1.78408e-16  1.31897e-17
      4867.64  1.83851e-16  9.14125e-18
      4870.38  1.86282e-16  8.14019e-18
      4873.13  1.58955e-16  7.66044e-18
      4875.87  1.68252e-16  7.95365e-18
      4878.61  1.77817e-16  7.83553e-18
      4881.36  1.85942e-16  8.21613e-18
      4884.10  1.57888e-16  7.79616e-18
      4886.85  1.76015e-16  7.81441e-18
      4889.59  1.70034e-16  7.66762e-18
      4892.33  1.51239e-16  7.36444e-18
      4895.08  1.69083e-16  7.67985e-18
      4897.82  1.72557e-16  8.13268e-18
      4900.57  1.73476e-16  8.94269e-18
      4903.31  1.44431e-16  8.33759e-18
      4906.05  1.42077e-16  1.40209e-17
      4908.80  1.52721e-16  7.43874e-18
      4911.54  1.58812e-16  7.57161e-18
      4914.29  1.37606e-16  7.33977e-18
      4917.03  1.53524e-16  7.49774e-18
      4919.77  1.45058e-16  7.67396e-18
      4922.52  1.34962e-16  7.29954e-18
      4925.26  1.36861e-16  7.41724e-18
      4928.01  1.57326e-16  8.20096e-18
      4930.75  1.54779e-16  8.42473e-18
      4933.49  1.21817e-16  8.09902e-18
      4936.24  1.50661e-16  7.70885e-18
      4938.98  1.41481e-16  7.80942e-18
      4941.72  1.38300e-16  7.91734e-18
      4944.47  1.35120e-16  2.07592e-17
      4947.21  1.31940e-16  7.10196e-18
      4949.96  1.10701e-16  7.01015e-18
      4952.70  1.10215e-16  7.37041e-18
      4955.44  1.26067e-16  7.45509e-18
      4958.19  1.20810e-16  9.85483e-18
      4960.93  1.18354e-16  6.86917e-18
      4963.67  1.23923e-16  7.17007e-18
      4966.42  1.19799e-16  7.14383e-18
      4969.16  1.04872e-16  7.86491e-18
      4971.90  1.21301e-16  1.11162e-17
      4974.65  1.23698e-16  7.01518e-18
      4977.39  1.04455e-16  6.76992e-18
      4980.13  1.17345e-16  6.86820e-18
      4982.88  1.16182e-16  6.96083e-18
      4985.62  1.36140e-16  8.35576e-18
      4988.36  1.06114e-16  7.22487e-18
      4991.11  1.27274e-16  7.59076e-18
      4993.85  1.33735e-16  8.16733e-18
      4996.59  1.00973e-16  7.82278e-18
      4999.33  1.14080e-16  8.14951e-18
      5002.08  1.10385e-16  6.76304e-18
      5004.82  9.55911e-17  6.53621e-18
      5007.56  1.02966e-16  7.02326e-18
      5010.31  1.17192e-16  6.89771e-18
      5013.05  1.00427e-16  6.51666e-18
      5015.79  1.09004e-16  6.80167e-18
      5018.54  1.07951e-16  6.97406e-18
      5021.28  1.08862e-16  6.67559e-18
      5024.02  9.84417e-17  6.81455e-18
      5026.76  1.06569e-16  6.73743e-18
      5029.51  1.13496e-16  6.70213e-18
      5032.25  1.04223e-16  7.26155e-18
      5034.99  9.45389e-17  6.54795e-18
      5037.74  9.91999e-17  6.63739e-18
      5040.48  1.07800e-16  6.89300e-18
      5043.22  9.35247e-17  6.88198e-18
      5045.96  1.02953e-16  7.03913e-18
      5048.71  9.86309e-17  6.54301e-18
      5051.45  1.08182e-16  8.07527e-18
      5054.19  1.07859e-16  7.51846e-18
      5056.93  9.95222e-17  7.54136e-18
      5059.68  9.59726e-17  7.95447e-18
      5062.42  1.07185e-16  6.89399e-18
      5065.16  9.44955e-17  6.72604e-18
      5067.90  1.08648e-16  6.73036e-18
      5070.65  7.87663e-17  1.40110e-17
      5073.39  9.64259e-17  7.77019e-18
      5076.13  1.13509e-16  6.74839e-18
      5078.87  1.09395e-16  6.89289e-18
      5081.62  9.56168e-17  7.25078e-18
      5084.36  9.95050e-17  6.96645e-18
      5087.10  1.12741e-16  7.89720e-18
      5089.84  9.60958e-17  6.77307e-18
      5092.58  7.57661e-17  1.60858e-17
      5095.33  1.13330e-16  6.91769e-18
      5098.07  1.00337e-16  6.41624e-18
      5100.81  8.95265e-17  6.54358e-18
      5103.55  1.12385e-16  6.77690e-18
      5106.29  9.50995e-17  7.47179e-18
      5109.04  8.85366e-17  1.56699e-17
      5111.78  1.04936e-16  6.58626e-18
      5114.52  1.07414e-16  6.37024e-18
      5117.26  9.71617e-17  7.10625e-18
      5120.00  9.25101e-17  6.48148e-18
      5122.75  1.02052e-16  7.58027e-18
      5125.49  1.06427e-16  6.68336e-18
      5128.23  1.04569e-16  7.19194e-18
      5130.97  1.06978e-16  7.24443e-18
      5133.71  1.08412e-16  7.53179e-18
      5136.46  9.45758e-17  7.87007e-18
      5139.20  9.49720e-17  8.72792e-18
      5141.94  9.61611e-17  6.44481e-18
      5144.68  9.06651e-17  6.42206e-18
      5147.42  1.01194e-16  6.54990e-18
      5150.16  9.31397e-17  6.34447e-18
      5152.90  9.83658e-17  6.41063e-18
      5155.65  8.40333e-17  6.68298e-18
      5158.39  7.67752e-17  1.20309e-17
      5161.13  9.96899e-17  7.33994e-18
      5163.87  8.80542e-17  6.61793e-18
      5166.61  9.23335e-17  6.33755e-18
      5169.35  1.11559e-16  7.74873e-18
      5172.09  9.00935e-17  6.68080e-18
      5174.84  9.11785e-17  6.41057e-18
      5177.58  9.35633e-17  6.48484e-18
      5180.32  9.54268e-17  8.73298e-18
      5183.06  9.72903e-17  6.58270e-18
      5185.80  9.91538e-17  2.42414e-17
      5188.54  1.01017e-16  6.33182e-18
      5191.28  1.02881e-16  7.37377e-18
      5194.02  1.04744e-16  6.40667e-18
      5196.76  1.06608e-16  6.67286e-18
      5199.51  9.87673e-17  1.11399e-17
      5202.25  9.73604e-17  7.07774e-18
      5204.99  9.03065e-17  6.40346e-18
      5207.73  9.93991e-17  6.45237e-18
      5210.47  9.11044e-17  8.98662e-18
      5213.21  1.21545e-16  7.38900e-18
      5215.95  1.08212e-16  7.09174e-18
      5218.69  1.08274e-16  6.88105e-18
      5221.43  9.50722e-17  6.33094e-18
      5224.17  9.67184e-17  6.51025e-18
      5226.91  1.01129e-16  6.57813e-18
      5229.65  9.57546e-17  7.76677e-18
      5232.40  9.86986e-17  6.53252e-18
      5235.14  1.10321e-16  6.90528e-18
      5237.88  1.04851e-16  6.49494e-18
      5240.62  9.51331e-17  6.51171e-18
      5243.36  9.25006e-17  6.42584e-18
      5246.10  1.00474e-16  6.71894e-18
      5248.84  9.48107e-17  7.04047e-18
      5251.58  1.04221e-16  6.63262e-18
      5254.32  1.04863e-16  6.42672e-18
      5257.06  1.01511e-16  6.55412e-18
      5259.80  9.11963e-17  6.45147e-18
      5262.54  1.05806e-16  8.58535e-18
      5265.28  9.58925e-17  6.41789e-18
      5268.02  9.90734e-17  6.50796e-18
      5270.76  1.05725e-16  7.30959e-18
      5273.50  1.02981e-16  6.56362e-18
      5276.24  8.59571e-17  6.45265e-18
      5278.98  9.38330e-17  6.54549e-18
      5281.72  9.22793e-17  7.69688e-18
      5284.46  9.64593e-17  6.65769e-18
      5287.20  8.41734e-17  6.61607e-18
      5289.94  9.22097e-17  6.56261e-18
      5292.68  9.52899e-17  6.66019e-18
      5295.42  9.14955e-17  6.52014e-18
      5298.16  8.65272e-17  6.42060e-18
      5300.90  1.03992e-16  6.86165e-18
      5303.64  1.04509e-16  6.84012e-18
      5306.38  9.93828e-17  7.07909e-18
      5309.12  1.00354e-16  7.27468e-18
      5311.86  9.83879e-17  6.77121e-18
      5314.60  9.00241e-17  6.53462e-18
      5317.34  1.05887e-16  6.67557e-18
      5320.08  1.09194e-16  6.89277e-18
      5322.82  9.69450e-17  6.75837e-18
      5325.56  8.40468e-17  6.72256e-18
      5328.30  8.44977e-17  6.72625e-18
      5331.04  1.02804e-16  6.60479e-18
      5333.77  9.17211e-17  6.56998e-18
      5336.51  1.00962e-16  6.60226e-18
      5339.25  9.11435e-17  9.88106e-18
      5341.99  9.04865e-17  8.62829e-18
      5344.73  1.11243e-16  6.90447e-18
      5347.47  1.18698e-16  7.02790e-18
      5350.21  1.08673e-16  6.98562e-18
      5352.95  9.08253e-17  1.17485e-17
      5355.69  1.05296e-16  6.89351e-18
      5358.43  1.12086e-16  6.94240e-18
      5361.17  1.08476e-16  7.10464e-18
      5363.91  1.20785e-16  7.13842e-18
      5366.64  1.23554e-16  7.14368e-18
      5369.38  1.28591e-16  7.09720e-18
      5372.12  1.03199e-16  6.98740e-18
      5374.86  1.21776e-16  7.40080e-18
      5377.60  1.23844e-16  7.38728e-18
      5380.34  1.03183e-16  7.84655e-18
      5383.08  1.19240e-16  7.51614e-18
      5385.82  1.21730e-16  7.83811e-18
      5388.56  1.27180e-16  6.95932e-18
      5391.29  1.23808e-16  7.09396e-18
      5394.03  1.32242e-16  7.42571e-18
      5396.77  1.35575e-16  7.36551e-18
      5399.51  1.13405e-16  7.04566e-18
      5402.25  1.15743e-16  8.36944e-18
      5404.99  1.38507e-16  7.85922e-18
      5407.73  1.29784e-16  7.97674e-18
      5410.46  1.31161e-16  7.94694e-18
      5413.20  1.37238e-16  8.06507e-18
      5415.94  1.29193e-16  7.55486e-18
      5418.68  1.34217e-16  7.21199e-18
      5421.42  1.39241e-16  7.65003e-18
      5424.15  1.44265e-16  2.02326e-17
      5426.89  1.49289e-16  7.56900e-18
      5429.63  1.35552e-16  7.81082e-18
      5432.37  1.58472e-16  7.64004e-18
      5435.11  1.41806e-16  7.72632e-18
      5437.85  1.52443e-16  7.65364e-18
      5440.58  1.53660e-16  7.77500e-18
      5443.32  1.50573e-16  7.42507e-18
      5446.06  1.44803e-16  8.00082e-18
      5448.80  1.54381e-16  8.01461e-18
      5451.53  1.63603e-16  7.71961e-18
      5454.27  1.55904e-16  8.36391e-18
      5457.01  1.52085e-16  8.47417e-18
      5459.75  1.62519e-16  8.15532e-18
      5462.49  1.50727e-16  7.98694e-18
      5465.22  1.41293e-16  7.60292e-18
      5467.96  1.49618e-16  7.39536e-18
      5470.70  1.61136e-16  9.69263e-18
      5473.44  1.57439e-16  7.70276e-18
      5476.17  1.54233e-16  8.39159e-18
      5478.91  1.90338e-16  8.55852e-18
      5481.65  1.82643e-16  8.04869e-18
      5484.39  1.74948e-16  5.55313e-17
      5487.12  1.67254e-16  7.61488e-18
      5489.86  1.74822e-16  7.97334e-18
      5492.60  1.71633e-16  7.86229e-18
      5495.34  1.48774e-16  8.06971e-18
      5498.07  1.59047e-16  7.72077e-18
      5500.81  1.62697e-16  8.61280e-18
      5503.55  1.82035e-16  8.31675e-18
      5506.28  1.84051e-16  8.19978e-18
      5509.02  1.65258e-16  7.83380e-18
      5511.76  1.42326e-16  7.44844e-18
      5514.50  1.49840e-16  7.74952e-18
      5517.23  1.60487e-16  7.71867e-18
      5519.97  1.43420e-16  7.39396e-18
      5522.71  1.64127e-16  7.79088e-18
      5525.44  1.64384e-16  1.30654e-17
      5528.18  1.62308e-16  7.78359e-18
      5530.92  1.59296e-16  7.79265e-18
      5533.65  1.55471e-16  7.56794e-18
      5536.39  1.58569e-16  7.74362e-18
      5539.13  1.35817e-16  7.30940e-18
      5541.86  1.51850e-16  7.72347e-18
      5544.60  1.49066e-16  7.73353e-18
      5547.34  1.45543e-16  7.79815e-18
      5550.07  1.49318e-16  7.46145e-18
      5552.81  1.40976e-16  8.02914e-18
      5555.54  1.16340e-16  2.76755e-17
      5558.28  1.25426e-16  7.02728e-18
      5561.02  1.33466e-16  7.39443e-18
      5563.75  1.50125e-16  7.60633e-18
      5566.49  1.32183e-16  7.65810e-18
      5569.23  1.26257e-16  7.46086e-18
      5571.96  1.36503e-16  7.37246e-18
      5574.70  1.36646e-16  7.29723e-18
      5577.43  1.26880e-16  7.64875e-18
      5580.17  1.44405e-16  7.31217e-18
      5582.91  1.31600e-16  7.45108e-18
      5585.64  1.25926e-16  7.23015e-18
      5588.38  1.39398e-16  7.55460e-18
      5591.11  1.30948e-16  7.97481e-18
      5593.85  1.34285e-16  7.36525e-18
      5596.59  1.26586e-16  7.36768e-18
      5599.32  1.09912e-16  1.50496e-17
      5602.06  1.43942e-16  7.48909e-18
      5604.79  1.19839e-16  7.26804e-18
      5607.53  1.31543e-16  9.80184e-18
      5610.26  1.30129e-16  1.01740e-17
      5613.00  1.16765e-16  7.08002e-18
      5615.74  1.12943e-16  6.97048e-18
      5618.47  1.14545e-16  7.25168e-18
      5621.21  1.25031e-16  7.31664e-18
      5623.94  1.26869e-16  7.32903e-18
      5626.68  1.36168e-16  7.87584e-18
      5629.41  1.36547e-16  8.37033e-18
      5632.15  1.30896e-16  7.84441e-18
      5634.88  1.26377e-16  7.84646e-18
      5637.62  1.36372e-16  1.72502e-17
      5640.35  1.30830e-16  7.30891e-18
      5643.09  1.18501e-16  7.62320e-18
      5645.82  1.33233e-16  7.86005e-18
      5648.56  1.14733e-16  9.47003e-18
      5651.29  1.48581e-16  9.28154e-18
      5654.03  1.24031e-16  1.11354e-17
      5656.76  1.14630e-16  8.42264e-18
      5659.50  1.33827e-16  8.82443e-18
      5662.23  1.24633e-16  8.13044e-18
      5664.97  1.37547e-16  8.62548e-18
      5667.70  1.45559e-16  7.68950e-18
      5670.44  1.11447e-16  7.02137e-18
      5673.17  1.27587e-16  7.43241e-18
      5675.91  1.19157e-16  7.44187e-18
      5678.64  1.25787e-16  7.51055e-18
      5681.38  1.31477e-16  7.47447e-18
      5684.11  1.10457e-16  7.33232e-18
      5686.84  1.38476e-16  7.76143e-18
      5689.58  1.18118e-16  1.11226e-17
      5692.31  1.21410e-16  1.08140e-17
      5695.05  1.41462e-16  8.59325e-18
      5697.78  1.32112e-16  8.25523e-18
      5700.52  1.83281e-16  1.27950e-17
