      2889.00 -1.00897e-14  3.41538e-15
      2891.74 -3.71949e-16  2.04320e-15
      2894.49  2.34888e-15  1.69523e-15
      2897.23 -1.78987e-15  1.22815e-15
      2899.98 -2.33859e-15  1.04084e-15
      2902.72 -7.19451e-16  9.73510e-16
      2905.47 -3.34030e-15  7.86963e-16
      2908.21 -9.20372e-16  7.15366e-16
      2910.96 -3.17470e-16  1.42526e-15
      2913.70 -5.52343e-16  5.77029e-16
      2916.45 -1.67781e-15  5.31336e-16
      2919.19  1.45022e-16  4.52184e-16
      2921.94 -6.03151e-18  4.06384e-16
      2924.68  4.24961e-16  3.98182e-16
      2927.43 -1.47393e-15  4.31097e-16
      2930.17 -2.25761e-16  2.90913e-16
      2932.92 -2.85060e-16  3.86461e-16
      2935.66  6.98054e-16  3.99761e-16
      2938.41 -4.56759e-16  9.39447e-16
      2941.15 -2.33324e-16  1.67925e-16
      2943.90 -9.63172e-17  1.61576e-16
      2946.64 -7.70557e-16  1.53149e-16
      2949.39  1.12388e-16  1.42163e-16
      2952.13 -8.59889e-17  1.06891e-16
      2954.88  1.48172e-18  1.02931e-16
      2957.62  1.03373e-17  9.39326e-17
      2960.37 -6.05642e-17  1.52097e-16
      2963.11 -2.59950e-17  7.91673e-17
      2965.86  6.05925e-17  7.71005e-17
      2968.61  1.14858e-16  7.54322e-17
      2971.35  3.65500e-17  6.67700e-17
      2974.10 -8.54583e-17  6.46892e-17
      2976.84 -1.15383e-16  6.06821e-17
      2979.59  1.76792e-18  6.11350e-17
      2982.33 -1.76026e-17  6.22275e-17
      2985.08  3.84921e-17  6.97045e-17
      2987.82 -2.83297e-16  1.18799e-16
      2990.57  6.54046e-17  5.90815e-17
      2993.32  2.90076e-17  6.37371e-17
      2996.06 -1.63184e-16  6.66821e-17
      2998.81  3.12423e-17  5.48434e-17
      3001.55 -1.80066e-16  5.68598e-17
      3004.30  1.21518e-16  5.80001e-17
      3007.04  2.10254e-16  1.81978e-16
      3009.79 -1.33093e-18  5.27701e-17
      3012.53 -2.99487e-17  5.43059e-17
      3015.28 -4.88826e-18  5.53608e-17
      3018.03  2.01744e-17  2.27459e-16
      3020.77  4.52370e-17  5.09650e-17
      3023.52 -2.53619e-17  4.91474e-17
      3026.26  4.16303e-17  4.79740e-17
      3029.01 -4.62339e-18  4.61354e-17
      3031.76  2.11365e-17  4.55130e-17
      3034.50  2.94735e-17  4.62696e-17
      3037.25  6.89512e-17  4.64187e-17
      3039.99 -1.36776e-16  6.77583e-17
      3042.74  9.80790e-17  4.55058e-17
      3045.48  1.76621e-16  4.37519e-17
      3048.23  3.24114e-17  4.07231e-17
      3050.98 -2.63748e-17  4.32389e-17
      3053.72  8.37919e-17  4.01933e-17
      3056.47  9.86858e-17  4.09503e-17
      3059.21 -7.97428e-18  4.86905e-17
      3061.96 -2.01925e-17  3.82345e-17
      3064.71  5.81929e-17  3.84371e-17
      3067.45  9.81461e-17  3.89703e-17
      3070.20  6.33080e-17  3.68474e-17
      3072.95  1.29695e-16  3.75328e-17
      3075.69  8.09671e-17  3.58449e-17
      3078.44 -3.72532e-17  3.99271e-17
      3081.18  6.84292e-17  4.23351e-17
      3083.93 -6.60779e-17  7.29321e-17
      3086.68  4.51453e-17  3.50476e-17
      3089.42 -1.08041e-16  5.04320e-17
      3092.17  8.06844e-17  3.69540e-17
      3094.91  9.23282e-18  5.33624e-17
      3097.66  2.89820e-17  6.87468e-17
      3100.41 -1.66937e-18  3.51811e-17
      3103.15  3.94665e-17  3.37982e-17
      3105.90  2.12931e-17  4.38425e-17
      3108.65  2.33813e-17  3.55535e-17
      3111.39  1.11876e-16  3.61269e-17
      3114.14  2.31715e-18  3.74400e-17
      3116.89 -6.21823e-17  8.04668e-17
      3119.63  6.39489e-17  3.70346e-17
      3122.38  9.04251e-17  3.28809e-17
      3125.12  8.16138e-17  3.29760e-17
      3127.87  4.14797e-17  3.41387e-17
      3130.62  1.57403e-16  3.77349e-17
      3133.36  1.36515e-16  3.30318e-17
      3136.11  5.44257e-17  3.77524e-17
      3138.86  3.03355e-17  3.55695e-17
      3141.60  1.02248e-16  2.19257e-16
      3144.35 -6.20760e-17  5.27304e-17
      3147.10  5.62007e-17  3.20266e-17
      3149.84  2.63168e-17  3.75190e-17
      3152.59 -1.03325e-17  3.21537e-17
      3155.34  1.93928e-16  3.86561e-17
      3158.08  3.97372e-17  3.19969e-17
      3160.83  2.95362e-18  4.13458e-17
      3163.58 -3.01703e-17  5.53442e-17
      3166.32  2.71692e-17  2.86846e-17
      3169.07 -7.12286e-17  3.25165e-17
      3171.82  2.59873e-17  2.98051e-17
      3174.56  1.69979e-17  3.44608e-17
      3177.31  6.86179e-17  3.18026e-17
      3180.06  8.10354e-17  3.49993e-17
      3182.80  7.65262e-17  2.82131e-17
      3185.55  2.23797e-17  2.83926e-17
      3188.30 -2.29136e-17  5.35785e-17
      3191.05 -9.10398e-18  2.95372e-17
      3193.79  4.16948e-17  2.80272e-17
      3196.54  6.70401e-17  2.88696e-17
      3199.29  2.34397e-17  2.77936e-17
      3202.03  9.61715e-17  2.78504e-17
      3204.78  5.07166e-17  2.69136e-17
      3207.53  1.84933e-17  3.10407e-17
      3210.27  3.84747e-17  2.83099e-17
      3213.02  7.24889e-17  2.69412e-17
      3215.77 -7.70577e-18  3.00964e-17
      3218.51  4.65052e-17  2.62210e-17
      3221.26  4.04674e-17  2.73598e-17
      3224.01  8.32530e-18  2.61036e-17
      3226.76  7.12287e-17  3.52063e-17
      3229.50  7.15732e-17  2.57078e-17
      3232.25  4.82980e-17  2.56935e-17
      3235.00  7.18700e-17  2.70458e-17
      3237.74  1.02261e-17  2.77853e-17
      3240.49 -2.98300e-18  5.19991e-17
      3243.24  4.54275e-17  2.67433e-17
      3245.99  1.73288e-17  2.43363e-17
      3248.73  1.13449e-17  2.56415e-17
      3251.48  6.29812e-17  2.65986e-17
      3254.23 -4.80321e-18  2.50854e-17
      3256.97  4.64434e-18  3.00215e-17
      3259.72  5.08815e-17  2.40635e-17
      3262.47  3.53106e-17  2.32660e-17
      3265.22 -2.27300e-17  2.42402e-17
      3267.96  1.13062e-16  2.65930e-17
      3270.71  5.23470e-17  2.33266e-17
      3273.46  6.58608e-17  2.74067e-17
      3276.21 -3.60905e-17  2.58636e-17
      3278.95  6.96465e-17  2.32761e-17
      3281.70  8.58156e-17  2.49773e-17
      3284.45 -3.58521e-18  2.70697e-17
      3287.19  3.39899e-17  2.62835e-17
      3289.94  9.69651e-17  2.31359e-17
      3292.69  4.54823e-17  2.24558e-17
      3295.44  1.70583e-17  2.56703e-17
      3298.18  7.49072e-17  2.35555e-17
      3300.93  2.45997e-17  2.33123e-17
      3303.68  4.39523e-17  2.40194e-17
      3306.43  5.72369e-17  2.23786e-17
      3309.17  5.25012e-17  2.21657e-17
      3311.92  2.86442e-17  2.23441e-17
      3314.67  1.08307e-16  2.35683e-17
      3317.42  9.43795e-17  2.32463e-17
      3320.16  8.70251e-17  2.31600e-17
      3322.91  6.01287e-17  2.30772e-17
      3325.66  3.59602e-17  3.28313e-17
      3328.41  1.09720e-16  2.35452e-17
      3331.15  9.45890e-17  2.30732e-17
      3333.90  7.94575e-17  2.42097e-17
      3336.65  6.43260e-17  2.33268e-17
      3339.40  4.91944e-17  2.42545e-17
      3342.14  3.40629e-17  2.24695e-17
      3344.89  2.37948e-17  2.26031e-17
      3347.64  4.11918e-17  2.65307e-17
      3350.39  5.85903e-17  2.23551e-16
      3353.14  7.59872e-17  2.04140e-17
      3355.88  9.33842e-17  2.18654e-17
      3358.63  2.20309e-17  3.25101e-17
      3361.38  9.34193e-17  2.20450e-17
      3364.13  1.19325e-16  2.31415e-17
      3366.87  5.62145e-17  2.08526e-17
      3369.62  8.15397e-17  2.04981e-17
      3372.37  2.06481e-17  2.07021e-17
      3375.12  5.06469e-17  2.07500e-17
      3377.86  6.96437e-17  2.20332e-17
      3380.61  1.53660e-17  2.16383e-17
      3383.36  4.60307e-17  2.03323e-17
      3386.11  7.59995e-17  2.20199e-17
      3388.86  6.82172e-17  2.92371e-17
      3391.60  6.04349e-17  1.45472e-16
      3394.35  5.26526e-17  2.08302e-17
      3397.10  9.89811e-17  3.05519e-17
      3399.85  8.06124e-17  2.73859e-17
      3402.60  2.31426e-17  1.93823e-17
      3405.34  4.92540e-17  1.98046e-17
      3408.09  2.29478e-17  1.98501e-17
      3410.84  2.69865e-17  2.22385e-17
      3413.59 -1.73466e-17  4.46806e-17
      3416.33  5.47030e-18  1.99381e-17
      3419.08  2.82892e-17  2.27791e-17
      3421.83  5.11061e-17  4.15027e-17
      3424.58  7.39251e-17  2.15365e-17
      3427.33  9.67440e-17  1.98927e-17
      3430.07  9.62278e-17  2.04149e-17
      3432.82  1.23564e-17  2.49200e-17
      3435.57  2.34947e-17  2.85410e-17
      3438.32 -1.91596e-18  3.26418e-17
      3441.07  3.02834e-17  1.89550e-17
      3443.81  3.33074e-17  1.90212e-17
      3446.56  5.17095e-17  1.95586e-17
      3449.31  1.06557e-16  2.03751e-17
      3452.06 -1.53671e-18  3.68202e-17
      3454.81  7.68024e-17  2.03099e-17
      3457.55  5.16810e-17  1.82363e-17
      3460.30  3.77856e-17  1.80576e-17
      3463.05  4.47559e-17  1.88214e-17
      3465.80  5.57368e-17  1.81948e-17
      3468.55  4.63120e-17  1.87175e-17
      3471.30  1.49774e-17  1.85742e-17
      3474.04  7.07977e-17  1.83658e-17
      3476.79  6.26649e-17  1.78440e-17
      3479.54  3.12574e-17  1.81941e-17
      3482.29  5.30108e-17  1.83157e-17
      3485.04  9.32371e-17  1.90801e-17
      3487.78  7.23774e-17  1.87496e-17
      3490.53  1.78597e-17  1.77410e-17
      3493.28  8.06380e-17  2.12480e-17
      3496.03  7.35810e-17  1.81632e-17
      3498.78  7.57566e-17  2.34809e-17
      3501.53  3.49164e-17  1.97952e-17
      3504.27  7.81644e-17  1.75091e-17
      3507.02  9.70124e-17  2.19514e-17
      3509.77  1.88835e-17  1.66614e-17
      3512.52  6.26072e-17  1.77500e-17
      3515.27  6.88445e-17  1.79838e-17
      3518.01 -1.99545e-17  2.04921e-17
      3520.76  2.91950e-17  1.74479e-17
      3523.51  7.15023e-17  1.82998e-17
      3526.26  7.32459e-17  1.77753e-17
      3529.01  1.09877e-16  1.77365e-17
      3531.76  5.38906e-17  1.73845e-17
      3534.50  6.82980e-17  1.73521e-17
      3537.25 -2.28909e-18  3.32380e-17
      3540.00  4.48326e-17  1.69873e-17
      3542.75  8.54498e-17  1.74819e-17
      3545.50  7.11471e-17  1.71934e-17
      3548.25  5.72136e-17  2.38566e-17
      3550.99  9.19251e-17  1.68976e-17
      3553.74  8.71449e-17  1.71692e-17
      3556.49  6.44330e-17  2.19090e-17
      3559.24  4.12634e-17  1.62983e-17
      3561.99  3.90355e-17  1.66611e-17
      3564.74  3.43746e-17  1.95857e-17
      3567.48  4.69788e-17  1.73811e-17
      3570.23  5.60707e-17  1.65167e-17
      3572.98  5.35419e-17  1.67438e-17
      3575.73  4.06290e-17  1.91149e-17
      3578.48  5.76997e-17  1.74805e-17
      3581.23  1.13972e-16  1.74521e-17
      3583.98  9.45523e-17  1.86870e-17
      3586.72  1.28541e-16  1.94687e-17
      3589.47  4.61223e-17  1.60053e-17
      3592.22  6.87662e-17  1.61138e-17
      3594.97  5.27794e-17  1.69279e-17
      3597.72  4.95476e-17  1.67373e-17
      3600.47  8.66195e-17  1.64151e-17
      3603.21  1.85354e-17  1.82079e-17
      3605.96  6.43355e-17  2.37281e-17
      3608.71  8.41636e-17  1.94501e-17
      3611.46  7.67409e-17  2.02463e-17
      3614.21  7.63978e-17  2.23149e-17
      3616.96  4.18131e-17  1.87259e-17
      3619.71  7.42692e-17  1.81378e-17
      3622.45  3.15610e-17  1.61922e-17
      3625.20  5.57603e-17  1.96094e-17
      3627.95  7.80847e-17  1.96345e-17
      3630.70  8.12349e-17  1.67975e-17
      3633.45  4.19338e-18  3.70537e-17
      3636.20  5.73550e-17  1.66851e-17
      3638.95  9.58074e-17  1.66697e-17
      3641.69  7.29509e-17  1.60362e-17
      3644.44  6.89884e-17  1.72795e-17
      3647.19  8.23386e-17  1.64803e-17
      3649.94  1.07949e-16  1.57459e-17
      3652.69  6.01153e-17  1.58222e-17
      3655.44  4.11637e-17  2.73545e-17
      3658.19  8.61273e-17  1.60292e-17
      3660.93  1.07586e-16  1.82194e-17
      3663.68  7.12562e-17  1.51021e-17
      3666.43  1.30965e-16  2.08865e-17
      3669.18  1.07609e-16  1.54201e-17
      3671.93  1.22274e-16  1.62534e-17
      3674.68  3.18586e-17  3.34712e-17
      3677.43  5.11096e-17  3.84197e-17
      3680.17  1.00306e-16  1.56046e-17
      3682.92  9.14935e-17  1.66222e-17
      3685.67  6.23045e-17  2.02245e-17
      3688.42  1.02515e-16  1.49140e-17
      3691.17  1.18976e-16  1.51945e-17
      3693.92  1.05734e-16  1.54923e-17
      3696.67  1.12392e-16  1.58988e-17
      3699.41  1.13499e-16  1.95040e-17
      3702.16  1.14605e-16  1.88268e-16
      3704.91  1.15712e-16  1.99673e-17
      3707.66  1.16819e-16  2.00394e-17
      3710.41  1.17925e-16  1.49585e-17
      3713.16  1.38021e-16  1.52686e-17
      3715.91  1.13768e-16  1.46032e-17
      3718.66  1.22781e-16  1.48761e-17
      3721.40  1.49413e-16  1.58476e-17
      3724.15  1.36784e-16  1.51416e-17
      3726.90  1.28655e-16  1.48346e-17
      3729.65  1.37331e-16  1.46827e-17
      3732.40  1.27094e-16  1.56520e-17
      3735.15  8.33952e-17  2.09143e-17
      3737.90  1.71936e-16  1.45081e-17
      3740.64  1.73149e-16  1.59744e-17
      3743.39  1.16019e-16  1.44130e-17
      3746.14  1.55736e-16  1.51548e-17
      3748.89  1.62261e-16  1.50614e-17
      3751.64  1.21885e-16  1.47976e-17
      3754.39  1.42927e-16  2.76439e-17
      3757.14  2.00054e-16  2.95117e-17
      3759.89  1.67402e-16  1.38587e-17
      3762.63  7.58435e-17  2.88157e-17
      3765.38  1.66107e-16  1.43336e-17
      3768.13  2.00647e-16  1.83351e-17
      3770.88  1.29627e-16  1.48777e-17
      3773.63  1.28942e-16  1.34699e-17
      3776.38  1.57240e-16  1.50548e-17
      3779.13  1.66036e-16  1.37423e-17
      3781.88  1.63109e-16  2.15961e-17
      3784.62  1.67475e-16  1.43676e-17
      3787.37  1.62766e-16  1.48481e-17
      3790.12  8.32852e-17  2.13806e-17
      3792.87  1.69307e-16  1.34881e-17
      3795.62  1.31815e-16  1.81195e-17
      3798.37  1.52495e-16  1.30688e-17
      3801.12  1.30466e-16  1.25362e-17
      3803.87  1.27534e-16  1.39573e-17
      3806.61  1.49925e-16  1.30619e-17
      3809.36  1.56480e-16  1.35790e-17
      3812.11  1.64448e-16  1.47233e-17
      3814.86  1.49080e-16  1.26012e-17
      3817.61  1.60898e-16  1.31507e-17
      3820.36  1.24913e-16  1.23676e-17
      3823.11  1.35637e-16  1.27946e-17
      3825.86  1.63859e-16  1.26860e-17
      3828.60  1.66353e-16  1.33812e-17
      3831.35  1.03813e-16  1.32052e-17
      3834.10  1.68666e-16  1.33491e-17
      3836.85  1.59900e-16  1.23007e-17
      3839.60  1.36866e-16  1.26554e-17
      3842.35  1.34750e-16  1.27130e-17
      3845.10  1.31417e-16  1.27281e-17
      3847.85  1.30418e-16  1.19046e-17
      3850.59  1.20975e-16  1.18299e-17
      3853.34  1.40835e-16  1.87108e-17
      3856.09  1.46829e-16  1.24771e-17
      3858.84  1.01333e-16  1.17457e-17
      3861.59  9.01069e-17  1.46516e-17
      3864.34  9.40990e-17  1.19647e-17
      3867.09  3.96687e-17  1.24461e-17
      3869.84  5.59837e-17  1.13866e-17
      3872.58  5.72789e-17  3.35037e-17
      3875.33  8.06893e-17  1.04287e-17
      3878.08  9.52875e-17  1.07194e-17
      3880.83  5.46111e-17  2.14767e-17
      3883.58  8.32919e-17  1.04104e-17
      3886.33  9.21576e-17  1.06167e-17
      3889.08  6.60769e-17  1.04318e-17
      3891.83  5.55445e-17  1.02086e-17
      3894.57  4.87620e-17  1.03511e-17
      3897.32  5.57166e-17  1.00802e-17
      3900.07  6.31810e-17  1.16949e-17
      3902.82  5.53745e-17  1.06137e-17
      3905.57  7.26094e-17  1.03477e-17
      3908.32  3.69698e-17  9.72824e-18
      3911.07  6.75477e-17  1.79949e-17
      3913.82  4.77278e-17  9.82508e-18
      3916.56  6.02299e-18  1.03061e-17
      3919.31  8.06308e-18  1.42170e-17
      3922.06  4.99153e-17  1.04684e-17
      3924.81  5.54405e-17  1.08312e-17
      3927.56  5.25338e-17  9.71178e-18
      3930.31  5.55554e-17  1.03881e-17
      3933.06  7.15171e-17  9.61597e-18
      3935.81  4.62051e-17  9.64333e-18
      3938.55  1.64291e-17  9.94555e-18
      3941.30  4.82891e-17  9.60680e-18
      3944.05  5.59394e-17  9.44081e-18
      3946.80  3.79466e-17  9.01519e-18
      3949.55  4.31298e-17  9.10802e-18
      3952.30  1.43755e-17  2.10822e-17
      3955.05  7.35425e-17  9.83121e-18
      3957.80  4.80412e-17  9.70877e-18
      3960.54  7.44195e-17  9.37245e-18
      3963.29  5.09111e-17  9.29488e-18
      3966.04  5.49508e-17  9.32012e-18
      3968.79  8.88027e-17  9.88224e-18
      3971.54  8.16479e-17  1.06828e-17
      3974.29  4.54576e-17  1.06735e-17
      3977.04  3.48746e-17  1.76804e-17
      3979.79  4.80969e-17  1.18895e-17
      3982.53  8.09317e-17  9.21887e-18
      3985.28  5.04352e-17  2.29593e-17
      3988.03  6.62729e-17  9.35150e-18
      3990.78  7.38816e-17  9.17627e-18
      3993.53  5.16663e-17  1.37360e-17
      3996.28  1.99036e-17  9.22266e-18
      3999.03  6.02406e-17  1.19528e-17
      4001.77  8.36403e-17  9.56448e-18
      4004.52  7.56306e-17  9.13975e-18
      4007.27  7.18269e-17  9.38452e-18
      4010.02  1.18759e-16  1.01458e-17
      4012.77  9.47064e-17  1.53957e-17
      4015.52  7.98555e-17  1.05306e-17
      4018.27  8.15513e-17  1.01701e-17
      4021.02  9.50553e-17  9.70709e-18
      4023.76  9.04708e-17  8.83578e-18
      4026.51  1.25944e-16  9.53998e-18
      4029.26  9.54285e-17  2.50926e-17
      4032.01  1.49575e-16  9.52877e-18
      4034.76  1.16429e-16  9.22585e-18
      4037.51  1.22170e-16  9.56769e-18
      4040.26  1.36177e-16  1.21185e-17
      4043.00  1.18464e-16  9.80488e-18
      4045.75  1.06252e-16  1.12143e-17
      4048.50  1.12000e-16  1.06237e-17
      4051.25  1.17749e-16  3.55988e-17
      4054.00  1.23497e-16  1.51794e-17
      4056.75  1.29245e-16  9.57410e-18
      4059.50  1.34993e-16  1.67008e-17
      4062.24  1.40741e-16  9.76982e-18
      4064.99  1.85187e-16  9.93963e-18
      4067.74  1.79992e-16  9.89017e-18
      4070.49  1.75456e-16  9.57047e-18
      4073.24  1.72563e-16  9.67490e-18
      4075.99  1.85149e-16  9.70002e-18
      4078.74  1.95856e-16  9.66093e-18
      4081.48  1.85483e-16  1.01835e-17
      4084.23  1.81612e-16  9.97389e-18
      4086.98  1.69782e-16  1.84599e-17
      4089.73  2.31889e-16  1.00951e-17
      4092.48  2.18984e-16  1.01185e-17
      4095.23  2.32575e-16  1.45334e-17
      4097.98  2.62102e-16  1.49810e-17
      4100.72  2.56658e-16  1.05069e-17
      4103.47  2.21333e-16  1.00731e-17
      4106.22  2.37676e-16  1.15371e-17
      4108.97  2.78214e-16  1.07278e-17
      4111.72  2.50410e-16  1.02169e-17
      4114.47  2.51891e-16  1.03787e-17
      4117.22  2.90686e-16  1.12824e-17
      4119.96  2.95930e-16  1.34839e-17
      4122.71  2.60717e-16  1.03761e-17
      4125.46  3.07279e-16  1.44468e-17
      4128.21  2.80065e-16  1.03398e-17
      4130.96  2.85711e-16  1.09340e-17
      4133.71  2.85531e-16  1.04232e-17
      4136.45  3.16079e-16  1.24577e-17
      4139.20  3.12643e-16  1.34296e-17
      4141.95  2.81061e-16  1.03223e-17
      4144.70  3.03824e-16  1.08971e-17
      4147.45  3.11115e-16  1.12182e-17
      4150.20  2.60047e-16  1.39729e-17
      4152.95  2.81021e-16  1.05635e-17
      4155.69  2.53681e-16  1.00515e-17
      4158.44  2.58820e-16  9.91337e-18
      4161.19  2.80112e-16  1.14869e-17
      4163.94  2.80314e-16  1.27246e-17
      4166.69  2.77097e-16  1.17304e-17
      4169.44  2.64418e-16  1.25757e-17
      4172.18  2.35679e-16  1.07837e-17
      4174.93  2.52014e-16  1.05981e-17
      4177.68  2.56715e-16  1.02892e-17
      4180.43  2.08219e-16  1.49585e-17
      4183.18  2.16396e-16  9.91863e-18
      4185.93  2.36402e-16  1.19164e-17
      4188.67  2.29969e-16  9.69267e-18
      4191.42  2.03702e-16  1.07979e-17
      4194.17  2.31450e-16  9.73239e-18
      4196.92  2.24827e-16  9.76594e-18
      4199.67  2.17306e-16  1.18286e-17
      4202.42  2.14368e-16  9.70447e-18
      4205.16  2.24035e-16  9.79430e-18
      4207.91  2.26503e-16  1.11428e-17
      4210.66  2.00349e-16  1.00092e-17
      4213.41  1.88112e-16  1.79527e-17
      4216.16  1.95267e-16  1.21383e-17
      4218.90  2.20365e-16  9.73092e-18
      4221.65  1.90001e-16  1.20069e-17
      4224.40  2.28137e-16  9.68306e-18
      4227.15  2.04562e-16  9.23582e-18
      4229.90  2.11947e-16  9.13827e-18
      4232.65  2.03269e-16  1.03650e-17
      4235.39  2.27849e-16  1.10882e-17
      4238.14  2.36959e-16  1.03079e-17
      4240.89  2.09757e-16  1.08409e-17
      4243.64  2.10071e-16  1.01665e-17
      4246.39  2.14926e-16  1.19928e-17
      4249.13  1.95189e-16  9.19421e-18
      4251.88  1.96110e-16  9.17548e-18
      4254.63  2.34338e-16  9.78165e-18
      4257.38  2.20065e-16  9.39606e-18
      4260.13  2.03491e-16  9.73038e-18
      4262.88  2.30188e-16  9.32807e-18
      4265.62  2.23053e-16  1.59479e-17
      4268.37  1.83512e-16  1.02983e-17
      4271.12  2.35358e-16  9.92412e-18
      4273.87  2.45183e-16  1.07243e-17
      4276.62  2.29136e-16  9.41739e-18
      4279.36  2.43441e-16  9.33776e-18
      4282.11  2.42903e-16  9.55239e-18
      4284.86  2.64913e-16  9.99734e-18
      4287.61  2.47900e-16  1.00890e-17
      4290.35  2.58740e-16  9.95785e-18
      4293.10  2.56650e-16  9.82772e-18
      4295.85  2.63424e-16  9.50584e-18
      4298.60  2.54700e-16  9.54555e-18
      4301.35  2.63240e-16  9.69790e-18
      4304.09  2.69409e-16  9.69457e-18
      4306.84  2.75608e-16  9.77144e-18
      4309.59  2.65271e-16  9.48794e-18
      4312.34  2.83968e-16  9.98172e-18
      4315.09  2.81428e-16  9.82954e-18
      4317.83  2.66737e-16  9.92256e-18
      4320.58  2.63240e-16  2.15112e-17
      4323.33  2.91466e-16  9.76309e-18
      4326.08  2.76636e-16  9.95177e-18
      4328.83  2.63112e-16  1.04025e-17
      4331.57  2.87675e-16  9.55318e-18
      4334.32  2.80031e-16  9.65119e-18
      4337.07  2.74444e-16  9.71633e-18
      4339.82  2.57951e-16  1.40832e-17
      4342.56  2.94672e-16  1.06863e-17
      4345.31  2.80241e-16  9.36335e-18
      4348.06  3.05821e-16  9.70930e-18
      4350.81  2.62608e-16  9.24015e-18
      4353.56  2.63658e-16  9.36149e-18
      4356.30  2.74675e-16  9.50131e-18
      4359.05  2.76700e-16  9.82300e-18
      4361.80  2.82154e-16  9.33853e-18
      4364.55  2.79335e-16  1.04466e-17
      4367.29  2.68792e-16  9.35824e-18
      4370.04  2.76607e-16  1.00574e-17
      4372.79  2.96745e-16  1.03043e-17
      4375.54  2.82623e-16  1.00103e-17
      4378.28  2.59094e-16  1.00647e-17
      4381.03  2.81726e-16  9.48640e-18
      4383.78  2.60640e-16  1.38457e-17
      4386.53  2.55405e-16  9.11614e-18
      4389.27  2.58506e-16  9.17401e-18
      4392.02  2.65205e-16  8.90044e-18
      4394.77  2.54878e-16  8.98901e-18
      4397.52  2.52774e-16  9.06021e-18
      4400.27  2.73194e-16  9.19177e-18
      4403.01  2.58252e-16  9.67780e-18
      4405.76  2.43991e-16  9.27938e-18
      4408.51  2.52898e-16  9.33663e-18
      4411.26  2.65263e-16  9.33923e-18
      4414.00  2.39453e-16  9.03052e-18
      4416.75  2.57096e-16  9.09590e-18
      4419.50  2.72352e-16  9.30484e-18
      4422.25  2.79032e-16  1.03442e-17
      4424.99  2.58357e-16  8.87407e-18
      4427.74  2.51132e-16  9.46586e-18
      4430.49  2.84983e-16  9.75792e-18
      4433.23  2.47320e-16  1.06758e-17
      4435.98  2.54904e-16  1.11709e-17
      4438.73  2.58709e-16  8.95206e-18
      4441.48  2.60807e-16  8.98900e-18
      4444.22  2.36329e-16  8.94209e-18
      4446.97  2.52416e-16  9.45260e-18
      4449.72  2.52476e-16  8.86180e-18
      4452.47  2.73103e-16  9.07670e-18
      4455.21  2.19135e-16  8.34620e-18
      4457.96  2.55744e-16  9.24074e-18
      4460.71  2.33002e-16  1.35336e-17
      4463.45  2.24296e-16  8.71411e-18
      4466.20  2.33660e-16  8.84234e-18
      4468.95  2.27554e-16  8.73345e-18
      4471.70  2.08486e-16  9.94991e-18
      4474.44  2.34393e-16  8.71326e-18
      4477.19  2.27410e-16  1.00837e-17
      4479.94  2.26534e-16  8.41751e-18
      4482.68  2.24695e-16  9.09878e-18
      4485.43  2.11209e-16  9.30042e-18
      4488.18  2.36273e-16  8.55659e-18
      4490.93  2.18852e-16  8.53262e-18
      4493.67  1.87868e-16  8.35569e-18
      4496.42  2.18721e-16  8.57773e-18
      4499.17  1.99195e-16  8.63512e-18
      4501.91  1.87760e-16  8.23044e-18
      4504.66  1.95680e-16  1.07794e-17
      4507.41  2.01326e-16  9.93845e-18
      4510.16  2.00177e-16  8.28395e-18
      4512.90  1.81792e-16  8.85745e-18
      4515.65  1.89885e-16  8.21454e-18
      4518.40  2.07353e-16  8.48468e-18
      4521.14  1.84299e-16  9.22237e-18
      4523.89  1.71307e-16  7.95190e-18
      4526.64  1.88420e-16  7.98752e-18
      4529.38  1.60871e-16  7.86649e-18
      4532.13  2.11529e-16  8.22249e-18
      4534.88  1.60843e-16  7.99990e-18
      4537.62  1.52372e-16  9.63715e-18
      4540.37  1.40949e-16  1.57705e-17
      4543.12  1.64799e-16  1.05039e-17
      4545.86  1.49196e-16  9.07560e-18
      4548.61  1.64770e-16  7.82865e-18
      4551.36  1.48720e-16  7.62041e-18
      4554.10  1.46085e-16  7.50873e-18
      4556.85  1.48560e-16  1.19124e-17
      4559.60  1.38649e-16  7.31895e-18
      4562.34  1.33242e-16  7.61437e-18
      4565.09  1.50620e-16  7.89943e-18
      4567.84  1.33880e-16  7.59999e-18
      4570.58  1.37498e-16  7.32005e-18
      4573.33  1.60040e-16  8.39189e-18
      4576.08  1.24545e-16  7.19293e-18
      4578.82  1.31420e-16  8.23192e-18
      4581.57  1.38927e-16  8.24422e-18
      4584.32  1.42953e-16  7.68785e-18
      4587.06  1.49175e-16  7.52729e-18
      4589.81  1.34433e-16  7.45765e-18
      4592.56  1.29682e-16  7.42269e-18
      4595.30  1.28034e-16  7.35765e-18
      4598.05  1.33756e-16  7.42273e-18
      4600.80  1.33139e-16  7.85691e-18
      4603.54  1.58247e-16  8.41151e-18
      4606.29  1.46553e-16  7.45345e-18
      4609.04  1.24659e-16  7.28163e-18
      4611.78  1.32769e-16  7.44533e-18
      4614.53  1.47879e-16  7.74998e-18
      4617.27  1.39576e-16  7.42681e-18
      4620.02  1.82367e-16  8.66405e-18
      4622.77  1.32311e-16  8.99720e-18
      4625.51  1.54251e-16  7.56647e-18
      4628.26  1.35268e-16  9.70889e-18
      4631.01  1.41060e-16  8.80177e-18
      4633.75  1.57116e-16  7.57040e-18
      4636.50  1.51754e-16  8.02852e-18
      4639.24  1.61252e-16  8.05955e-18
      4641.99  1.57612e-16  7.60170e-18
      4644.74  1.70011e-16  8.20088e-18
      4647.48  1.47238e-16  7.83168e-18
      4650.23  1.59118e-16  7.73596e-18
      4652.98  1.57765e-16  7.66268e-18
      4655.72  1.66838e-16  7.73797e-18
      4658.47  1.80086e-16  7.80439e-18
      4661.21  1.75539e-16  7.72030e-18
      4663.96  1.87524e-16  8.40746e-18
      4666.71  2.11156e-16  3.46581e-17
      4669.45  1.79273e-16  7.85172e-18
      4672.20  1.87577e-16  7.91191e-18
      4674.94  1.78428e-16  7.77987e-18
      4677.69  1.73865e-16  8.07120e-18
      4680.44  1.84721e-16  8.32602e-18
      4683.18  1.95719e-16  8.66190e-18
      4685.93  1.89586e-16  7.98285e-18
      4688.67  2.01684e-16  1.00473e-17
      4691.42  1.91021e-16  9.11632e-18
      4694.16  2.07281e-16  8.18864e-18
      4696.91  1.90488e-16  7.93672e-18
      4699.66  2.08541e-16  8.37776e-18
      4702.40  2.25482e-16  8.60891e-18
      4705.15  2.10934e-16  8.24113e-18
      4707.89  2.10745e-16  8.19571e-18
      4710.64  1.99292e-16  8.13622e-18
      4713.38  2.05127e-16  8.52782e-18
      4716.13  2.04245e-16  8.07810e-18
      4718.88  2.17782e-16  8.32346e-18
      4721.62  2.12445e-16  8.96419e-18
      4724.37  2.16495e-16  8.42084e-18
      4727.11  2.11998e-16  8.22742e-18
      4729.86  2.19001e-16  8.74726e-18
      4732.60  2.38864e-16  8.74932e-18
      4735.35  2.19199e-16  9.94662e-18
      4738.09  2.18181e-16  8.19589e-18
      4740.84  2.32966e-16  8.72632e-18
      4743.59  2.66386e-16  8.76524e-18
      4746.33  2.46494e-16  8.54959e-18
      4749.08  2.26907e-16  8.47892e-18
      4751.82  2.80150e-16  8.97585e-18
      4754.57  2.39422e-16  9.44482e-18
      4757.31  2.62652e-16  9.30603e-18
      4760.06  2.53144e-16  9.14354e-18
      4762.80  2.44804e-16  8.84191e-18
      4765.55  2.47178e-16  9.24838e-18
      4768.29  2.55983e-16  1.05126e-17
      4771.04  2.64123e-16  8.67029e-18
      4773.78  2.65211e-16  8.70418e-18
      4776.53  2.43057e-16  9.40637e-18
      4779.27  2.17543e-16  1.60875e-17
      4782.02  2.62146e-16  8.92413e-18
      4784.76  2.40723e-16  8.94602e-18
      4787.51  2.72276e-16  8.74327e-18
      4790.25  2.74350e-16  8.74063e-18
      4793.00  2.54819e-16  8.83727e-18
      4795.75  2.63011e-16  1.04594e-17
      4798.49  2.76909e-16  8.88121e-18
      4801.23  2.76069e-16  9.08760e-18
      4803.98  2.84355e-16  9.02879e-18
      4806.73  2.76951e-16  8.88534e-18
      4809.47  2.91298e-16  1.36962e-17
      4812.21  2.57947e-16  8.68920e-18
      4814.96  2.73997e-16  8.86738e-18
      4817.70  2.59532e-16  1.04669e-17
      4820.45  2.83497e-16  1.00323e-17
      4823.19  2.36695e-16  1.13050e-17
      4825.94  2.80866e-16  1.05982e-17
      4828.68  2.47642e-16  8.46470e-18
      4831.43  2.46629e-16  8.74289e-18
      4834.17  2.52308e-16  8.58953e-18
      4836.92  2.78396e-16  9.17425e-18
      4839.66  2.73004e-16  8.61741e-18
      4842.41  2.43381e-16  1.20206e-17
      4845.15  2.74896e-16  9.17966e-18
      4847.90  2.65185e-16  8.96964e-18
      4850.64  2.51587e-16  1.00235e-17
      4853.39  2.38755e-16  9.56304e-18
      4856.13  2.48723e-16  9.00778e-18
      4858.88  2.77718e-16  8.80727e-18
      4861.62  2.13453e-16  1.33088e-17
      4864.36  2.33375e-16  1.00360e-17
      4867.11  2.32910e-16  8.97974e-18
      4869.85  2.47872e-16  8.47272e-18
      4872.60  2.42196e-16  9.14466e-18
      4875.34  2.35216e-16  8.33611e-18
      4878.09  2.53350e-16  8.87331e-18
      4880.83  2.18208e-16  8.46699e-18
      4883.57  2.31044e-16  8.36652e-18
      4886.32  2.48649e-16  8.32681e-18
      4889.06  2.28417e-16  8.11389e-18
      4891.81  2.25245e-16  8.23189e-18
      4894.55  2.36937e-16  8.74654e-18
      4897.30  2.41039e-16  8.92772e-18
      4900.04  1.99839e-16  8.04412e-18
      4902.78  2.32049e-16  1.45026e-17
      4905.53  2.37608e-16  8.17916e-18
      4908.27  2.37453e-16  8.30575e-18
      4911.02  2.01069e-16  8.01769e-18
      4913.76  2.05944e-16  8.05337e-18
      4916.50  2.20439e-16  8.36513e-18
      4919.25  2.13331e-16  8.02544e-18
      4921.99  1.98004e-16  7.91338e-18
      4924.74  2.35352e-16  8.38301e-18
      4927.48  2.01003e-16  8.29347e-18
      4930.22  1.68927e-16  8.15700e-18
      4932.97  2.06639e-16  7.90384e-18
      4935.71  1.87413e-16  7.95673e-18
      4938.46  1.93479e-16  8.10255e-18
      4941.20  1.77627e-16  2.39702e-17
      4943.94  1.90399e-16  7.62445e-18
      4946.69  1.67843e-16  7.81589e-18
      4949.43  1.57733e-16  7.64547e-18
      4952.17  1.76887e-16  7.83999e-18
      4954.92  1.60602e-16  1.01055e-17
      4957.66  1.71492e-16  7.38918e-18
      4960.41  1.63528e-16  7.62771e-18
      4963.15  1.55758e-16  7.35384e-18
      4965.89  1.66255e-16  8.58668e-18
      4968.64  1.47448e-16  1.12182e-17
      4971.38  1.59272e-16  7.38626e-18
      4974.12  1.52192e-16  7.32629e-18
      4976.87  1.53260e-16  7.24283e-18
      4979.61  1.41334e-16  7.26747e-18
      4982.35  1.61665e-16  8.57389e-18
      4985.10  1.79514e-16  8.62456e-18
      4987.84  1.55331e-16  8.53598e-18
      4990.58  1.57876e-16  9.43751e-18
      4993.33  1.28424e-16  7.70733e-18
      4996.07  1.55332e-16  8.15359e-18
      4998.81  1.52358e-16  7.28256e-18
      5001.56  1.61862e-16  7.28784e-18
      5004.30  1.43927e-16  7.37031e-18
      5007.04  1.81939e-16  7.48253e-18
      5009.79  1.55914e-16  7.11893e-18
      5012.53  1.57623e-16  7.45555e-18
      5015.27  1.59391e-16  7.62767e-18
      5018.02  1.53672e-16  7.14626e-18
      5020.76  1.77290e-16  7.88712e-18
      5023.50  1.59532e-16  7.26454e-18
      5026.24  1.54372e-16  7.16210e-18
      5028.99  1.59785e-16  7.89948e-18
      5031.73  1.56707e-16  7.25872e-18
      5034.47  1.42419e-16  7.07415e-18
      5037.22  1.35996e-16  6.90584e-18
      5039.96  1.59075e-16  7.47995e-18
      5042.70  1.29033e-16  7.15526e-18
      5045.44  1.39352e-16  6.95882e-18
      5048.19  1.47554e-16  8.68238e-18
      5050.93  1.13421e-16  7.92287e-18
      5053.67  1.50527e-16  7.99888e-18
      5056.42  1.26897e-16  8.57648e-18
      5059.16  1.31883e-16  7.32949e-18
      5061.90  1.30700e-16  7.18430e-18
      5064.64  1.15796e-16  6.82555e-18
      5067.39  1.09195e-16  1.46210e-17
      5070.13  1.41582e-16  8.60007e-18
      5072.87  1.41147e-16  6.87948e-18
      5075.61  1.36328e-16  7.09051e-18
      5078.36  1.35254e-16  7.22753e-18
      5081.10  1.20422e-16  6.71673e-18
      5083.84  1.39838e-16  8.31938e-18
      5086.58  1.24914e-16  7.16898e-18
      5089.33  1.03329e-16  1.42618e-17
      5092.07  1.34923e-16  7.42004e-18
      5094.81  1.32892e-16  6.78290e-18
      5097.55  1.27889e-16  7.04875e-18
      5100.29  1.37243e-16  6.96424e-18
      5103.04  1.18619e-16  7.87628e-18
      5105.78  1.04589e-16  1.57509e-17
      5108.52  1.39162e-16  6.88784e-18
      5111.26  1.25748e-16  6.50971e-18
      5114.01  1.34731e-16  6.86891e-18
      5116.75  1.16988e-16  6.83316e-18
      5119.49  1.52530e-16  9.02571e-18
      5122.23  1.35023e-16  7.12501e-18
      5124.97  1.21886e-16  6.79634e-18
      5127.72  1.27264e-16  6.81076e-18
      5130.46  1.46480e-16  7.20247e-18
      5133.20  1.24095e-16  6.74307e-18
      5135.94  1.29772e-16  7.82186e-18
      5138.68  1.51963e-16  6.90246e-18
      5141.42  1.27638e-16  6.82300e-18
      5144.17  1.27086e-16  6.88795e-18
      5146.91  1.32919e-16  6.83515e-18
      5149.65  1.32110e-16  6.81340e-18
      5152.39  1.14306e-16  1.03138e-17
      5155.13  1.13902e-16  1.32705e-17
      5157.88  1.15938e-16  7.60815e-18
      5160.62  1.40957e-16  7.27194e-18
      5163.36  1.38049e-16  6.87183e-18
      5166.10  1.15623e-16  1.04219e-17
      5168.84  1.28426e-16  6.88068e-18
      5171.58  1.34498e-16  6.92065e-18
      5174.32  1.41675e-16  6.93912e-18
      5177.07  1.54313e-16  9.32893e-18
      5179.81  1.52421e-16  6.85221e-18
      5182.55  1.50529e-16  2.11176e-17
      5185.29  1.48637e-16  6.82118e-18
      5188.03  1.57386e-16  8.26651e-18
      5190.77  1.33687e-16  6.68514e-18
      5193.51  1.28820e-16  7.01033e-18
      5196.25  1.17225e-16  1.13278e-17
      5199.00  1.25933e-16  7.41338e-18
      5201.74  1.44885e-16  7.53361e-18
      5204.48  1.51095e-16  7.40670e-18
      5207.22  1.38579e-16  9.56721e-18
      5209.96  1.35313e-16  7.11425e-18
      5212.70  1.28527e-16  6.88932e-18
      5215.44  1.36751e-16  7.15622e-18
      5218.18  1.30907e-16  6.74651e-18
      5220.92  1.57713e-16  7.03033e-18
      5223.66  1.28422e-16  6.95592e-18
      5226.40  1.23585e-16  8.81842e-18
      5229.15  1.44352e-16  7.93437e-18
      5231.89  1.21464e-16  8.16745e-18
      5234.63  1.23996e-16  7.45249e-18
      5237.37  1.34749e-16  7.67800e-18
      5240.11  1.30186e-16  7.48559e-18
      5242.85  1.64497e-16  7.63023e-18
      5245.59  1.41005e-16  7.28959e-18
      5248.33  1.19379e-16  7.05384e-18
      5251.07  1.26778e-16  7.13606e-18
      5253.81  1.32403e-16  7.26216e-18
      5256.55  1.17641e-16  7.23479e-18
      5259.29  1.34558e-16  8.72653e-18
      5262.03  1.36385e-16  6.85411e-18
      5264.77  1.33834e-16  7.11626e-18
      5267.51  1.32022e-16  8.93388e-18
      5270.25  1.24983e-16  6.78180e-18
      5272.99  1.26435e-16  6.93506e-18
      5275.73  1.37725e-16  7.04876e-18
      5278.47  1.35893e-16  7.86234e-18
      5281.21  1.34061e-16  7.12416e-18
      5283.96  1.32228e-16  7.26331e-18
      5286.69  1.28377e-16  6.86708e-18
      5289.44  1.43137e-16  7.04037e-18
      5292.18  1.49333e-16  7.19354e-18
      5294.92  1.54656e-16  7.25703e-18
      5297.66  1.36099e-16  7.16363e-18
      5300.40  1.47288e-16  7.13613e-18
      5303.14  1.43027e-16  7.36092e-18
      5305.88  1.48162e-16  7.08009e-18
      5308.61  1.54795e-16  7.64005e-18
      5311.35  1.74880e-16  7.99174e-18
      5314.09  1.58769e-16  7.21050e-18
      5316.83  1.61955e-16  7.39214e-18
      5319.57  1.35254e-16  7.14553e-18
      5322.31  1.61237e-16  7.35194e-18
      5325.05  1.48214e-16  7.46725e-18
      5327.79  1.34684e-16  7.39243e-18
      5330.53  1.60352e-16  7.66698e-18
      5333.27  1.67886e-16  7.57001e-18
      5336.01  1.23869e-16  1.01446e-17
      5338.75  1.48084e-16  7.80130e-18
      5341.49  1.57048e-16  7.35349e-18
      5344.23  1.50605e-16  7.66715e-18
      5346.97  1.59492e-16  7.26905e-18
      5349.71  1.46974e-16  1.39276e-17
      5352.45  1.56900e-16  7.89239e-18
      5355.19  1.40138e-16  7.40384e-18
      5357.93  1.32329e-16  7.81381e-18
      5360.67  1.51158e-16  7.41581e-18
      5363.40  1.61079e-16  7.51075e-18
      5366.14  1.42979e-16  7.07958e-18
      5368.88  1.74330e-16  7.59298e-18
      5371.62  1.65556e-16  7.41408e-18
      5374.36  1.68517e-16  7.37290e-18
      5377.10  1.78056e-16  7.57205e-18
      5379.84  1.86274e-16  8.36199e-18
      5382.58  1.65916e-16  8.12796e-18
      5385.32  1.83566e-16  7.41081e-18
      5388.06  1.72961e-16  7.43114e-18
      5390.79  1.66134e-16  7.44277e-18
      5393.53  1.86948e-16  7.64093e-18
      5396.27  1.98036e-16  7.78217e-18
      5399.01  1.94336e-16  8.97233e-18
      5401.75  1.70551e-16  8.14919e-18
      5404.49  1.91248e-16  7.72633e-18
      5407.23  1.96495e-16  8.52501e-18
      5409.96  1.85577e-16  7.55584e-18
      5412.70  1.98345e-16  7.85206e-18
      5415.44  1.96017e-16  7.75292e-18
      5418.18  1.95000e-16  8.29218e-18
      5420.92  1.80038e-16  1.97932e-17
      5423.66  2.14769e-16  8.05055e-18
      5426.40  2.01455e-16  9.19163e-18
      5429.13  2.13729e-16  8.06341e-18
      5431.87  2.16578e-16  8.48733e-18
      5434.61  1.96217e-16  8.21702e-18
      5437.35  1.89392e-16  8.32984e-18
      5440.09  2.23253e-16  8.09515e-18
      5442.82  2.17744e-16  8.28922e-18
      5445.56  2.10393e-16  8.55568e-18
      5448.30  2.14320e-16  8.32029e-18
      5451.04  2.20233e-16  8.28005e-18
      5453.78  2.19079e-16  8.78708e-18
      5456.51  2.28443e-16  8.58347e-18
      5459.25  2.10916e-16  8.25789e-18
      5461.99  1.92541e-16  8.04525e-18
      5464.73  1.95736e-16  7.80129e-18
      5467.47  1.78667e-16  9.92961e-18
      5470.20  1.87145e-16  7.98376e-18
      5472.94  1.98993e-16  7.91708e-18
      5475.68  2.19455e-16  8.04957e-18
      5478.42  2.15952e-16  8.04987e-18
      5481.15  2.12450e-16  8.09080e-17
      5483.89  2.08948e-16  9.03573e-18
      5486.63  2.05446e-16  8.31158e-18
      5489.37  2.21872e-16  8.27592e-18
      5492.10  1.91497e-16  8.60058e-18
      5494.84  2.15308e-16  8.23589e-18
      5497.58  2.18999e-16  9.34089e-18
      5500.32  2.13303e-16  8.15188e-18
      5503.05  2.00217e-16  8.45113e-18
      5505.79  2.15834e-16  8.53045e-18
      5508.53  1.91143e-16  7.89144e-18
      5511.27  1.85779e-16  7.96437e-18
      5514.00  1.96567e-16  7.96163e-18
      5516.74  1.94184e-16  7.81219e-18
      5519.48  1.89865e-16  7.90786e-18
      5522.21  1.66834e-16  1.35021e-17
      5524.95  1.97335e-16  7.96572e-18
      5527.69  2.03687e-16  8.28494e-18
      5530.42  1.87772e-16  7.99222e-18
      5533.16  1.74716e-16  7.79097e-18
      5535.90  1.79968e-16  7.71114e-18
      5538.63  1.76658e-16  8.09671e-18
      5541.37  1.68651e-16  7.95710e-18
      5544.11  1.89804e-16  7.87093e-18
      5546.84  1.65494e-16  7.58655e-18
      5549.58  1.68992e-16  9.02577e-18
      5552.32  2.15720e-16  2.78916e-17
      5555.05  1.62817e-16  7.41646e-18
      5557.79  1.67683e-16  7.80489e-18
      5560.53  1.66750e-16  8.46823e-18
      5563.26  1.66897e-16  7.95256e-18
      5566.00  1.62404e-16  7.94785e-18
      5568.74  1.54465e-16  7.45714e-18
      5571.47  1.45577e-16  7.30767e-18
      5574.21  1.52851e-16  7.88646e-18
      5576.95  1.55671e-16  7.25738e-18
      5579.68  1.50753e-16  7.60008e-18
      5582.42  1.48528e-16  7.37224e-18
      5585.15  1.58787e-16  8.15911e-18
      5587.89  1.78345e-16  9.24103e-18
      5590.63  1.27401e-16  7.87089e-18
      5593.36  1.61013e-16  7.61622e-18
      5596.10  1.24899e-16  1.53228e-17
      5598.83  1.38578e-16  7.37928e-18
      5601.57  1.41249e-16  7.51106e-18
      5604.31  1.21234e-16  9.80080e-18
      5607.04  1.49025e-16  1.01795e-17
      5609.78  1.34003e-16  7.20322e-18
      5612.51  1.55453e-16  7.39607e-18
      5615.25  1.49048e-16  7.54440e-18
      5617.98  1.52784e-16  7.46103e-18
      5620.72  1.35431e-16  7.33848e-18
      5623.46  1.58219e-16  7.73956e-18
      5626.19  1.33030e-16  7.99782e-18
      5628.93  1.42382e-16  7.96608e-18
      5631.66  1.48580e-16  8.07857e-18
      5634.40  1.08830e-16  2.00338e-17
      5637.13  1.41940e-16  7.43491e-18
      5639.87  1.41182e-16  7.95900e-18
      5642.60  1.45558e-16  7.41608e-18
      5645.34  1.38364e-16  9.57823e-18
      5648.07  1.62235e-16  7.72746e-18
      5650.81  1.44968e-16  7.88184e-18
      5653.54  1.43469e-16  7.62959e-18
      5656.28  1.38512e-16  7.80821e-18
      5659.01  1.57521e-16  8.01668e-18
      5661.75  1.35964e-16  8.02110e-18
      5664.48  1.49188e-16  7.67278e-18
      5667.22  1.42038e-16  7.33281e-18
      5669.95  1.34639e-16  7.49897e-18
      5672.69  1.39161e-16  7.65589e-18
      5675.42  1.43050e-16  7.69442e-18
      5678.16  1.46946e-16  7.65834e-18
      5680.89  1.53131e-16  7.62314e-18
      5683.63  1.42910e-16  8.05580e-18
      5686.36  1.21346e-16  1.15653e-17
      5689.10  1.50236e-16  1.06963e-17
      5691.83  1.52312e-16  8.29541e-18
      5694.56  1.39087e-16  7.43685e-18
      5697.30  2.11432e-16  1.31154e-17
