      2889.59 -5.00210e-15  3.29408e-15
      2892.34 -3.59911e-15  2.01181e-15
      2895.08 -4.65839e-15  1.60522e-15
      2897.83 -1.91745e-15  1.20070e-15
      2900.57 -7.05783e-16  1.03360e-15
      2903.32 -1.05260e-15  9.76804e-16
      2906.06 -7.32787e-16  8.09998e-16
      2908.81 -9.14767e-16  7.09783e-16
      2911.56  3.22736e-17  1.81233e-15
      2914.30 -5.39144e-16  7.37231e-16
      2917.05  7.28275e-16  5.63342e-16
      2919.79 -8.62697e-16  4.44373e-16
      2922.54 -4.87512e-16  5.64541e-16
      2925.28  1.49514e-16  4.05274e-16
      2928.03  2.90065e-16  4.55367e-16
      2930.77  1.76443e-16  2.97854e-16
      2933.52 -2.90949e-16  3.96763e-16
      2936.26 -2.96424e-16  5.35881e-16
      2939.01 -3.01900e-16  1.16197e-15
      2941.75 -3.07376e-16  1.72587e-16
      2944.50 -3.12851e-16  1.64378e-16
      2947.24  5.09006e-16  1.64311e-16
      2949.99  7.78406e-16  1.57113e-16
      2952.74 -2.22151e-16  1.20361e-16
      2955.48 -6.20415e-17  1.16965e-16
      2958.23 -8.55938e-17  1.01985e-16
      2960.97 -1.09148e-16  4.28698e-16
      2963.72 -1.32703e-16  7.98170e-17
      2966.46 -1.56257e-16  7.39630e-17
      2969.21  4.68412e-17  7.33808e-17
      2971.96 -1.90019e-17  7.17627e-17
      2974.70 -7.69937e-17  7.01610e-17
      2977.45 -4.19651e-17  6.11232e-17
      2980.19 -1.11935e-17  6.49634e-17
      2982.94 -9.77367e-17  6.61533e-17
      2985.68  8.26160e-17  7.54472e-17
      2988.43 -2.89071e-17  1.03666e-16
      2991.18  4.70691e-17  6.15600e-17
      2993.92 -2.51246e-17  6.65667e-17
      2996.67  8.88627e-18  7.40984e-17
      2999.41  1.25873e-16  5.71689e-17
      3002.16 -2.49842e-17  6.13474e-17
      3004.90 -3.28591e-17  5.68387e-17
      3007.65 -3.50031e-17  1.95743e-16
      3010.40 -3.71472e-17  5.36796e-17
      3013.14 -3.92914e-17  5.58862e-17
      3015.89 -4.14355e-17  5.54180e-17
      3018.63 -4.35797e-17  2.75023e-16
      3021.38 -4.57239e-17  5.18771e-17
      3024.13 -2.31227e-17  5.01954e-17
      3026.87 -5.14237e-18  4.81674e-17
      3029.62  9.00942e-17  4.82540e-17
      3032.36  1.03623e-16  4.83687e-17
      3035.11 -2.29122e-17  4.73041e-17
      3037.86 -2.60875e-17  4.63268e-17
      3040.60 -2.92629e-17  8.45123e-17
      3043.35 -3.24382e-17  4.68629e-17
      3046.10 -3.56139e-17  4.42524e-17
      3048.84  4.53897e-17  4.64854e-17
      3051.59  1.07004e-16  5.05882e-17
      3054.33  5.67415e-17  4.41204e-17
      3057.08  4.93444e-17  4.08794e-17
      3059.83  6.11704e-17  5.18171e-17
      3062.57 -3.92166e-17  3.93174e-17
      3065.32 -2.71616e-17  4.25682e-17
      3068.07  6.75916e-17  4.35995e-17
      3070.81 -1.59375e-17  3.59758e-17
      3073.56 -4.31824e-17  3.61954e-17
      3076.30 -2.79170e-17  3.49033e-17
      3079.05 -8.54260e-18  3.95154e-17
      3081.80  9.94986e-18  4.27090e-17
      3084.54 -3.22004e-17  8.97780e-17
      3087.29  6.19457e-17  3.81790e-17
      3090.04  7.00817e-17  5.43305e-17
      3092.78 -3.53865e-19  3.66773e-17
      3095.53  3.00163e-17  5.64429e-17
      3098.28  1.43812e-17  4.73133e-17
      3101.02 -1.52885e-17  3.89802e-17
      3103.77 -1.11301e-17  3.39469e-17
      3106.52  8.40461e-17  4.22761e-17
      3109.26 -1.27515e-17  3.61774e-17
      3112.01 -4.66534e-17  3.60219e-17
      3114.76  5.70857e-17  3.76354e-17
      3117.50  7.00404e-17  9.93216e-17
      3120.25 -5.58485e-18  3.46813e-17
      3123.00  1.42752e-17  3.24784e-17
      3125.74  2.01061e-17  3.61758e-17
      3128.49  1.88158e-17  3.85406e-17
      3131.24  1.75254e-17  4.20326e-17
      3133.98  1.62351e-17  3.42195e-17
      3136.73  1.49447e-17  4.00289e-17
      3139.48  1.36544e-17  3.22789e-17
      3142.22  1.23640e-17  5.17180e-17
      3144.97  1.10735e-17  1.16434e-16
      3147.72 -6.14127e-18  3.43590e-17
      3150.46 -2.35043e-17  3.94501e-17
      3153.21  2.20540e-18  3.38550e-17
      3155.96  2.34128e-17  4.04576e-17
      3158.71 -5.43650e-17  3.22815e-17
      3161.45  4.02879e-18  4.20196e-17
      3164.20  2.91416e-17  6.74823e-17
      3166.95 -5.75062e-17  3.08329e-17
      3169.69 -1.68527e-17  3.17082e-17
      3172.44  7.40521e-17  3.09282e-17
      3175.19 -2.87881e-17  3.57682e-17
      3177.93 -8.78454e-18  3.14928e-17
      3180.68  2.22244e-17  3.58371e-17
      3183.43  2.17469e-17  2.80831e-17
      3186.18  1.00233e-17  2.84818e-17
      3188.92  9.14400e-17  5.46894e-17
      3191.67 -3.78260e-17  2.86549e-17
      3194.42  4.32745e-17  2.85099e-17
      3197.16  1.79642e-17  3.25488e-17
      3199.91  1.05729e-16  2.93823e-17
      3202.66 -1.80463e-18  2.74016e-17
      3205.41 -1.79647e-17  2.97635e-17
      3208.15  5.65644e-17  1.41581e-16
      3210.90  4.22759e-17  3.27454e-17
      3213.65 -3.19386e-17  3.07769e-17
      3216.39 -1.16839e-17  3.69588e-17
      3219.14  3.22592e-17  2.80134e-17
      3221.89 -9.43586e-18  2.71547e-17
      3224.64  2.78539e-17  2.97742e-17
      3227.38  5.91120e-17  3.78704e-17
      3230.13 -3.53066e-17  2.46693e-17
      3232.88  3.31834e-17  2.51845e-17
      3235.63  1.73453e-16  7.27883e-17
      3238.37 -7.90974e-18  2.60832e-17
      3241.12  1.53183e-16  6.04040e-17
      3243.87 -6.12002e-18  2.70680e-17
      3246.61 -2.02970e-17  2.39372e-17
      3249.36  4.17537e-17  2.69326e-17
      3252.11  1.01233e-17  2.64867e-17
      3254.86 -1.53983e-17  2.55878e-17
      3257.60  7.03315e-17  3.28475e-17
      3260.35  4.82183e-17  2.49952e-17
      3263.10  2.80189e-17  2.38814e-17
      3265.85 -5.67258e-17  2.93619e-17
      3268.59  3.24022e-17  2.72820e-17
      3271.34  5.32193e-18  2.38383e-17
      3274.09  7.19191e-18  3.04621e-17
      3276.84  3.25407e-17  2.79305e-17
      3279.58  3.57080e-18  2.25726e-17
      3282.33  9.95480e-18  2.47437e-17
      3285.08  5.97371e-17  2.97503e-17
      3287.83  7.49793e-17  2.83606e-17
      3290.58  2.54478e-17  2.25390e-17
      3293.32  2.83928e-17  2.41438e-17
      3296.07  3.68865e-17  3.29123e-17
      3298.82 -1.33170e-17  2.40881e-17
      3301.57  1.30190e-17  2.31828e-17
      3304.31  2.32529e-18  2.38967e-17
      3307.06  2.19524e-17  2.26971e-17
      3309.81  4.48584e-17  2.23641e-17
      3312.56  3.29148e-18  2.28499e-17
      3315.30  2.37609e-17  2.38872e-17
      3318.05  3.43016e-18  2.16676e-17
      3320.80  2.87598e-17  2.20923e-17
      3323.55  2.84793e-17  2.26421e-17
      3326.30  3.88396e-17  3.50529e-17
      3329.04  4.22503e-17  2.31277e-17
      3331.79  5.66798e-17  2.52771e-17
      3334.54  1.77341e-17  2.43832e-17
      3337.29  4.99795e-17  2.35944e-17
      3340.03  3.28797e-17  2.27710e-17
      3342.78  2.64222e-17  2.45188e-17
      3345.53  4.37094e-17  2.60086e-17
      3348.28  3.46214e-17  3.03472e-17
      3351.03  2.55326e-17  1.95202e-16
      3353.77  1.64446e-17  2.15942e-17
      3356.52  7.35578e-18  2.13815e-17
      3359.27  9.16477e-17  3.29978e-17
      3362.02  5.35949e-17  2.36925e-17
      3364.77  2.65144e-17  2.53768e-17
      3367.51  4.85954e-17  2.09714e-17
      3370.26  2.96281e-17  2.04297e-17
      3373.01 -2.86160e-18  2.06112e-17
      3375.76  2.37085e-17  2.01435e-17
      3378.51  2.43446e-18  2.12530e-17
      3381.25  4.03367e-17  2.09218e-17
      3384.00  1.02360e-17  1.97402e-17
      3386.75  4.03123e-17  2.24305e-17
      3389.50  4.76339e-17  3.05944e-17
      3392.25  5.53894e-17  2.10490e-16
      3394.99  6.31449e-17  2.09938e-17
      3397.74  7.09005e-17  4.05711e-17
      3400.49  7.86567e-17  3.19231e-17
      3403.24  3.44101e-17  2.21574e-17
      3405.99  4.76613e-17  2.19620e-17
      3408.74  1.36895e-16  3.21993e-17
      3411.48  5.85612e-17  2.52194e-17
      3414.23  6.59857e-17  5.19783e-17
      3416.98  2.40221e-17  1.98285e-17
      3419.73  1.40662e-17  2.38396e-17
      3422.48 -2.62776e-17  4.68605e-17
      3425.22  1.64493e-17  2.27467e-17
      3427.97  5.54051e-18  1.95186e-17
      3430.72  1.32432e-17  2.24916e-17
      3433.47  1.98163e-17  2.68260e-17
      3436.22  2.49861e-17  2.45646e-17
      3438.97  1.16481e-16  3.58811e-17
      3441.71  2.16121e-17  1.87917e-17
      3444.46 -1.10804e-17  1.82626e-17
      3447.21  1.47141e-17  1.86028e-17
      3449.96  3.80834e-17  1.88177e-17
      3452.71  1.19943e-16  4.12172e-17
      3455.46  2.81210e-17  2.12184e-17
      3458.20  9.85556e-18  1.82439e-17
      3460.95  4.29162e-17  1.85542e-17
      3463.70  1.81284e-17  1.90190e-17
      3466.45  2.53564e-17  1.81333e-17
      3469.20  6.43188e-18  1.85012e-17
      3471.95  5.97294e-18  1.90207e-17
      3474.69  1.47359e-17  1.82329e-17
      3477.44  3.52316e-17  1.85274e-17
      3480.19  3.99010e-17  2.00733e-17
      3482.94  4.71188e-17  1.95768e-17
      3485.69  2.03712e-17  1.92382e-17
      3488.44  1.56197e-17  1.74478e-17
      3491.18  4.70420e-17  1.85453e-17
      3493.93  1.84174e-17  2.19335e-17
      3496.68  2.78275e-17  1.79888e-17
      3499.43  3.17828e-17  2.27972e-17
      3502.18  3.20716e-17  1.95757e-17
      3504.93  2.68567e-17  1.86091e-17
      3507.68  4.25786e-17  2.03639e-17
      3510.42  2.77712e-17  1.68744e-17
      3513.17  2.07850e-17  1.75244e-17
      3515.92  2.14699e-17  1.80629e-17
      3518.67  4.04065e-17  2.04333e-17
      3521.42  5.28436e-17  1.78384e-17
      3524.17  2.66231e-17  1.84046e-17
      3526.91  4.76104e-17  1.84121e-17
      3529.66  5.19429e-17  1.96316e-17
      3532.41  1.45741e-17  1.73929e-17
      3535.16  3.26537e-17  1.69248e-17
      3537.91  7.78811e-17  4.07892e-17
      3540.66  2.93715e-17  1.91474e-17
      3543.41  3.50847e-17  1.74449e-17
      3546.15  3.43273e-17  1.72699e-17
      3548.90  4.81283e-17  2.35790e-17
      3551.65  2.04087e-17  1.63056e-17
      3554.40  9.74878e-18  1.79347e-17
      3557.15  5.93866e-17  2.61372e-17
      3559.90  3.07529e-17  1.63643e-17
      3562.65  3.28628e-17  1.69325e-17
      3565.40  4.29717e-17  2.04752e-17
      3568.14  2.27223e-17  1.72827e-17
      3570.89  2.20648e-17  1.64536e-17
      3573.64  2.14073e-17  1.74295e-17
      3576.39  2.07499e-17  2.18866e-17
      3579.14  2.00924e-17  2.04681e-17
      3581.89  1.94349e-17  1.90828e-17
      3584.64  1.87774e-17  1.95630e-17
      3587.38  1.81199e-17  2.05573e-17
      3590.13  1.74625e-17  1.61069e-17
      3592.88  1.68050e-17  1.57417e-17
      3595.63  1.42629e-17  1.67239e-17
      3598.38  4.65261e-17  1.69303e-17
      3601.13  2.51631e-17  1.56625e-17
      3603.88  6.14063e-18  1.82425e-17
      3606.63  1.68236e-17  2.18363e-17
      3609.37  4.24384e-17  1.85200e-17
      3612.12  4.98902e-17  2.16240e-17
      3614.87  1.25899e-17  2.30724e-17
      3617.62  2.86569e-17  1.88073e-17
      3620.37  3.49067e-17  1.88080e-17
      3623.12  4.46162e-17  1.64091e-17
      3625.87  1.91627e-17  2.05487e-17
      3628.62  8.55693e-18  2.05382e-17
      3631.36  1.85207e-17  2.01281e-17
      3634.11  2.84845e-17  4.06946e-17
      3636.86  3.84483e-17  1.67312e-17
      3639.61  4.84121e-17  1.65875e-17
      3642.36  3.55479e-17  1.59394e-17
      3645.11  5.17030e-17  1.74187e-17
      3647.86  1.32313e-17  1.52353e-17
      3650.61  1.85832e-17  1.48152e-17
      3653.35  4.84824e-17  1.61617e-17
      3656.10  6.66450e-17  3.05437e-17
      3658.85  4.91314e-17  1.58727e-17
      3661.60  2.43840e-17  1.81589e-17
      3664.35  3.32798e-17  1.47219e-17
      3667.10  4.63464e-17  2.38660e-17
      3669.85  4.74140e-17  1.86706e-17
      3672.60  4.67329e-17  1.54863e-17
      3675.35  4.60519e-17  3.83725e-17
      3678.09  4.53707e-17  4.26190e-17
      3680.84  4.46897e-17  1.63667e-17
      3683.59  4.40086e-17  1.85640e-17
      3686.34  4.33275e-17  2.49291e-17
      3689.09  4.26465e-17  1.48549e-17
      3691.84  4.19653e-17  1.44343e-17
      3694.59  4.12843e-17  1.51795e-17
      3697.34  1.11284e-17  1.52304e-17
      3700.09  1.42101e-17  2.16338e-17
      3702.83  1.72921e-17  1.86690e-16
      3705.58  2.03738e-17  2.32388e-17
      3708.33  2.34558e-17  2.02514e-17
      3711.08  1.89771e-17  1.36971e-17
      3713.83  2.69342e-17  1.44153e-17
      3716.58  3.11447e-17  1.39043e-17
      3719.33  2.75475e-17  1.40840e-17
      3722.08  5.85861e-17  1.60876e-17
      3724.83  3.85989e-17  1.47978e-17
      3727.57  4.83529e-17  1.44009e-17
      3730.32  1.74343e-17  1.36326e-17
      3733.07  2.96670e-17  1.55659e-17
      3735.82  4.19007e-17  2.14748e-17
      3738.57  5.41345e-17  1.28452e-17
      3741.32  6.63682e-17  1.53350e-17
      3744.07  3.38361e-17  1.43375e-17
      3746.82  1.88746e-17  1.44258e-17
      3749.57  5.05051e-17  1.45104e-17
      3752.32  3.64898e-17  1.38077e-17
      3755.06  8.99749e-17  2.28830e-17
      3757.81  8.05196e-17  2.88060e-17
      3760.56  3.29676e-17  1.23484e-17
      3763.31  3.16415e-17  3.06448e-17
      3766.06  3.03153e-17  1.33752e-17
      3768.81  7.11704e-17  1.83230e-17
      3771.56  5.15131e-17  1.38493e-17
      3774.31  1.61817e-17  1.44440e-17
      3777.06  5.08887e-17  1.61174e-17
      3779.81  3.60002e-17  1.29421e-17
      3782.55  2.59139e-17  2.53178e-17
      3785.30  4.26351e-17  1.31077e-17
      3788.05  5.19132e-17  1.47117e-17
      3790.80  4.14153e-17  1.61302e-17
      3793.55  3.42295e-17  1.36857e-17
      3796.30  7.00422e-17  1.87863e-17
      3799.05  4.26084e-17  1.21148e-17
      3801.80  3.26901e-17  1.13256e-17
      3804.55  5.87767e-17  1.40161e-17
      3807.30  4.25907e-17  1.24669e-17
      3810.04  4.44444e-17  1.26804e-17
      3812.79  4.96801e-17  1.43163e-17
      3815.54  4.04990e-17  1.15599e-17
      3818.29  5.49661e-17  1.22479e-17
      3821.04  3.87092e-17  1.23532e-17
      3823.79  1.96098e-17  1.16320e-17
      3826.54  3.65206e-17  1.15408e-17
      3829.29  4.03217e-17  1.26529e-17
      3832.04  3.64181e-17  1.22818e-17
      3834.79  3.90080e-17  1.20946e-17
      3837.53  5.16403e-17  1.10916e-17
      3840.28  3.23451e-17  1.16125e-17
      3843.03  3.37515e-17  1.09604e-17
      3845.78  3.67342e-17  1.13976e-17
      3848.53  5.04099e-17  1.58790e-17
      3851.28  4.00020e-17  1.09350e-17
      3854.03  3.07027e-17  1.91886e-17
      3856.78  4.10430e-17  1.08168e-17
      3859.53  4.53115e-17  1.19151e-17
      3862.28  2.70803e-17  1.29544e-17
      3865.02  3.70840e-17  1.11772e-17
      3867.77  4.60044e-17  1.25596e-17
      3870.52  3.94502e-17  1.26758e-17
      3873.27  4.24037e-17  5.24068e-17
      3876.02  4.53573e-17  1.02221e-17
      3878.77  4.83109e-17  1.04938e-17
      3881.52  5.55466e-17  2.76153e-17
      3884.27  5.60515e-17  1.20865e-17
      3887.02  5.07955e-17  1.42063e-17
      3889.77  7.06555e-17  1.07037e-17
      3892.51  5.70992e-17  1.03306e-17
      3895.26  3.43402e-17  1.03513e-17
      3898.01  4.29840e-17  1.02933e-17
      3900.76  5.56813e-17  1.14871e-17
      3903.51  4.06983e-17  9.78550e-18
      3906.26  3.29342e-17  9.70006e-18
      3909.01  6.17581e-17  1.07374e-17
      3911.76  7.50102e-18  1.80755e-17
      3914.51  5.19778e-17  1.01101e-17
      3917.26  3.30635e-17  1.06496e-17
      3920.00  4.75269e-17  2.08282e-17
      3922.75  5.31725e-17  1.09657e-17
      3925.50  5.29919e-17  1.12171e-17
      3928.25  5.12439e-17  1.06277e-17
      3931.00  4.58531e-17  1.11980e-17
      3933.75  5.57538e-17  9.69993e-18
      3936.50  3.90196e-17  9.96765e-18
      3939.25  4.79273e-17  1.04256e-17
      3942.00  5.83928e-17  1.00566e-17
      3944.75  4.18790e-17  9.60208e-18
      3947.49  5.51585e-17  9.45666e-18
      3950.24  5.35983e-17  9.33698e-18
      3952.99  5.07737e-17  2.11060e-17
      3955.74  2.59864e-17  9.06095e-18
      3958.49  6.17750e-17  9.47094e-18
      3961.24  3.34856e-17  9.17394e-18
      3963.99  5.00086e-17  9.97972e-18
      3966.74  4.53008e-17  9.25248e-18
      3969.49  3.68711e-17  1.02312e-17
      3972.24  1.49066e-17  1.04054e-17
      3974.98  5.43317e-17  1.11101e-17
      3977.73  6.12191e-17  1.94862e-17
      3980.48  3.58903e-17  1.23282e-17
      3983.23  5.16108e-17  9.26482e-18
      3985.98  8.22591e-17  2.58308e-17
      3988.73  6.80717e-17  9.90275e-18
      3991.48  4.71375e-17  9.03506e-18
      3994.23  5.56850e-17  1.50671e-17
      3996.98  4.11179e-17  9.32779e-18
      3999.72  6.97268e-17  1.28358e-17
      4002.47  4.88477e-17  9.80361e-18
      4005.22  3.13260e-17  9.09786e-18
      4007.97  5.52181e-17  9.39830e-18
      4010.72  4.55718e-17  9.01778e-18
      4013.47  6.90955e-17  1.53331e-17
      4016.22  6.43387e-17  1.11623e-17
      4018.97  4.33545e-17  1.02242e-17
      4021.72  4.53874e-17  9.50536e-18
      4024.47  3.54069e-17  8.15339e-18
      4027.21  4.15230e-17  9.19539e-18
      4029.96  4.27035e-17  2.98889e-17
      4032.71  4.69797e-17  8.59035e-18
      4035.46  1.50401e-17  8.42498e-18
      4038.21  5.02538e-17  8.90470e-18
      4040.96  6.37715e-17  1.16380e-17
      4043.71  4.12055e-17  9.47205e-18
      4046.46  2.76323e-17  1.60456e-17
      4049.21  4.97291e-17  1.10301e-17
      4051.95  3.39339e-17  2.97353e-17
      4054.70  5.74066e-17  1.46561e-17
      4057.45  5.69683e-17  8.67038e-18
      4060.20  4.70889e-17  1.24349e-17
      4062.95  5.49245e-17  9.88339e-18
      4065.70  4.51594e-17  9.63741e-18
      4068.45  4.69254e-17  9.31298e-18
      4071.20  3.95794e-17  8.10722e-18
      4073.94  5.06017e-17  8.51877e-18
      4076.69  3.26249e-17  8.15782e-18
      4079.44  4.44983e-17  8.01148e-18
      4082.19  4.20668e-17  8.92542e-18
      4084.94  6.31490e-17  9.31981e-18
      4087.69  5.81214e-17  2.06592e-17
      4090.44  5.39100e-17  8.47582e-18
      4093.19  4.96986e-17  8.64925e-18
      4095.93  4.54872e-17  1.41064e-17
      4098.68  4.12758e-17  1.85759e-17
      4101.43  3.70640e-17  8.30502e-18
      4104.18  6.17876e-17  8.49957e-18
      4106.93  7.04786e-17  1.01406e-17
      4109.68  5.13399e-17  8.56290e-18
      4112.43  4.04875e-17  7.96623e-18
      4115.18  5.68738e-17  8.40562e-18
      4117.92  5.53610e-17  9.26485e-18
      4120.67  6.35347e-17  1.08459e-17
      4123.42  6.39742e-17  8.68250e-18
      4126.17  7.61366e-17  1.43677e-17
      4128.92  5.22783e-17  8.32138e-18
      4131.67  5.16365e-17  8.69164e-18
      4134.42  4.81654e-17  7.86862e-18
      4137.17  5.26843e-17  8.65634e-18
      4139.91  9.42792e-17  1.40891e-17
      4142.66  4.00125e-17  8.53387e-18
      4145.41  6.46681e-17  9.28677e-18
      4148.16  6.97605e-17  8.88982e-18
      4150.91  5.96982e-17  1.31517e-17
      4153.66  6.40606e-17  8.54809e-18
      4156.41  6.51022e-17  8.20084e-18
      4159.16  6.97978e-17  7.90009e-18
      4161.90  7.00819e-17  9.54699e-18
      4164.65  5.05401e-17  9.46328e-18
      4167.40  6.71017e-17  8.46296e-18
      4170.15  6.71148e-17  9.91863e-18
      4172.90  7.74226e-17  8.35752e-18
      4175.65  5.62994e-17  8.47709e-18
      4178.40  8.33875e-17  8.90319e-18
      4181.14  9.00437e-17  1.43451e-17
      4183.89  6.32313e-17  8.09007e-18
      4186.64  7.81988e-17  1.07170e-17
      4189.39  7.34130e-17  8.11739e-18
      4192.14  7.25892e-17  9.95833e-18
      4194.89  8.40018e-17  8.28173e-18
      4197.64  9.14848e-17  8.64418e-18
      4200.38  7.47153e-17  8.64824e-18
      4203.13  8.86777e-17  8.64905e-18
      4205.88  8.75622e-17  8.26347e-18
      4208.63  7.76713e-17  1.03279e-17
      4211.38  9.28710e-17  9.18243e-18
      4214.13  6.27864e-17  1.91324e-17
      4216.88  8.61581e-17  1.17376e-17
      4219.62  7.63770e-17  8.81812e-18
      4222.37  1.07316e-16  1.21523e-17
      4225.12  9.68504e-17  8.53379e-18
      4227.87  1.24750e-16  8.52770e-18
      4230.62  9.58671e-17  8.05927e-18
      4233.37  9.28390e-17  8.76189e-18
      4236.11  8.94539e-17  8.78920e-18
      4238.86  9.07816e-17  9.23352e-18
      4241.61  9.25977e-17  8.93017e-18
      4244.36  1.03900e-16  8.80919e-18
      4247.11  1.04004e-16  1.41926e-17
      4249.86  7.97427e-17  8.10773e-18
      4252.60  9.89358e-17  8.34197e-18
      4255.35  9.63215e-17  8.73834e-18
      4258.10  8.68134e-17  8.55658e-18
      4260.85  1.04054e-16  9.47402e-18
      4263.60  8.41609e-17  8.26330e-18
      4266.35  1.18094e-16  1.66390e-17
      4269.09  7.96213e-17  8.77254e-18
      4271.84  9.15812e-17  7.95598e-18
      4274.59  9.55072e-17  9.32855e-18
      4277.34  7.66973e-17  8.30225e-18
      4280.09  8.48751e-17  8.13423e-18
      4282.84  7.73889e-17  7.85976e-18
      4285.58  9.16484e-17  8.34060e-18
      4288.33  7.49807e-17  1.21688e-17
      4291.08  6.98624e-17  7.66267e-18
      4293.83  7.84937e-17  8.21664e-18
      4296.58  6.49230e-17  7.54093e-18
      4299.33  7.54587e-17  7.73826e-18
      4302.07  7.32727e-17  8.00693e-18
      4304.82  7.61597e-17  7.59592e-18
      4307.57  7.14288e-17  7.84166e-18
      4310.32  7.64710e-17  7.52531e-18
      4313.07  7.41974e-17  8.55671e-18
      4315.81  7.19237e-17  8.35686e-18
      4318.56  6.96500e-17  8.59802e-18
      4321.31  6.73762e-17  2.36136e-17
      4324.06  6.51025e-17  7.59490e-18
      4326.81  8.50641e-17  8.40496e-18
      4329.55  6.66784e-17  8.70010e-18
      4332.30  7.28291e-17  7.46241e-18
      4335.05  7.21131e-17  7.89938e-18
      4337.80  6.09350e-17  7.79518e-18
      4340.55  7.34179e-17  8.34828e-18
      4343.29  8.19553e-17  9.47994e-18
      4346.04  5.73098e-17  7.06925e-18
      4348.79  6.92406e-17  7.35575e-18
      4351.54  6.64247e-17  7.25807e-18
      4354.29  4.78805e-17  7.11042e-18
      4357.03  7.60436e-17  7.91493e-18
      4359.78  5.91950e-17  7.94158e-18
      4362.53  6.58331e-17  7.48006e-18
      4365.28  7.40187e-17  9.06792e-18
      4368.03  7.16113e-17  7.38649e-18
      4370.77  8.25097e-17  8.61598e-18
      4373.52  8.28130e-17  1.02653e-17
      4376.27  6.47933e-17  8.76825e-18
      4379.02  5.94270e-17  8.06729e-18
      4381.77  8.24326e-17  7.73057e-18
      4384.51  6.39893e-17  1.20488e-17
      4387.26  5.59825e-17  7.07486e-18
      4390.01  7.03623e-17  7.31050e-18
      4392.76  7.37515e-17  6.97600e-18
      4395.50  6.32006e-17  7.50470e-18
      4398.25  5.55493e-17  7.13678e-18
      4401.00  5.27383e-17  7.00595e-18
      4403.75  6.69141e-17  8.08827e-18
      4406.50  7.19570e-17  7.58478e-18
      4409.24  7.37656e-17  8.62728e-18
      4411.99  6.26320e-17  8.36106e-18
      4414.74  5.56083e-17  7.38055e-18
      4417.49  5.07995e-17  7.09246e-18
      4420.23  4.84313e-17  6.89225e-18
      4422.98  5.17931e-17  8.70474e-18
      4425.73  5.21514e-17  6.67737e-18
      4428.48  5.79268e-17  8.08461e-18
      4431.23  5.86721e-17  8.15845e-18
      4433.97  5.49176e-17  9.19229e-18
      4436.72  6.53297e-17  1.01457e-17
      4439.47  4.73418e-17  6.85465e-18
      4442.22  5.88561e-17  7.00662e-18
      4444.96  4.90840e-17  6.95279e-18
      4447.71  5.52897e-17  7.36484e-18
      4450.46  6.00884e-17  7.40953e-18
      4453.21  5.12570e-17  7.24560e-18
      4455.95  4.84384e-17  6.62978e-18
      4458.70  5.68191e-17  7.75025e-18
      4461.45  7.82174e-17  1.99828e-17
      4464.20  4.93383e-17  6.97244e-18
      4466.94  5.68770e-17  7.10338e-18
      4469.69  5.53098e-17  7.02726e-18
      4472.44  7.99670e-17  9.28152e-18
      4475.19  5.45931e-17  7.34106e-18
      4477.93  6.12398e-17  8.49527e-18
      4480.68  5.61890e-17  6.75427e-18
      4483.43  5.12764e-17  6.55653e-18
      4486.18  5.73526e-17  7.17103e-18
      4488.92  5.63159e-17  7.10150e-18
      4491.67  5.97417e-17  6.58695e-18
      4494.42  5.46101e-17  6.83050e-18
      4497.16  5.18229e-17  6.91471e-18
      4499.91  5.80314e-17  7.57929e-18
      4502.66  7.89272e-17  8.13398e-18
      4505.41  5.19366e-17  1.02106e-17
      4508.15  5.24165e-17  9.21581e-18
      4510.90  5.63764e-17  6.90867e-18
      4513.65  5.16363e-17  7.42862e-18
      4516.40  5.40561e-17  6.54782e-18
      4519.14  4.30365e-17  6.70852e-18
      4521.89  6.80643e-17  8.19001e-18
      4524.64  4.85338e-17  6.89230e-18
      4527.38  4.86859e-17  6.52865e-18
      4530.13  5.42475e-17  7.03236e-18
      4532.88  8.63927e-17  7.34744e-18
      4535.62  5.58784e-17  6.72606e-18
      4538.37  5.43299e-17  7.87781e-18
      4541.12  5.69068e-17  1.65240e-17
      4543.87  6.03705e-17  9.49119e-18
      4546.61  6.46940e-17  7.88791e-18
      4549.36  6.03292e-17  7.45967e-18
      4552.11  6.46959e-17  6.77439e-18
      4554.85  7.20836e-17  7.00465e-18
      4557.60  9.63839e-17  1.44492e-17
      4560.35  5.89567e-17  6.91006e-18
      4563.09  5.53907e-17  6.49399e-18
      4565.84  6.22358e-17  7.63477e-18
      4568.59  4.97806e-17  6.76444e-18
      4571.34  5.29607e-17  6.51533e-18
      4574.08  5.96511e-17  7.78587e-18
      4576.83  5.08543e-17  6.52253e-18
      4579.58  6.83641e-17  7.61526e-18
      4582.32  5.57582e-17  7.50098e-18
      4585.07  5.72046e-17  6.86281e-18
      4587.82  5.17345e-17  6.98267e-18
      4590.56  5.52889e-17  7.15876e-18
      4593.31  5.27705e-17  6.72308e-18
      4596.06  5.79010e-17  6.70401e-18
      4598.80  5.00269e-17  6.68891e-18
      4601.55  5.57327e-17  6.90373e-18
      4604.30  9.81571e-17  7.26403e-18
      4607.04  5.64126e-17  6.67479e-18
      4609.79  4.80839e-17  6.54473e-18
      4612.54  3.78977e-17  7.17074e-18
      4615.28  5.63595e-17  6.92382e-18
      4618.03  5.68290e-17  6.71022e-18
      4620.78  5.79813e-17  8.30365e-18
      4623.52  6.45020e-17  8.82438e-18
      4626.27  5.01317e-17  6.58691e-18
      4629.02  5.56008e-17  8.56843e-18
      4631.76  7.23479e-17  8.85087e-18
      4634.51  5.87127e-17  6.59287e-18
      4637.26  6.21954e-17  7.71081e-18
      4640.00  6.08242e-17  8.02445e-18
      4642.75  5.24919e-17  6.62119e-18
      4645.49  6.02977e-17  6.80789e-18
      4648.24  5.46563e-17  6.53069e-18
      4650.99  6.74943e-17  7.01597e-18
      4653.73  4.25323e-17  6.72919e-18
      4656.48  6.35356e-17  6.88820e-18
      4659.23  6.59368e-17  6.72303e-18
      4661.97  5.49727e-17  6.49354e-18
      4664.72  5.86348e-17  7.48624e-18
      4667.47  6.31504e-17  3.87378e-17
      4670.21  4.85294e-17  6.49782e-18
      4672.96  5.77145e-17  6.63387e-18
      4675.70  4.80743e-17  6.35221e-18
      4678.45  6.88765e-17  6.79648e-18
      4681.20  5.94732e-17  7.26641e-18
      4683.94  8.39671e-17  8.02961e-18
      4686.69  5.61949e-17  6.61561e-18
      4689.43  6.56339e-17  9.51997e-18
      4692.18  5.94877e-17  8.29134e-18
      4694.93  5.42516e-17  6.62057e-18
      4697.67  5.13035e-17  6.47139e-18
      4700.42  6.11098e-17  7.18298e-18
      4703.16  5.13934e-17  6.84156e-18
      4705.91  5.07162e-17  6.64443e-18
      4708.66  5.73483e-17  6.69277e-18
      4711.40  5.21340e-17  6.67548e-18
      4714.15  3.94001e-17  6.92233e-18
      4716.89  5.30942e-17  6.63314e-18
      4719.64  6.63541e-17  6.82130e-18
      4722.39  6.55854e-17  7.38138e-18
      4725.13  5.09669e-17  6.85720e-18
      4727.88  4.72210e-17  6.54308e-18
      4730.62  6.39874e-17  7.33755e-18
      4733.37  5.45175e-17  7.16282e-18
      4736.12  6.40316e-17  9.81684e-18
      4738.86  6.05046e-17  6.77989e-18
      4741.61  3.89086e-17  7.29765e-18
      4744.35  6.28156e-17  7.34942e-18
      4747.10  5.35145e-17  6.71042e-18
      4749.84  6.89353e-17  6.90293e-18
      4752.59  7.44419e-17  7.40128e-18
      4755.33  5.22637e-17  8.11167e-18
      4758.08  7.54860e-17  7.50885e-18
      4760.83  6.78758e-17  7.27791e-18
      4763.57  5.98813e-17  7.09168e-18
      4766.32  7.42726e-17  8.10920e-18
      4769.06  9.10884e-17  9.72582e-18
      4771.81  6.49301e-17  6.82193e-18
      4774.55  6.53301e-17  6.79828e-18
      4777.30  8.77667e-17  8.21478e-18
      4780.04  7.55617e-17  1.83933e-17
      4782.79  8.03347e-17  8.40804e-18
      4785.54  7.41824e-17  9.24032e-18
      4788.28  7.23723e-17  7.39180e-18
      4791.03  7.52376e-17  7.34570e-18
      4793.77  8.72614e-17  8.21600e-18
      4796.52  9.41154e-17  1.00721e-17
      4799.26  7.75778e-17  7.82118e-18
      4802.01  6.39258e-17  7.34668e-18
      4804.75  8.20890e-17  7.15898e-18
      4807.50  7.50630e-17  6.80655e-18
      4810.24  9.94015e-17  1.43671e-17
      4812.99  8.39259e-17  7.67556e-18
      4815.73  7.62326e-17  8.13060e-18
      4818.48  8.97576e-17  1.03105e-17
      4821.22  1.01328e-16  8.27955e-18
      4823.97  8.50424e-17  9.82507e-18
      4826.71  8.78814e-17  1.04215e-17
      4829.46  9.07205e-17  7.04182e-18
      4832.20  9.35596e-17  7.22562e-18
      4834.95  7.55897e-17  6.94459e-18
      4837.69  8.36279e-17  7.11934e-18
      4840.44  9.64343e-17  6.92531e-18
      4843.18  1.05982e-16  1.09768e-17
      4845.93  9.16577e-17  7.09398e-18
      4848.67  8.76382e-17  7.07843e-18
      4851.42  9.66078e-17  8.59402e-18
      4854.16  9.85381e-17  7.43156e-18
      4856.91  8.97097e-17  7.30840e-18
      4859.65  1.19179e-16  8.07425e-18
      4862.40  1.01552e-16  1.45486e-17
      4865.14  1.21552e-16  1.06732e-17
      4867.89  1.00988e-16  9.59957e-18
      4870.63  1.07292e-16  7.86128e-18
      4873.38  1.02255e-16  7.34783e-18
      4876.12  8.54072e-17  6.94632e-18
      4878.87  8.57217e-17  7.34218e-18
      4881.61  7.82566e-17  7.15004e-18
      4884.35  9.72679e-17  7.21412e-18
      4887.10  9.98241e-17  7.00373e-18
      4889.84  9.91873e-17  6.85342e-18
      4892.59  9.58441e-17  7.02573e-18
      4895.33  9.41781e-17  7.62059e-18
      4898.08  9.55695e-17  1.05019e-17
      4900.82  9.69609e-17  9.90025e-18
      4903.57  9.83521e-17  1.96762e-17
      4906.31  9.97435e-17  7.15546e-18
      4909.05  1.01135e-16  7.43831e-18
      4911.80  1.01539e-16  7.19316e-18
      4914.54  8.50151e-17  6.97364e-18
      4917.29  9.03911e-17  7.58132e-18
      4920.03  9.77972e-17  7.16710e-18
      4922.78  9.80867e-17  7.13982e-18
      4925.52  8.98650e-17  7.60566e-18
      4928.26  1.10266e-16  7.82476e-18
      4931.01  1.02910e-16  7.75022e-18
      4933.75  7.65307e-17  6.56327e-18
      4936.50  8.54781e-17  7.09231e-18
      4939.24  8.47636e-17  7.41878e-18
      4941.98  9.49982e-17  2.72571e-17
      4944.73  8.95681e-17  6.77434e-18
      4947.47  8.10591e-17  7.08166e-18
      4950.22  9.28119e-17  6.94761e-18
      4952.96  9.06170e-17  7.21191e-18
      4955.70  8.84224e-17  1.04733e-17
      4958.45  8.62275e-17  6.72956e-18
      4961.19  8.40329e-17  7.06450e-18
      4963.94  8.18379e-17  6.79945e-18
      4966.68  7.96433e-17  7.64055e-18
      4969.42  7.74488e-17  1.15786e-17
      4972.17  7.52538e-17  6.72992e-18
      4974.91  7.30593e-17  6.83351e-18
      4977.65  7.08647e-17  6.67980e-18
      4980.40  6.86701e-17  6.69463e-18
      4983.14  8.98709e-17  8.39646e-18
      4985.89  9.33866e-17  7.40733e-18
      4988.63  8.82191e-17  7.52813e-18
      4991.37  9.54577e-17  8.61534e-18
      4994.12  9.57008e-17  7.27307e-18
      4996.86  8.89817e-17  8.64002e-18
      4999.60  7.58886e-17  6.52938e-18
      5002.35  8.22149e-17  6.58055e-18
      5005.09  7.87871e-17  6.98703e-18
      5007.83  7.90923e-17  6.61849e-18
      5010.58  8.20925e-17  6.45849e-18
      5013.32  8.44388e-17  6.82245e-18
      5016.06  7.42999e-17  6.86288e-18
      5018.81  7.25098e-17  6.39228e-18
      5021.55  6.59939e-17  6.90341e-18
      5024.29  6.16141e-17  6.39619e-18
      5027.04  6.22127e-17  6.25682e-18
      5029.78  6.50820e-17  7.25454e-18
      5032.52  6.77242e-17  6.46128e-18
      5035.27  6.02831e-17  6.27706e-18
      5038.01  7.21039e-17  6.48955e-18
      5040.75  6.63279e-17  6.69961e-18
      5043.50  8.80394e-17  7.04374e-18
      5046.24  4.95721e-17  6.74412e-18
      5048.98  6.42870e-17  8.43600e-18
      5051.73  6.36959e-17  6.85137e-18
      5054.47  6.34323e-17  6.42004e-18
      5057.21  7.57547e-17  8.52182e-18
      5059.95  6.94689e-17  6.60055e-18
      5062.70  5.68962e-17  6.58835e-18
      5065.44  5.63336e-17  6.38388e-18
      5068.18  7.09756e-17  1.55223e-17
      5070.93  7.05599e-17  8.05960e-18
      5073.67  4.73850e-17  6.29938e-18
      5076.41  6.37983e-17  6.63283e-18
      5079.15  8.31605e-17  7.08050e-18
      5081.90  5.32710e-17  6.06334e-18
      5084.64  7.97663e-17  8.19008e-18
      5087.38  7.39085e-17  6.72763e-18
      5090.12  6.80508e-17  1.99939e-17
      5092.87  6.21930e-17  7.46839e-18
      5095.61  7.17037e-17  6.90119e-18
      5098.35  5.99922e-17  6.72707e-18
      5101.09  7.43515e-17  6.66792e-18
      5103.84  6.69290e-17  8.38648e-18
      5106.58  7.57622e-17  2.03559e-17
      5109.32  8.45939e-17  7.34831e-18
      5112.06  7.50300e-17  6.21529e-18
      5114.81  7.48485e-17  7.33372e-18
      5117.55  6.38738e-17  6.47882e-18
      5120.29  7.83369e-17  8.82824e-18
      5123.03  7.12746e-17  6.58893e-18
      5125.77  7.50411e-17  6.37371e-18
      5128.52  6.47335e-17  6.27332e-18
      5131.26  6.87107e-17  6.54534e-18
      5134.00  5.47810e-17  6.29709e-18
      5136.74  8.14946e-17  7.03249e-18
      5139.49  8.49118e-17  6.34250e-18
      5142.23  7.04768e-17  6.30641e-18
      5144.97  8.54491e-17  7.48989e-18
      5147.71  5.83493e-17  7.81072e-18
      5150.45  5.28857e-17  6.94884e-18
      5153.20  6.43175e-17  6.86871e-18
      5155.94  1.02242e-16  1.40486e-17
      5158.68  6.04616e-17  6.84323e-18
      5161.42  6.27575e-17  6.70426e-18
      5164.16  7.44002e-17  6.41418e-18
      5166.90  5.85286e-17  7.55281e-18
      5169.65  7.58923e-17  6.76092e-18
      5172.39  6.38678e-17  6.35943e-18
      5175.13  7.12728e-17  6.45094e-18
      5177.87  8.03690e-17  9.55541e-18
      5180.61  7.85093e-17  7.47047e-18
      5183.35  7.66499e-17  2.43105e-17
      5186.10  7.47902e-17  6.21273e-18
      5188.84  5.68839e-17  7.51378e-18
      5191.58  7.91372e-17  6.32889e-18
      5194.32  6.89461e-17  6.57770e-18
      5197.06  8.32315e-17  1.24231e-17
      5199.80  5.84640e-17  6.08011e-18
      5202.54  6.76103e-17  6.28233e-18
      5205.29  7.21511e-17  6.45081e-18
      5208.03  7.02220e-17  9.13251e-18
      5210.77  7.24450e-17  6.53039e-18
      5213.51  8.35631e-17  6.59479e-18
      5216.25  7.17188e-17  6.91548e-18
      5218.99  6.68059e-17  6.12662e-18
      5221.73  7.43567e-17  6.32979e-18
      5224.47  7.39405e-17  6.40072e-18
      5227.22  8.95827e-17  8.63728e-18
      5229.96  6.52477e-17  6.25131e-18
      5232.70  7.99090e-17  6.71229e-18
      5235.44  7.08867e-17  7.08296e-18
      5238.18  6.07356e-17  6.79886e-18
      5240.92  6.91465e-17  6.65205e-18
      5243.66  6.93447e-17  6.77750e-18
      5246.40  7.06792e-17  6.45709e-18
      5249.14  6.73241e-17  6.21549e-18
      5251.88  7.44533e-17  6.18489e-18
      5254.62  7.19592e-17  6.44578e-18
      5257.37  6.09705e-17  6.73172e-18
      5260.11  9.15826e-17  9.25307e-18
      5262.85  6.73081e-17  6.28269e-18
      5265.59  6.42840e-17  6.35682e-18
      5268.33  6.53172e-17  8.72115e-18
      5271.07  8.11459e-17  6.49213e-18
      5273.81  5.48201e-17  6.37732e-18
      5276.55  6.48179e-17  6.44418e-18
      5279.29  5.82014e-17  8.74439e-18
      5282.03  6.73846e-17  6.62390e-18
      5284.77  5.46748e-17  6.63911e-18
      5287.51  7.72880e-17  6.83070e-18
      5290.25  7.33872e-17  6.74851e-18
      5292.99  7.67159e-17  6.62292e-18
      5295.73  6.78670e-17  6.54374e-18
      5298.47  6.49826e-17  6.52135e-18
      5301.21  6.28690e-17  6.49332e-18
      5303.95  5.61853e-17  6.88112e-18
      5306.69  6.48044e-17  6.58608e-18
      5309.43  6.49222e-17  6.56407e-18
      5312.17  5.99215e-17  6.96793e-18
      5314.91  7.70462e-17  8.01947e-18
      5317.65  6.68462e-17  6.85822e-18
      5320.39  6.69854e-17  6.65072e-18
      5323.13  5.52200e-17  6.80316e-18
      5325.87  6.16377e-17  6.82349e-18
      5328.61  7.31910e-17  6.49934e-18
      5331.35  5.27599e-17  6.54337e-18
      5334.09  5.38016e-17  6.51924e-18
      5336.83  3.95943e-17  1.02220e-17
      5339.57  7.20895e-17  9.16940e-18
      5342.31  6.22220e-17  6.66414e-18
      5345.05  5.29442e-17  6.09498e-18
      5347.79  5.32800e-17  6.25708e-18
      5350.53  5.36159e-17  1.61167e-17
      5353.27  5.39516e-17  6.48563e-18
      5356.01  5.42874e-17  6.78632e-18
      5358.75  5.46232e-17  6.80550e-18
      5361.49  5.49590e-17  6.45149e-18
      5364.23  6.26966e-17  6.54905e-18
      5366.97  6.35786e-17  6.30680e-18
      5369.71  6.48624e-17  6.64986e-18
      5372.45  6.33157e-17  6.46308e-18
      5375.19  5.42724e-17  6.21270e-18
      5377.92  5.68698e-17  6.51979e-18
      5380.66  5.43768e-17  6.38398e-18
      5383.40  6.03136e-17  6.71498e-18
      5386.14  4.40984e-17  5.92548e-18
      5388.88  5.38910e-17  6.33283e-18
      5391.62  5.99428e-17  6.41536e-18
      5394.36  5.70484e-17  6.31822e-18
      5397.10  5.28889e-17  6.42044e-18
      5399.84  4.30005e-17  8.04105e-18
      5402.58  6.66588e-17  7.17884e-18
      5405.31  6.29041e-17  6.50759e-18
      5408.05  6.81453e-17  7.71244e-18
      5410.79  6.23038e-17  6.33041e-18
      5413.53  6.13459e-17  6.65397e-18
      5416.27  5.56418e-17  6.52531e-18
      5419.01  5.47086e-17  7.30128e-18
      5421.75  5.80098e-17  2.15451e-17
      5424.49  5.27533e-17  6.38965e-18
      5427.22  6.50225e-17  7.69739e-18
      5429.96  5.38400e-17  7.19846e-18
      5432.70  6.08033e-17  7.75980e-18
      5435.44  5.67585e-17  6.81674e-18
      5438.18  6.79542e-17  7.32261e-18
      5440.92  5.56452e-17  6.43025e-18
      5443.65  5.41483e-17  6.76392e-18
      5446.39  6.63512e-17  7.31751e-18
      5449.13  6.56350e-17  7.39686e-18
      5451.87  6.26651e-17  6.84303e-18
      5454.61  6.84067e-17  6.64941e-18
      5457.35  6.48763e-17  6.70225e-18
      5460.08  7.21274e-17  7.28674e-18
      5462.82  6.23448e-17  6.79903e-18
      5465.56  6.26833e-17  6.47625e-18
      5468.30  6.30218e-17  1.18173e-17
      5471.04  6.33602e-17  6.93016e-18
      5473.77  6.36987e-17  6.67468e-18
      5476.51  6.40372e-17  6.38892e-18
      5479.25  6.43756e-17  6.90418e-18
      5481.99  6.47141e-17  7.87527e-17
      5484.73  6.50525e-17  9.19428e-18
      5487.46  6.53909e-17  6.68513e-18
      5490.20  6.57294e-17  7.03516e-18
      5492.94  6.11778e-17  7.54938e-18
      5495.68  4.27540e-17  6.86518e-18
      5498.41  5.36729e-17  8.12967e-18
      5501.15  6.39167e-17  6.72445e-18
      5503.89  8.81872e-17  7.26074e-18
      5506.63  5.97203e-17  6.71703e-18
      5509.36  5.68907e-17  6.56461e-18
      5512.10  5.80348e-17  6.80484e-18
      5514.84  6.32638e-17  6.65048e-18
      5517.58  6.11389e-17  6.43752e-18
      5520.31  7.72613e-17  7.52514e-18
      5523.05  9.20360e-17  1.43969e-17
      5525.79  6.13925e-17  6.65356e-18
      5528.53  6.20812e-17  7.05808e-18
      5531.26  4.97106e-17  6.32010e-18
      5534.00  8.91313e-17  7.14059e-18
      5536.74  6.57681e-17  6.54878e-18
      5539.47  6.42181e-17  6.98310e-18
      5542.21  6.73481e-17  7.07330e-18
      5544.95  6.53656e-17  7.25045e-18
      5547.68  6.75854e-17  7.11280e-18
      5550.42  6.98048e-17  8.45330e-18
      5553.16  7.20242e-17  2.97964e-17
      5555.90  7.42437e-17  6.49761e-18
      5558.63  7.50521e-17  6.95197e-18
      5561.37  6.47430e-17  7.94317e-18
      5564.10  7.97337e-17  7.14595e-18
      5566.84  6.42007e-17  7.07453e-18
      5569.58  8.05037e-17  6.89871e-18
      5572.31  6.76379e-17  6.55058e-18
      5575.05  7.49449e-17  7.34090e-18
      5577.79  7.17130e-17  6.46896e-18
      5580.52  6.98520e-17  7.17671e-18
      5583.26  7.44245e-17  6.80010e-18
      5586.00  7.68160e-17  7.09615e-18
      5588.73  8.69055e-17  7.97801e-18
      5591.47  7.49028e-17  6.74991e-18
      5594.21  7.81245e-17  7.06608e-18
      5596.94  7.35748e-17  1.42380e-17
      5599.68  6.89161e-17  6.64840e-18
      5602.41  8.33908e-17  7.07602e-18
      5605.15  7.45507e-17  1.01888e-17
      5607.89  8.55852e-17  9.77955e-18
      5610.62  7.54592e-17  6.78831e-18
      5613.36  7.77470e-17  6.67304e-18
      5616.09  8.12477e-17  7.04727e-18
      5618.83  8.00643e-17  6.88199e-18
      5621.57  8.85044e-17  6.97730e-18
      5624.30  8.82232e-17  7.30685e-18
      5627.04  9.97547e-17  8.25930e-18
      5629.77  7.75405e-17  7.39793e-18
      5632.51  8.84616e-17  7.80505e-18
      5635.24  1.21912e-16  1.61435e-17
      5637.98  7.54693e-17  6.78176e-18
      5640.72  8.12686e-17  7.47790e-18
      5643.45  8.14571e-17  6.91552e-18
      5646.19  9.64001e-17  9.61929e-18
      5648.92  8.95229e-17  7.12164e-18
      5651.66  7.67795e-17  7.41173e-18
      5654.39  8.60447e-17  7.11164e-18
      5657.13  7.43121e-17  7.41305e-18
      5659.86  7.73790e-17  7.52495e-18
      5662.60  8.19346e-17  8.00337e-18
      5665.33  7.07825e-17  7.05407e-18
      5668.07  6.48741e-17  6.58858e-18
      5670.80  5.41392e-17  6.68163e-18
      5673.54  6.28710e-17  6.97728e-18
      5676.27  7.33142e-17  7.21145e-18
      5679.01  7.32720e-17  7.03053e-18
      5681.74  6.38586e-17  7.00653e-18
      5684.48  8.22103e-17  7.71319e-18
      5687.21  9.49387e-17  1.43526e-17
      5689.95  6.96046e-17  1.09139e-17
      5692.68  7.19712e-17  7.62166e-18
      5695.42  7.37764e-17  6.87482e-18
      5698.15  1.02252e-16  8.67757e-18
