      2892.53 -2.64136e-15  2.24089e-15
      2895.28  5.58329e-16  1.45651e-15
      2898.02 -4.45700e-16  1.23876e-15
      2900.77  2.16137e-15  1.03912e-15
      2903.51 -1.09976e-15  8.44452e-16
      2906.26 -2.37249e-15  7.74536e-16
      2909.00  8.33681e-16  6.88782e-16
      2911.75  5.29185e-16  6.25034e-16
      2914.49  2.24716e-16  1.18628e-15
      2917.24 -7.97795e-17  5.86911e-16
      2919.98 -5.13434e-16  4.46449e-16
      2922.73  6.98023e-17  3.87376e-16
      2925.47  5.69490e-16  3.59184e-16
      2928.22  8.62182e-16  3.43115e-16
      2930.96 -2.91362e-16  3.78574e-16
      2933.71 -5.22344e-16  2.57247e-16
      2936.45 -5.38177e-17  3.21771e-16
      2939.20 -3.91617e-17  3.61593e-16
      2941.94 -2.45058e-17  9.75737e-16
      2944.69 -9.84851e-18  1.72923e-16
      2947.43  4.80744e-18  1.61133e-16
      2950.18  1.94647e-17  1.29705e-16
      2952.93 -3.94210e-17  1.21147e-16
      2955.67  1.51082e-17  9.65342e-17
      2958.42  4.25890e-18  8.99580e-17
      2961.16  4.69053e-16  9.27924e-17
      2963.91 -3.72175e-16  3.35581e-16
      2966.65  1.41337e-16  7.73320e-17
      2969.40  9.59169e-17  7.81701e-17
      2972.14  1.44838e-16  7.15888e-17
      2974.89  1.34493e-16  6.61011e-17
      2977.63 -1.61933e-18  6.09701e-17
      2980.38  4.43194e-17  5.86414e-17
      2983.13  1.29815e-16  5.97630e-17
      2985.87 -1.54034e-17  5.98439e-17
      2988.62  1.35244e-16  6.87141e-17
      2991.36  3.97944e-17  9.24007e-17
      2994.11  1.48016e-16  5.98526e-17
      2996.85  1.18264e-17  6.14540e-17
      2999.60  9.58768e-18  6.48308e-17
      3002.34  9.08218e-17  5.44477e-17
      3005.09 -1.42493e-17  5.52343e-17
      3007.84  3.17880e-17  5.27253e-17
      3010.58  1.05104e-16  7.86038e-17
      3013.33 -2.61330e-18  5.12938e-17
      3016.07  1.65654e-18  5.21265e-17
      3018.82  5.14313e-17  5.24759e-17
      3021.56 -1.22542e-16  1.95166e-16
      3024.31  1.32887e-16  4.89251e-17
      3027.06  6.16099e-17  4.74744e-17
      3029.80  1.14424e-16  4.80974e-17
      3032.55  2.33803e-17  4.58355e-17
      3035.29 -3.96946e-17  4.29740e-17
      3038.04  1.55711e-16  4.56908e-17
      3040.79  6.18974e-17  4.37992e-17
      3043.53 -4.92355e-17  6.49732e-17
      3046.28  1.39942e-16  4.29702e-17
      3049.02  9.61198e-17  4.28104e-17
      3051.77 -6.90468e-17  4.25371e-17
      3054.52  6.47599e-17  4.29171e-17
      3057.26  2.08833e-16  4.18337e-17
      3060.01 -1.77739e-17  4.20444e-17
      3062.75  1.18506e-16  6.50346e-17
      3065.50  1.69605e-16  3.96770e-17
      3068.25  2.27307e-17  3.60426e-17
      3070.99  7.52974e-17  3.81826e-17
      3073.74  1.75994e-16  3.76375e-17
      3076.48  9.60953e-17  3.62655e-17
      3079.23  2.68992e-17  3.52928e-17
      3081.98  1.40715e-16  3.94096e-17
      3084.72  1.85177e-16  3.93991e-17
      3087.47 -8.39313e-17  7.98496e-17
      3090.22  1.97308e-16  3.66962e-17
      3092.96  2.38919e-16  5.17970e-17
      3095.71  1.62268e-16  3.74769e-17
      3098.46  1.06083e-16  5.24918e-17
      3101.20  1.91051e-16  4.72136e-17
      3103.95  7.59596e-17  3.64524e-17
      3106.69  5.74711e-17  3.44684e-17
      3109.44  2.84904e-16  4.15150e-17
      3112.19  1.72021e-16  3.66106e-17
      3114.93  1.44301e-16  3.66511e-17
      3117.68  2.21437e-16  3.87738e-17
      3120.43  1.03164e-16  7.27894e-17
      3123.17  2.70652e-16  4.00006e-17
      3125.92  7.13136e-17  3.48013e-17
      3128.67  1.88502e-16  3.43460e-17
      3131.41  2.06825e-16  3.91115e-17
      3134.16  1.56742e-16  3.63694e-17
      3136.91  2.56347e-16  3.54651e-17
      3139.65  2.21676e-16  4.24797e-17
      3142.40  1.95155e-16  4.05899e-17
      3145.15  1.68632e-16  2.09218e-16
      3147.89  1.42111e-16  7.25979e-17
      3150.64  1.68969e-16  3.43317e-17
      3153.39  1.51004e-16  4.18607e-17
      3156.13  1.97241e-16  3.50023e-17
      3158.88  1.34768e-16  4.18375e-17
      3161.63  1.39508e-16  3.31285e-17
      3164.37  1.52863e-16  4.21727e-17
      3167.12  2.88601e-16  6.04433e-17
      3169.87  1.15822e-16  2.99868e-17
      3172.61  1.27279e-16  3.27923e-17
      3175.36  1.94921e-16  3.21460e-17
      3178.11  1.78651e-16  3.56495e-17
      3180.85  9.06288e-17  3.11628e-17
      3183.60  2.20478e-16  3.52448e-17
      3186.35  1.28075e-16  2.87006e-17
      3189.09  8.73534e-17  2.91415e-17
      3191.84  1.03007e-16  5.24366e-17
      3194.59  1.62456e-16  2.97338e-17
      3197.33  1.05454e-16  2.77958e-17
      3200.08  1.40737e-16  2.92753e-17
      3202.83  1.71517e-16  3.02831e-17
      3205.58  1.26272e-16  2.80101e-17
      3208.32  6.06915e-17  2.83777e-17
      3211.07  1.42384e-16  9.99799e-17
      3213.82  2.04211e-16  3.12625e-17
      3216.56  1.58353e-16  2.88313e-17
      3219.31  7.50669e-17  2.99305e-17
      3222.06  2.31103e-16  2.86576e-17
      3224.80  1.03048e-16  2.70562e-17
      3227.55  1.65349e-16  2.71861e-17
      3230.30  2.40754e-16  2.95658e-17
      3233.05  2.08373e-16  2.84801e-17
      3235.79  9.61903e-17  2.61790e-17
      3238.54  1.63986e-16  3.11473e-17
      3241.29  1.87031e-16  2.78147e-17
      3244.03  1.11336e-16  4.48402e-17
      3246.78  1.29073e-16  2.71435e-17
      3249.53  1.30630e-16  2.56147e-17
      3252.28  1.00450e-16  2.64977e-17
      3255.02  9.65333e-17  2.64854e-17
      3257.77  1.41513e-16  2.61685e-17
      3260.52  9.63991e-17  3.01881e-17
      3263.27  1.04036e-16  2.49564e-17
      3266.01  1.87256e-16  2.54605e-17
      3268.76  1.87216e-16  2.80334e-17
      3271.51  1.43605e-16  2.75749e-17
      3274.25  1.41427e-16  2.62652e-17
      3277.00  2.14921e-16  2.98107e-17
      3279.75  9.68903e-17  2.68371e-17
      3282.50  9.93612e-17  2.34862e-17
      3285.24  1.65333e-16  2.53064e-17
      3287.99  1.56983e-16  2.77401e-17
      3290.74  1.42051e-16  2.86390e-17
      3293.49  1.63594e-16  2.41683e-17
      3296.23  1.00284e-16  2.31168e-17
      3298.98  1.24300e-16  2.48175e-17
      3301.73  1.45760e-16  2.54043e-17
      3304.48  1.92148e-16  2.43154e-17
      3307.22  1.21114e-16  2.45415e-17
      3309.97  1.36718e-16  2.40548e-17
      3312.72  1.85192e-16  2.41710e-17
      3315.47  1.33631e-16  2.37243e-17
      3318.21  1.40909e-16  2.54787e-17
      3320.96  2.05135e-16  2.39436e-17
      3323.71  2.23776e-16  2.43864e-17
      3326.46  1.50849e-16  2.36492e-17
      3329.20  1.83967e-16  3.50035e-17
      3331.95  2.61960e-16  2.63458e-17
      3334.70  1.86761e-16  2.49111e-17
      3337.45  2.11814e-16  2.59683e-17
      3340.19  2.32478e-16  2.49535e-17
      3342.94  2.22538e-16  2.36642e-17
      3345.69  1.97179e-16  2.44970e-17
      3348.44  2.05688e-16  2.49830e-17
      3351.19  2.14197e-16  3.05164e-17
      3353.93  2.22706e-16  2.56333e-16
      3356.68  2.31215e-16  2.29517e-17
      3359.43  2.39724e-16  2.36220e-17
      3362.18  1.90258e-16  3.35499e-17
      3364.92  2.50809e-16  2.41803e-17
      3367.67  3.05249e-16  2.65551e-17
      3370.42  2.48753e-16  2.32694e-17
      3373.17  2.16932e-16  2.24721e-17
      3375.92  2.60817e-16  2.36009e-17
      3378.66  2.73692e-16  2.31608e-17
      3381.41  2.10231e-16  2.31892e-17
      3384.16  2.71364e-16  2.42320e-17
      3386.91  3.15904e-16  2.49276e-17
      3389.65  2.38384e-16  2.44030e-17
      3392.40  2.26325e-16  2.94179e-17
      3395.15  2.14265e-16  1.71920e-16
      3397.90  2.02207e-16  2.35147e-17
      3400.65  1.38141e-16  3.76369e-17
      3403.39  2.68663e-16  2.80265e-17
      3406.14  2.69934e-16  2.25526e-17
      3408.89  1.91402e-16  2.32770e-17
      3411.64  1.80314e-16  2.45547e-17
      3414.39  1.90613e-16  2.69324e-17
      3417.13  1.37704e-16  4.82571e-17
      3419.88  2.24048e-16  2.15527e-17
      3422.63  1.72967e-16  2.34520e-17
      3425.38  7.91433e-17  4.22487e-17
      3428.13  1.14425e-16  2.26704e-17
      3430.87  2.03052e-16  2.16250e-17
      3433.62  1.46180e-16  2.23770e-17
      3436.37  1.66839e-16  2.07862e-17
      3439.12  1.73032e-16  3.04927e-17
      3441.87  1.64043e-16  3.09198e-17
      3444.61  1.54720e-16  2.02471e-17
      3447.36  1.67359e-16  1.99668e-17
      3450.11  1.39040e-16  1.95227e-17
      3452.86  1.33981e-16  1.97798e-17
      3455.61  1.09139e-16  3.69701e-17
      3458.35  1.49008e-16  2.09159e-17
      3461.10  1.58314e-16  1.94743e-17
      3463.85  1.29059e-16  1.90664e-17
      3466.60  9.67714e-17  2.06354e-17
      3469.35  1.40187e-16  2.07650e-17
      3472.09  1.41037e-16  2.19479e-17
      3474.84  1.15401e-16  1.96995e-17
      3477.59  1.57115e-16  1.96206e-17
      3480.34  1.60358e-16  1.90889e-17
      3483.09  9.47004e-17  1.84282e-17
      3485.84  1.35483e-16  1.87736e-17
      3488.58  1.27629e-16  1.83120e-17
      3491.33  1.24531e-16  1.82463e-17
      3494.08  1.51916e-16  1.90065e-17
      3496.83  1.73334e-16  2.25143e-17
      3499.58  1.54239e-16  1.96666e-17
      3502.33  1.43856e-16  2.22329e-17
      3505.07  1.21736e-16  2.07015e-17
      3507.82  1.71029e-16  1.89438e-17
      3510.57  9.81873e-17  2.22465e-17
      3513.32  1.25980e-16  1.92351e-17
      3516.07  1.46484e-16  1.95173e-17
      3518.81  1.10306e-16  1.85536e-17
      3521.56  1.39926e-16  2.06500e-17
      3524.31  1.32324e-16  1.85523e-17
      3527.06  1.57819e-16  1.89918e-17
      3529.81  1.37923e-16  1.93351e-17
      3532.56  1.99529e-16  2.12058e-17
      3535.30  1.61948e-16  1.88165e-17
      3538.05  1.63861e-16  1.86455e-17
      3540.80  1.14392e-16  4.08302e-17
      3543.55  1.44969e-16  1.80330e-17
      3546.30  1.72680e-16  1.87107e-17
      3549.05  1.80750e-16  2.02578e-17
      3551.80  2.04454e-16  2.46330e-17
      3554.54  1.99783e-16  1.91297e-17
      3557.29  1.97390e-16  1.94681e-17
      3560.04  1.81419e-16  2.82532e-17
      3562.79  1.65447e-16  1.82378e-17
      3565.54  1.89024e-16  1.85692e-17
      3568.29  1.81038e-16  1.91882e-17
      3571.03  1.62869e-16  1.85247e-17
      3573.78  1.44669e-16  1.75868e-17
      3576.53  1.58670e-16  1.78518e-17
      3579.28  1.72125e-16  2.05382e-17
      3582.03  1.54589e-16  1.84804e-17
      3584.78  1.53869e-16  1.80550e-17
      3587.52  1.79340e-16  2.00610e-17
      3590.27  1.72715e-16  2.15305e-17
      3593.02  1.49461e-16  1.94980e-17
      3595.77  1.44037e-16  1.89697e-17
      3598.52  1.67329e-16  1.90699e-17
      3601.27  1.43225e-16  1.74100e-17
      3604.02  2.09496e-16  1.81252e-17
      3606.76  1.56921e-16  1.91652e-17
      3609.51  2.01584e-16  2.21658e-17
      3612.26  1.78336e-16  2.02456e-17
      3615.01  2.10224e-16  2.22792e-17
      3617.76  1.83196e-16  2.28227e-17
      3620.51  1.82147e-16  1.94707e-17
      3623.26  1.93294e-16  1.94536e-17
      3626.00  2.11221e-16  1.80607e-17
      3628.75  1.73719e-16  2.08817e-17
      3631.50  1.65537e-16  2.06809e-17
      3634.25  1.95167e-16  1.78875e-17
      3637.00  1.58368e-16  3.78016e-17
      3639.75  1.76186e-16  1.83280e-17
      3642.50  2.12372e-16  1.81518e-17
      3645.24  2.14968e-16  1.97494e-17
      3647.99  1.89680e-16  2.11692e-17
      3650.74  2.21890e-16  2.06964e-17
      3653.49  2.11880e-16  2.01134e-17
      3656.24  1.73335e-16  1.83397e-17
      3658.99  2.11784e-16  2.81250e-17
      3661.74  2.14855e-16  1.76200e-17
      3664.48  1.42773e-16  1.71755e-17
      3667.23  1.74104e-16  1.65841e-17
      3669.98  2.15638e-16  2.31881e-17
      3672.73  2.38948e-16  1.99085e-17
      3675.48  1.77418e-16  1.71734e-17
      3678.23  2.33567e-16  3.30283e-17
      3680.98  2.09366e-16  3.81777e-17
      3683.73  1.66212e-16  1.70135e-17
      3686.47  2.11295e-16  1.76824e-17
      3689.22  2.00307e-16  2.09838e-17
      3691.97  2.55017e-16  1.73096e-17
      3694.72  2.14643e-16  1.66895e-17
      3697.47  2.07932e-16  1.68718e-17
      3700.22  1.93422e-16  1.78146e-17
      3702.97  1.88888e-16  2.93587e-17
      3705.71  1.99682e-16  1.95327e-16
      3708.46  2.10475e-16  2.07767e-17
      3711.21  2.21268e-16  2.04756e-17
      3713.96  2.32062e-16  1.62883e-17
      3716.71  2.61987e-16  1.67881e-17
      3719.46  2.14237e-16  1.57910e-17
      3722.21  2.26419e-16  1.60738e-17
      3724.96  2.51854e-16  1.69976e-17
      3727.70  2.47735e-16  1.65158e-17
      3730.45  2.49839e-16  1.61336e-17
      3733.20  2.84456e-16  1.68299e-17
      3735.95  2.82366e-16  1.72685e-17
      3738.70  3.11595e-16  2.12947e-17
      3741.45  2.73289e-16  1.62868e-17
      3744.20  2.92007e-16  1.72701e-17
      3746.95  2.83497e-16  1.67197e-17
      3749.69  2.49470e-16  1.65592e-17
      3752.44  2.90849e-16  1.66370e-17
      3755.19  2.99744e-16  1.63968e-17
      3757.94  2.52106e-16  2.19600e-17
      3760.69  2.88220e-16  2.93935e-17
      3763.44  3.25257e-16  1.61296e-17
      3766.19  3.01462e-16  2.80611e-17
      3768.94  3.12614e-16  1.64789e-17
      3771.68  2.97598e-16  2.11843e-17
      3774.43  3.13300e-16  1.81538e-17
      3777.18  3.13833e-16  1.57637e-17
      3779.93  3.28165e-16  1.70418e-17
      3782.68  3.22379e-16  1.61865e-17
      3785.43  2.74215e-16  4.57502e-17
      3788.18  3.31546e-16  1.62776e-17
      3790.93  3.45503e-16  1.71554e-17
      3793.67  3.39186e-16  2.27567e-17
      3796.42  3.64273e-16  1.62273e-17
      3799.17  3.17209e-16  1.94496e-17
      3801.92  3.30501e-16  1.53391e-17
      3804.67  3.24360e-16  1.50926e-17
      3807.42  3.73144e-16  1.70834e-17
      3810.17  3.40305e-16  1.55847e-17
      3812.92  3.40770e-16  1.60908e-17
      3815.67  3.77472e-16  1.68049e-17
      3818.41  3.59950e-16  1.54458e-17
      3821.16  3.46739e-16  1.56484e-17
      3823.91  3.25034e-16  1.53225e-17
      3826.66  3.25376e-16  1.51441e-17
      3829.41  3.44971e-16  1.51622e-17
      3832.16  3.41126e-16  1.52138e-17
      3834.91  3.44674e-16  1.73016e-17
      3837.66  3.30769e-16  1.73739e-17
      3840.40  3.50143e-16  1.46972e-17
      3843.15  3.38184e-16  1.48925e-17
      3845.90  3.50348e-16  1.48033e-17
      3848.65  3.35547e-16  1.44837e-17
      3851.40  3.72063e-16  1.76060e-17
      3854.15  3.16709e-16  1.47861e-17
      3856.90  2.72418e-16  2.07925e-17
      3859.65  3.34249e-16  1.41546e-17
      3862.39  3.85505e-16  1.51321e-17
      3865.14  3.64287e-16  1.70358e-17
      3867.89  3.72011e-16  1.48761e-17
      3870.64  3.07267e-16  1.78696e-17
      3873.39  3.90360e-16  1.49586e-17
      3876.14  3.09032e-16  3.42365e-17
      3878.89  3.46157e-16  1.40265e-17
      3881.64  3.76181e-16  1.43137e-17
      3884.39  2.70791e-16  2.56409e-17
      3887.13  3.32411e-16  1.38763e-17
      3889.88  3.42576e-16  1.42666e-17
      3892.63  3.33690e-16  1.36926e-17
      3895.38  3.15085e-16  1.33029e-17
      3898.13  3.25532e-16  1.36025e-17
      3900.88  3.22290e-16  1.36574e-17
      3903.63  3.19469e-16  1.39438e-17
      3906.38  3.33439e-16  1.33396e-17
      3909.12  3.25071e-16  1.32283e-17
      3911.87  2.88275e-16  1.29130e-17
      3914.62  2.98035e-16  1.33315e-17
      3917.37  3.11952e-16  1.30915e-17
      3920.12  2.95977e-16  1.34242e-17
      3922.87  2.83175e-16  2.82395e-17
      3925.62  2.70373e-16  1.30573e-17
      3928.37  2.57571e-16  1.32618e-17
      3931.11  2.44769e-16  1.21761e-17
      3933.86  2.24304e-16  1.44207e-17
      3936.61  2.44846e-16  1.19999e-17
      3939.36  2.19996e-16  1.22663e-17
      3942.11  2.33213e-16  1.27088e-17
      3944.86  2.29798e-16  1.35335e-17
      3947.61  2.07660e-16  1.16123e-17
      3950.36  2.01659e-16  1.10702e-17
      3953.10  1.94775e-16  1.09201e-17
      3955.85  1.84359e-16  1.12381e-17
      3958.60  1.90191e-16  1.10014e-17
      3961.35  1.92253e-16  1.12765e-17
      3964.10  2.10767e-16  1.11907e-17
      3966.85  1.73918e-16  1.07600e-17
      3969.60  1.89047e-16  1.07885e-17
      3972.35  1.81242e-16  1.12135e-17
      3975.09  1.79256e-16  1.35948e-17
      3977.84  1.73195e-16  1.19870e-17
      3980.59  1.62836e-16  1.59729e-17
      3983.34  1.86247e-16  1.38294e-17
      3986.09  1.99887e-16  1.04631e-17
      3988.84  2.13528e-16  2.33955e-17
      3991.59  2.27167e-16  1.32539e-17
      3994.34  1.80131e-16  1.24347e-17
      3997.08  2.04736e-16  1.48025e-17
      3999.83  1.77001e-16  1.05913e-17
      4002.58  1.62533e-16  1.26094e-17
      4005.33  1.55877e-16  1.05649e-17
      4008.08  1.55839e-16  1.02843e-17
      4010.83  1.71516e-16  1.05181e-17
      4013.58  1.57284e-16  1.00658e-17
      4016.33  1.39316e-16  1.44342e-17
      4019.07  1.51751e-16  1.10197e-17
      4021.82  1.46037e-16  1.06959e-17
      4024.57  1.27608e-16  1.00784e-17
      4027.32  1.34121e-16  9.76424e-18
      4030.07  1.40636e-16  1.03677e-17
      4032.82  1.47150e-16  4.14203e-17
      4035.57  1.53664e-16  9.57648e-18
      4038.31  1.34420e-16  9.37591e-18
      4041.06  1.33512e-16  9.61270e-18
      4043.81  1.29662e-16  1.14598e-17
      4046.56  1.33450e-16  9.85996e-18
      4049.31  1.00369e-16  1.93114e-17
      4052.06  1.12749e-16  1.17925e-17
      4054.81  1.25130e-16  2.62335e-17
      4057.56  1.37509e-16  1.47729e-17
      4060.30  1.36424e-16  9.73336e-18
      4063.05  1.41810e-16  1.15503e-17
      4065.80  1.47195e-16  1.09653e-17
      4068.55  1.52581e-16  9.95510e-18
      4071.30  1.57967e-16  1.00872e-17
      4074.05  1.63732e-16  9.83384e-18
      4076.80  1.74224e-16  1.01365e-17
      4079.54  1.76956e-16  1.01010e-17
      4082.29  2.11370e-16  1.00446e-17
      4085.04  1.90058e-16  1.02926e-17
      4087.79  1.91115e-16  1.05348e-17
      4090.54  2.16952e-16  1.98345e-17
      4093.29  2.26234e-16  1.02399e-17
      4096.04  2.22812e-16  1.03236e-17
      4098.78  2.15019e-16  1.44475e-17
      4101.53  2.36600e-16  1.97273e-17
      4104.28  2.44089e-16  1.06178e-17
      4107.03  2.55088e-16  1.06230e-17
      4109.78  2.95513e-16  1.11682e-17
      4112.53  3.01947e-16  1.17855e-17
      4115.28  2.66980e-16  1.22520e-17
      4118.02  2.88817e-16  1.25803e-17
      4120.77  3.40564e-16  1.19610e-17
      4123.52  3.35440e-16  1.25950e-17
      4126.27  3.48576e-16  1.15862e-17
      4129.02  3.80106e-16  1.54014e-17
      4131.77  3.56003e-16  1.18971e-17
      4134.52  3.65054e-16  1.18731e-17
      4137.26  3.60535e-16  1.24922e-17
      4140.01  3.88322e-16  1.24236e-17
      4142.76  3.60069e-16  1.47471e-17
      4145.51  3.49286e-16  1.13952e-17
      4148.26  4.01206e-16  1.22698e-17
      4151.01  3.79515e-16  1.20165e-17
      4153.75  3.89022e-16  1.49481e-17
      4156.50  4.15559e-16  1.21823e-17
      4159.25  3.93637e-16  1.18061e-17
      4162.00  3.88212e-16  1.16033e-17
      4164.75  3.86547e-16  1.29404e-17
      4167.50  3.94569e-16  2.25294e-17
      4170.24  4.03763e-16  1.19179e-17
      4172.99  3.98574e-16  1.41708e-17
      4175.74  3.83169e-16  1.25423e-17
      4178.49  4.02542e-16  1.20438e-17
      4181.24  4.22922e-16  1.22709e-17
      4183.99  4.07227e-16  1.62116e-17
      4186.73  4.06892e-16  1.18144e-17
      4189.48  4.06551e-16  1.19638e-17
      4192.23  4.14812e-16  1.18154e-17
      4194.98  4.06552e-16  1.22601e-17
      4197.73  4.07621e-16  1.16261e-17
      4200.48  4.08690e-16  1.19577e-17
      4203.23  4.09758e-16  1.30968e-17
      4205.97  4.10827e-16  1.21902e-17
      4208.72  4.11895e-16  1.21865e-17
      4211.47  4.10758e-16  1.33304e-17
      4214.22  4.02073e-16  1.24317e-17
      4216.97  3.95284e-16  1.95982e-17
      4219.71  4.13595e-16  1.41930e-17
      4222.46  3.64022e-16  1.31534e-17
      4225.21  3.84653e-16  1.51426e-17
      4227.96  3.73193e-16  1.28089e-17
      4230.71  3.93172e-16  1.15057e-17
      4233.46  3.50909e-16  1.09346e-17
      4236.20  3.61036e-16  1.13569e-17
      4238.95  3.52418e-16  1.15397e-17
      4241.70  3.36459e-16  1.10159e-17
      4244.45  3.60148e-16  1.11838e-17
      4247.20  3.43238e-16  1.09696e-17
      4249.94  3.57865e-16  1.47770e-17
      4252.69  3.59438e-16  1.11353e-17
      4255.44  3.69907e-16  1.13373e-17
      4258.19  3.61048e-16  1.19079e-17
      4260.94  3.36245e-16  1.12531e-17
      4263.69  3.28039e-16  1.13640e-17
      4266.43  3.72952e-16  1.11952e-17
      4269.18  3.48298e-16  1.67753e-17
      4271.93  3.65873e-16  1.18440e-17
      4274.68  3.61222e-16  1.12299e-17
      4277.43  4.04108e-16  1.17370e-17
      4280.17  3.62455e-16  1.10842e-17
      4282.92  3.73876e-16  1.10626e-17
      4285.67  3.63637e-16  1.15679e-17
      4288.42  4.11376e-16  1.15172e-17
      4291.17  3.81223e-16  1.30780e-17
      4293.91  3.96710e-16  1.13173e-17
      4296.66  3.61426e-16  1.13608e-17
      4299.41  3.83501e-16  1.15945e-17
      4302.16  4.00930e-16  1.13056e-17
      4304.91  3.90230e-16  1.14786e-17
      4307.65  4.00566e-16  1.11810e-17
      4310.40  4.13614e-16  1.14395e-17
      4313.15  4.23397e-16  1.24511e-17
      4315.90  3.66720e-16  1.53859e-17
      4318.65  4.35219e-16  1.24103e-17
      4321.39  4.27338e-16  1.18756e-17
      4324.14  4.15388e-16  2.22670e-17
      4326.89  4.38878e-16  1.15098e-17
      4329.64  4.14791e-16  1.26667e-17
      4332.38  4.03560e-16  1.11501e-17
      4335.13  3.71885e-16  1.10704e-17
      4337.88  3.83287e-16  1.15193e-17
      4340.63  4.23583e-16  1.14522e-17
      4343.38  4.12723e-16  1.97736e-17
      4346.12  4.01866e-16  1.21641e-17
      4348.87  3.91006e-16  1.18905e-17
      4351.62  3.80148e-16  1.19199e-17
      4354.37  3.90685e-16  1.10571e-17
      4357.12  3.88545e-16  1.14669e-17
      4359.86  4.08049e-16  1.11819e-17
      4362.61  3.56458e-16  1.12257e-17
      4365.36  3.96190e-16  1.09054e-17
      4368.11  4.01082e-16  1.18062e-17
      4370.85  3.77430e-16  1.06524e-17
      4373.60  3.94942e-16  1.13179e-17
      4376.35  3.87232e-16  1.48343e-17
      4379.10  3.79521e-16  1.32942e-17
      4381.84  3.71811e-16  1.12273e-17
      4384.59  3.64098e-16  1.06698e-17
      4387.34  3.71322e-16  1.07203e-17
      4390.09  3.70215e-16  1.05372e-17
      4392.83  3.65038e-16  1.15282e-17
      4395.58  3.64757e-16  1.05368e-17
      4398.33  3.40422e-16  1.05279e-17
      4401.08  3.69546e-16  1.04890e-17
      4403.83  3.71356e-16  1.04658e-17
      4406.57  3.68344e-16  1.07862e-17
      4409.32  3.50456e-16  1.04909e-17
      4412.07  3.69349e-16  1.09753e-17
      4414.82  3.54135e-16  1.03698e-17
      4417.56  3.37996e-16  1.11863e-17
      4420.31  3.33912e-16  1.07661e-17
      4423.06  3.35333e-16  1.15077e-17
      4425.81  3.49219e-16  1.12042e-17
      4428.55  3.64432e-16  1.02142e-17
      4431.30  3.74819e-16  1.10036e-17
      4434.05  3.77117e-16  1.06159e-17
      4436.79  3.72083e-16  1.16794e-17
      4439.54  3.93226e-16  1.16791e-17
      4442.29  3.88141e-16  1.05720e-17
      4445.04  3.58182e-16  1.04191e-17
      4447.78  3.72013e-16  1.13594e-17
      4450.53  3.43388e-16  1.08436e-17
      4453.28  3.60051e-16  1.01567e-17
      4456.03  3.56234e-16  1.04742e-17
      4458.77  3.50858e-16  1.00108e-17
      4461.52  3.39595e-16  1.02947e-17
      4464.27  3.46479e-16  1.06966e-17
      4467.02  3.50519e-16  1.00527e-17
      4469.76  3.46619e-16  1.00250e-17
      4472.51  3.16112e-16  1.00816e-17
      4475.26  3.50948e-16  1.11967e-17
      4478.00  3.32784e-16  9.96989e-18
      4480.75  3.46850e-16  9.88681e-18
      4483.50  3.38341e-16  9.88557e-18
      4486.25  3.14334e-16  9.56609e-18
      4488.99  3.26431e-16  1.01635e-17
      4491.74  3.12601e-16  9.59828e-18
      4494.49  3.24806e-16  1.01972e-17
      4497.23  2.97794e-16  9.79929e-18
      4499.98  2.80313e-16  9.64209e-18
      4502.73  2.85873e-16  9.81667e-18
      4505.48  2.92077e-16  9.92341e-18
      4508.22  2.93594e-16  1.15546e-17
      4510.97  2.75027e-16  1.11687e-17
      4513.72  2.82207e-16  9.32350e-18
      4516.46  2.65060e-16  1.04749e-17
      4519.21  2.79016e-16  9.14144e-18
      4521.96  2.59325e-16  9.20689e-18
      4524.70  2.83683e-16  1.16039e-17
      4527.45  2.63301e-16  9.81471e-18
      4530.20  2.79997e-16  9.13933e-18
      4532.94  2.73550e-16  9.29298e-18
      4535.69  2.65252e-16  9.23344e-18
      4538.44  2.60555e-16  9.03941e-18
      4541.19  2.81432e-16  9.99847e-18
      4543.93  2.42508e-16  1.59528e-17
      4546.68  2.51059e-16  1.06085e-17
      4549.43  2.61598e-16  9.09382e-18
      4552.17  2.65962e-16  9.15032e-18
      4554.92  2.37417e-16  8.72288e-18
      4557.67  2.35415e-16  8.71582e-18
      4560.41  2.49793e-16  1.07940e-17
      4563.16  2.25688e-16  8.46882e-18
      4565.91  2.37836e-16  8.66447e-18
      4568.65  2.27606e-16  9.11655e-18
      4571.40  2.01340e-16  8.99238e-18
      4574.15  2.18155e-16  8.41662e-18
      4576.89  2.22097e-16  9.39489e-18
      4579.64  2.26039e-16  9.74050e-18
      4582.39  2.29981e-16  8.94053e-18
      4585.13  2.33924e-16  9.14647e-18
      4587.88  2.27398e-16  8.63090e-18
      4590.63  2.20453e-16  8.98115e-18
      4593.37  2.16309e-16  9.58751e-18
      4596.12  2.28161e-16  8.61874e-18
      4598.86  2.26932e-16  8.60285e-18
      4601.61  2.07512e-16  8.43302e-18
      4604.36  2.29942e-16  8.75272e-18
      4607.10  2.15934e-16  8.78626e-18
      4609.85  1.87376e-16  1.02633e-17
      4612.60  2.10267e-16  8.32465e-18
      4615.34  2.42516e-16  8.96225e-18
      4618.09  2.36642e-16  8.75778e-18
      4620.84  2.30454e-16  8.60545e-18
      4623.58  2.20266e-16  9.62097e-18
      4626.33  2.50800e-16  1.02210e-17
      4629.08  2.47088e-16  9.65179e-18
      4631.82  2.42940e-16  8.91306e-18
      4634.57  2.46497e-16  9.26387e-18
      4637.31  2.24791e-16  8.79527e-18
      4640.06  2.37492e-16  9.45782e-18
      4642.81  2.45142e-16  1.04093e-17
      4645.55  2.44045e-16  9.48385e-18
      4648.30  2.30968e-16  1.01445e-17
      4651.04  2.31522e-16  9.07426e-18
      4653.79  2.55542e-16  8.82384e-18
      4656.54  2.27346e-16  8.62701e-18
      4659.28  2.27018e-16  9.10257e-18
      4662.03  2.54633e-16  8.82503e-18
      4664.78  2.47649e-16  8.69471e-18
      4667.52  2.44555e-16  8.99622e-18
      4670.27  2.54812e-16  2.46113e-17
      4673.01  2.37592e-16  9.32494e-18
      4675.76  2.45448e-16  8.97379e-18
      4678.51  2.66326e-16  8.90802e-18
      4681.25  2.71751e-16  9.05220e-18
      4684.00  2.59481e-16  9.17512e-18
      4686.74  2.78094e-16  1.00499e-17
      4689.49  2.74979e-16  9.12041e-18
      4692.23  2.73914e-16  1.07292e-17
      4694.98  2.74732e-16  9.58999e-18
      4697.73  2.52406e-16  8.87316e-18
      4700.47  2.58497e-16  8.87330e-18
      4703.22  2.51745e-16  9.26921e-18
      4705.96  2.76346e-16  9.94782e-18
      4708.71  2.62892e-16  9.07820e-18
      4711.46  2.65537e-16  9.06006e-18
      4714.20  2.69492e-16  9.14719e-18
      4716.95  2.72858e-16  9.44589e-18
      4719.69  2.78819e-16  9.36101e-18
      4722.44  2.72943e-16  9.12634e-18
      4725.18  2.69847e-16  9.48309e-18
      4727.93  2.85303e-16  9.29746e-18
      4730.67  2.65724e-16  8.99067e-18
      4733.42  2.70165e-16  9.40123e-18
      4736.17  2.73402e-16  1.03741e-17
      4738.91  2.99246e-16  1.10637e-17
      4741.66  2.86110e-16  9.12799e-18
      4744.40  2.79107e-16  9.44857e-18
      4747.15  3.00652e-16  9.44299e-18
      4749.89  2.98077e-16  9.41435e-18
      4752.64  2.85929e-16  9.23444e-18
      4755.38  2.75414e-16  9.29173e-18
      4758.13  2.93140e-16  1.02545e-17
      4760.88  3.28803e-16  9.99050e-18
      4763.62  2.95788e-16  9.58143e-18
      4766.37  3.03041e-16  9.66130e-18
      4769.11  3.05609e-16  1.01281e-17
      4771.86  3.03145e-16  1.10884e-17
      4774.60  2.97927e-16  9.36624e-18
      4777.35  2.83647e-16  9.20818e-18
      4780.09  3.09619e-16  1.05344e-17
      4782.84  2.73564e-16  2.04249e-17
      4785.58  3.04908e-16  1.11372e-17
      4788.33  2.94611e-16  1.05919e-17
      4791.07  3.07879e-16  9.67965e-18
      4793.82  3.09528e-16  9.42908e-18
      4796.56  3.10073e-16  9.53521e-18
      4799.31  3.27208e-16  1.13317e-17
      4802.05  3.16363e-16  9.59797e-18
      4804.80  3.26060e-16  9.80367e-18
      4807.54  3.06099e-16  9.49869e-18
      4810.29  3.16402e-16  9.53164e-18
      4813.03  2.88458e-16  1.41184e-17
      4815.78  3.17245e-16  9.54292e-18
      4818.52  3.17896e-16  9.90032e-18
      4821.27  2.70965e-16  1.13473e-17
      4824.01  3.00659e-16  1.06631e-17
      4826.76  3.08683e-16  1.13742e-17
      4829.50  2.94613e-16  1.10249e-17
      4832.25  3.08101e-16  9.54743e-18
      4834.99  3.14210e-16  9.48484e-18
      4837.74  2.91903e-16  9.17389e-18
      4840.48  2.84320e-16  9.30415e-18
      4843.23  3.10830e-16  9.47111e-18
      4845.97  2.85062e-16  1.19731e-17
      4848.71  2.83924e-16  9.45675e-18
      4851.46  2.93981e-16  9.64473e-18
      4854.20  3.01548e-16  9.99128e-18
      4856.95  2.81689e-16  9.19252e-18
      4859.69  2.90751e-16  9.35320e-18
      4862.44  3.03312e-16  9.72350e-18
      4865.18  2.66998e-16  1.41757e-17
      4867.93  2.90683e-16  9.96686e-18
      4870.67  2.99250e-16  9.47895e-18
      4873.42  2.82820e-16  9.13036e-18
      4876.16  2.78476e-16  9.17236e-18
      4878.90  2.92722e-16  9.21289e-18
      4881.65  3.08155e-16  9.62274e-18
      4884.39  2.64899e-16  9.08486e-18
      4887.14  3.03132e-16  9.26508e-18
      4889.88  3.06652e-16  9.28627e-18
      4892.63  2.96385e-16  9.10551e-18
      4895.37  2.90422e-16  1.07528e-17
      4898.11  2.84459e-16  1.06406e-17
      4900.86  2.78496e-16  1.12384e-17
      4903.60  2.72532e-16  9.31051e-18
      4906.35  2.66568e-16  1.62150e-17
      4909.09  3.09049e-16  9.22198e-18
      4911.84  3.00043e-16  9.18185e-18
      4914.58  2.96849e-16  9.20255e-18
      4917.32  3.11813e-16  9.27851e-18
      4920.07  2.88435e-16  9.25911e-18
      4922.81  2.85787e-16  9.00000e-18
      4925.56  2.94078e-16  9.13307e-18
      4928.30  3.03605e-16  9.37190e-18
      4931.04  2.96004e-16  9.38731e-18
      4933.79  2.75337e-16  9.12722e-18
      4936.53  2.89620e-16  8.90514e-18
      4939.28  2.47699e-16  8.75944e-18
      4942.02  2.57285e-16  1.00031e-17
      4944.76  2.68131e-16  2.17172e-17
      4947.51  2.49914e-16  8.56084e-18
      4950.25  2.48772e-16  8.67604e-18
      4952.99  2.67939e-16  8.76126e-18
      4955.74  2.56194e-16  8.76596e-18
      4958.48  2.52662e-16  1.02393e-17
      4961.23  2.46944e-16  8.40086e-18
      4963.97  2.36986e-16  8.53323e-18
      4966.71  2.32389e-16  8.43880e-18
      4969.46  2.45186e-16  9.11008e-18
      4972.20  2.29599e-16  1.23609e-17
      4974.94  2.50063e-16  8.48939e-18
      4977.69  2.39399e-16  8.40994e-18
      4980.43  2.47319e-16  8.38968e-18
      4983.17  2.65261e-16  8.71041e-18
      4985.92  2.51845e-16  9.54500e-18
      4988.66  2.28741e-16  1.00439e-17
      4991.40  2.44042e-16  8.90526e-18
      4994.15  2.25741e-16  8.61063e-18
      4996.89  2.61346e-16  8.80896e-18
      4999.63  2.46383e-16  9.53599e-18
      5002.38  2.33072e-16  8.25466e-18
      5005.12  2.41422e-16  8.30857e-18
      5007.86  2.55756e-16  8.85536e-18
      5010.61  2.52034e-16  8.54439e-18
      5013.35  2.40446e-16  8.26298e-18
      5016.09  2.41505e-16  8.63445e-18
      5018.84  2.43906e-16  8.68246e-18
      5021.58  2.19258e-16  8.02219e-18
      5024.32  2.29040e-16  8.47245e-18
      5027.07  2.16229e-16  8.41971e-18
      5029.81  2.07130e-16  7.87718e-18
      5032.55  2.34937e-16  8.79949e-18
      5035.29  2.31479e-16  8.26552e-18
      5038.04  2.19582e-16  8.12298e-18
      5040.78  2.09643e-16  9.02244e-18
      5043.52  2.31690e-16  8.30114e-18
      5046.27  2.30318e-16  9.69521e-18
      5049.01  2.03083e-16  9.08995e-18
      5051.75  2.34289e-16  9.69087e-18
      5054.49  2.15365e-16  8.29708e-18
      5057.24  2.07341e-16  8.11052e-18
      5059.98  2.05427e-16  9.10307e-18
      5062.72  2.17688e-16  8.08801e-18
      5065.46  1.88415e-16  7.86208e-18
      5068.21  1.90777e-16  7.73310e-18
      5070.95  2.04909e-16  1.49181e-17
      5073.69  2.03408e-16  9.42404e-18
      5076.44  1.91396e-16  7.71562e-18
      5079.18  2.01666e-16  7.96345e-18
      5081.92  1.96144e-16  7.93347e-18
      5084.66  2.02634e-16  7.71705e-18
      5087.40  2.01607e-16  8.93828e-18
      5090.15  2.21228e-16  8.20532e-18
      5092.89  1.94416e-16  1.69774e-17
      5095.63  2.18629e-16  8.21851e-18
      5098.37  2.14380e-16  7.87743e-18
      5101.12  1.98998e-16  7.81403e-18
      5103.86  2.07329e-16  8.09038e-18
      5106.60  2.09045e-16  8.76266e-18
      5109.34  1.76235e-16  1.64182e-17
      5112.08  1.99906e-16  7.75550e-18
      5114.83  2.07515e-16  7.68649e-18
      5117.57  2.15515e-16  8.42865e-18
      5120.31  2.01102e-16  7.78219e-18
      5123.05  2.04298e-16  8.16189e-18
      5125.80  2.00401e-16  8.10146e-18
      5128.54  1.95574e-16  7.65430e-18
      5131.28  1.89728e-16  7.84050e-18
      5134.02  1.98422e-16  7.92413e-18
      5136.76  1.72017e-16  8.27604e-18
      5139.50  1.92130e-16  7.84524e-18
      5142.25  1.95593e-16  7.55518e-18
      5144.99  1.76538e-16  7.54847e-18
      5147.73  1.85957e-16  7.66970e-18
      5150.47  1.79539e-16  7.49598e-18
      5153.21  1.74341e-16  7.38467e-18
      5155.96  1.39922e-16  1.05467e-17
      5158.70  1.51567e-16  1.25306e-17
      5161.44  1.63225e-16  8.63004e-18
      5164.18  1.63574e-16  7.80500e-18
      5166.92  1.66005e-16  7.32203e-18
      5169.66  1.79583e-16  8.53462e-18
      5172.40  1.74719e-16  7.93695e-18
      5175.15  1.61838e-16  7.23842e-18
      5177.89  1.51044e-16  7.20043e-18
      5180.63  1.74858e-16  9.18611e-18
      5183.37  1.85384e-16  7.51459e-18
      5186.11  1.41027e-16  1.55446e-17
      5188.85  1.70432e-16  7.48539e-18
      5191.59  1.69119e-16  8.28000e-18
      5194.34  1.76647e-16  7.36421e-18
      5197.08  1.63477e-16  7.40314e-18
      5199.82  1.70297e-16  1.15217e-17
      5202.56  1.60177e-16  7.21282e-18
      5205.30  1.95011e-16  7.84239e-18
      5208.04  1.66958e-16  7.35922e-18
      5210.78  1.81811e-16  9.65952e-18
      5213.52  1.91739e-16  7.71247e-18
      5216.26  1.98636e-16  7.79880e-18
      5219.01  1.91701e-16  7.82714e-18
      5221.75  2.18976e-16  8.40093e-18
      5224.49  1.90735e-16  9.21058e-18
      5227.23  1.97036e-16  8.84091e-18
      5229.97  1.96710e-16  9.93439e-18
      5232.71  1.96141e-16  8.03373e-18
      5235.45  2.06202e-16  8.35088e-18
      5238.19  2.05575e-16  7.78905e-18
      5240.93  1.85922e-16  7.61545e-18
      5243.67  1.89244e-16  8.50384e-18
      5246.41  2.08505e-16  8.84786e-18
      5249.15  1.98458e-16  7.71389e-18
      5251.89  1.82162e-16  7.98798e-18
      5254.63  1.89499e-16  7.73358e-18
      5257.38  1.86668e-16  8.12966e-18
      5260.12  1.85733e-16  7.88312e-18
      5262.86  1.88217e-16  9.15704e-18
      5265.60  1.90788e-16  7.61949e-18
      5268.34  1.87051e-16  7.58382e-18
      5271.08  1.73671e-16  7.90068e-18
      5273.82  1.91847e-16  7.65695e-18
      5276.56  1.73975e-16  7.64614e-18
      5279.30  1.55076e-16  7.77169e-18
      5282.04  1.53249e-16  8.46410e-18
      5284.78  1.69203e-16  7.61262e-18
      5287.52  1.57233e-16  7.66199e-18
      5290.26  1.72987e-16  8.07337e-18
      5293.00  1.72742e-16  8.02011e-18
      5295.74  1.57967e-16  7.67094e-18
      5298.48  1.58595e-16  7.37097e-18
      5301.22  1.70252e-16  7.65135e-18
      5303.96  1.54130e-16  7.67056e-18
      5306.70  1.77560e-16  7.79375e-18
      5309.44  1.63596e-16  7.59278e-18
      5312.18  1.54792e-16  7.79029e-18
      5314.92  1.67576e-16  7.59462e-18
      5317.66  1.48908e-16  7.21045e-18
      5320.40  1.71289e-16  7.70951e-18
      5323.14  1.56201e-16  7.46389e-18
      5325.88  1.61307e-16  7.73900e-18
      5328.62  1.81087e-16  7.64594e-18
      5331.36  1.60799e-16  7.41208e-18
      5334.10  1.65903e-16  7.51067e-18
      5336.84  1.67824e-16  7.45117e-18
      5339.58  1.37064e-16  1.15809e-17
      5342.31  1.81057e-16  8.69263e-18
      5345.05  1.73498e-16  7.63496e-18
      5347.79  1.80613e-16  7.62017e-18
      5350.53  1.68335e-16  7.54889e-18
      5353.27  1.61340e-16  1.39682e-17
      5356.01  1.93668e-16  7.94607e-18
      5358.75  1.98430e-16  7.98508e-18
      5361.49  1.72683e-16  7.83780e-18
      5364.23  1.79008e-16  7.85557e-18
      5366.97  1.82157e-16  7.78639e-18
      5369.71  1.72735e-16  7.56143e-18
      5372.45  1.85581e-16  8.01488e-18
      5375.19  1.91451e-16  7.78585e-18
      5377.92  2.00218e-16  8.22228e-18
      5380.66  1.94205e-16  8.67477e-18
      5383.40  1.90260e-16  8.72151e-18
      5386.14  2.00711e-16  9.12707e-18
      5388.88  1.96947e-16  8.56072e-18
      5391.62  2.05954e-16  7.95622e-18
      5394.36  1.96488e-16  7.92483e-18
      5397.10  1.72852e-16  8.03919e-18
      5399.84  2.12521e-16  8.18360e-18
      5402.57  2.09575e-16  9.64586e-18
      5405.31  2.14030e-16  9.13877e-18
      5408.05  2.11054e-16  8.48080e-18
      5410.79  2.24895e-16  8.38484e-18
      5413.53  2.32742e-16  8.29062e-18
      5416.27  2.02102e-16  8.20361e-18
      5419.01  2.48128e-16  8.54375e-18
      5421.74  2.27833e-16  8.84999e-18
      5424.48  1.89924e-16  1.96874e-17
      5427.22  2.29498e-16  8.57850e-18
      5429.96  2.24381e-16  8.70774e-18
      5432.70  2.20817e-16  8.67248e-18
      5435.44  2.07796e-16  8.83155e-18
      5438.17  2.50742e-16  8.76119e-18
      5440.91  2.57241e-16  8.88849e-18
      5443.65  2.45722e-16  9.73064e-18
      5446.39  2.50754e-16  9.99110e-18
      5449.13  2.09654e-16  1.01514e-17
      5451.86  2.47713e-16  8.87164e-18
      5454.60  2.26015e-16  8.47297e-18
      5457.34  2.32300e-16  8.45185e-18
      5460.08  2.31843e-16  8.54810e-18
      5462.82  2.36407e-16  8.74608e-18
      5465.55  2.37599e-16  8.68634e-18
      5468.29  2.32297e-16  8.38505e-18
      5471.03  1.97597e-16  9.96356e-18
      5473.77  2.29570e-16  8.58081e-18
      5476.50  2.16738e-16  8.42243e-18
      5479.24  2.25433e-16  8.47342e-18
      5481.98  2.35597e-16  9.79890e-18
      5484.72  2.28930e-16  2.91258e-17
      5487.46  2.22263e-16  1.01261e-17
      5490.19  2.34677e-16  9.51992e-18
      5492.93  2.43041e-16  9.00943e-18
      5495.67  2.12669e-16  1.01566e-17
      5498.41  2.04817e-16  8.91096e-18
      5501.14  2.29630e-16  9.53597e-18
      5503.88  2.03911e-16  9.31711e-18
      5506.62  2.19911e-16  8.76792e-18
      5509.35  2.12068e-16  8.80675e-18
      5512.09  2.13430e-16  8.78700e-18
      5514.83  1.98341e-16  8.59267e-18
      5517.57  2.34459e-16  8.56060e-18
      5520.30  2.19390e-16  8.33302e-18
      5523.04  2.11726e-16  8.30471e-18
      5525.78  1.97688e-16  1.47141e-17
      5528.51  2.40712e-16  8.57635e-18
      5531.25  2.34271e-16  8.70622e-18
      5533.99  2.16827e-16  8.28626e-18
      5536.72  2.10842e-16  8.36387e-18
      5539.46  2.25092e-16  8.33915e-18
      5542.20  2.26694e-16  8.92287e-18
      5544.94  2.16881e-16  8.52005e-18
      5547.67  2.34619e-16  8.75099e-18
      5550.41  2.23892e-16  8.60171e-18
      5553.15  2.06556e-16  8.70768e-18
      5555.88  2.53541e-16  2.90226e-17
      5558.62  2.20257e-16  8.25375e-18
      5561.35  2.04649e-16  8.27688e-18
      5564.09  2.27734e-16  9.27318e-18
      5566.83  2.09890e-16  8.39358e-18
      5569.56  1.91914e-16  8.41136e-18
      5572.30  1.93239e-16  8.33464e-18
      5575.04  2.06467e-16  8.45035e-18
      5577.77  1.73528e-16  8.43939e-18
      5580.51  1.88651e-16  7.82719e-18
      5583.25  1.82448e-16  8.07081e-18
      5585.98  1.79782e-16  8.21685e-18
      5588.72  1.75290e-16  7.92992e-18
      5591.45  1.80705e-16  8.44065e-18
      5594.19  1.52149e-16  7.57795e-18
      5596.93  1.58397e-16  7.71650e-18
      5599.66  1.40675e-16  1.48939e-17
      5602.40  1.63360e-16  7.67213e-18
      5605.13  1.49604e-16  7.60592e-18
      5607.87  1.65009e-16  9.94225e-18
      5610.60  1.57597e-16  9.48950e-18
      5613.34  1.45958e-16  7.49419e-18
      5616.08  1.33027e-16  7.22526e-18
      5618.81  1.46866e-16  7.62686e-18
      5621.55  1.52465e-16  7.71131e-18
      5624.28  1.39016e-16  7.47855e-18
      5627.02  1.48274e-16  7.84229e-18
      5629.75  1.47259e-16  8.73824e-18
      5632.49  1.46645e-16  8.11173e-18
      5635.22  1.20202e-16  8.68979e-18
      5637.96  1.64747e-16  1.31850e-17
      5640.70  1.47572e-16  7.65837e-18
      5643.43  1.34114e-16  7.72217e-18
      5646.17  1.38084e-16  7.57601e-18
      5648.90  1.63194e-16  9.75668e-18
      5651.64  1.44888e-16  8.53583e-18
      5654.37  1.57291e-16  9.04525e-18
      5657.11  1.63869e-16  8.30091e-18
      5659.84  1.38577e-16  7.84539e-18
      5662.58  1.56153e-16  8.05331e-18
      5665.31  1.54827e-16  8.29393e-18
      5668.05  1.57331e-16  7.88074e-18
      5670.78  1.28561e-16  7.32150e-18
      5673.52  1.52329e-16  7.80409e-18
      5676.25  1.43834e-16  7.71615e-18
      5678.99  1.38073e-16  7.95491e-18
      5681.72  1.30410e-16  7.65699e-18
      5684.45  1.54253e-16  8.32335e-18
      5687.19  1.44987e-16  8.10103e-18
      5689.92  1.22838e-16  1.27416e-17
      5692.66  1.49602e-16  1.09834e-17
      5695.39  1.45094e-16  8.12209e-18
      5698.13  1.51293e-16  7.86690e-18
      5700.86  2.36299e-16  1.41558e-17
