      2889.31 -1.41800e-14  3.97647e-15
      2892.06 -1.76258e-15  1.88413e-15
      2894.80 -2.38070e-15  1.57827e-15
      2897.55 -7.47222e-16  1.14479e-15
      2900.29  2.44650e-16  9.83526e-16
      2903.04  1.25474e-15  9.56990e-16
      2905.78  1.04640e-15  7.91738e-16
      2908.53  1.76286e-15  7.12362e-16
      2911.27  2.79850e-14  1.87344e-15
      2914.02  6.85219e-16  5.86655e-16
      2916.76  1.70732e-16  5.45019e-16
      2919.51  5.71597e-16  4.49673e-16
      2922.25  1.46763e-15  4.09517e-16
      2925.00  2.04626e-15  4.13287e-16
      2927.74 -4.34701e-16  4.41098e-16
      2930.49  7.36405e-16  2.99329e-16
      2933.23 -5.15471e-16  6.11476e-16
      2935.98  1.29854e-15  3.92764e-16
      2938.72 -1.69792e-15  1.22506e-15
      2941.47  8.90245e-16  1.78398e-16
      2944.21  7.70485e-16  1.71530e-16
      2946.96  1.04605e-15  1.63992e-16
      2949.70  8.75404e-16  1.62827e-16
      2952.45  1.08335e-15  1.21239e-16
      2955.20  1.09623e-15  1.18055e-16
      2957.94  1.01049e-15  1.07030e-16
      2960.69  6.98625e-16  1.65458e-16
      2963.43  8.82390e-16  9.51009e-17
      2966.18  1.14315e-15  9.20289e-17
      2968.92  1.22304e-15  8.80704e-17
      2971.67  1.09180e-15  8.43440e-17
      2974.41  1.00544e-15  8.49178e-17
      2977.16  1.34598e-15  8.05454e-17
      2979.90  1.06955e-15  7.54820e-17
      2982.65  1.09231e-15  7.63565e-17
      2985.39  1.65650e-15  9.12529e-17
      2988.14  1.29748e-15  1.14201e-16
      2990.89  1.32645e-15  7.83943e-17
      2993.63  1.36889e-15  8.16519e-17
      2996.38  1.43739e-15  8.69397e-17
      2999.12  1.29182e-15  7.21925e-17
      3001.87  1.29105e-15  8.00683e-17
      3004.61  1.50832e-15  8.22956e-17
      3007.36  1.70586e-15  2.23343e-16
      3010.11  1.55061e-15  7.41244e-17
      3012.85  1.39854e-15  8.43247e-17
      3015.60  1.77332e-15  9.05168e-17
      3018.34  1.69141e-15  2.28208e-16
      3021.09  1.60949e-15  7.61990e-17
      3023.83  1.69432e-15  7.68202e-17
      3026.58  1.65766e-15  7.00100e-17
      3029.33  1.65717e-15  6.77034e-17
      3032.07  1.55136e-15  6.63093e-17
      3034.82  1.68746e-15  6.89146e-17
      3037.56  1.61693e-15  6.71762e-17
      3040.31  1.50632e-15  8.71624e-17
      3043.06  1.45774e-15  6.42342e-17
      3045.80  1.45247e-15  6.37483e-17
      3048.55  1.37420e-15  5.93949e-17
      3051.29  1.27388e-15  5.99338e-17
      3054.04  1.26825e-15  5.71329e-17
      3056.79  1.29644e-15  5.64808e-17
      3059.53  1.25201e-15  5.62209e-17
      3062.28  1.08538e-15  5.27761e-17
      3065.02  1.24189e-15  5.43328e-17
      3067.77  1.19578e-15  5.41814e-17
      3070.52  1.19875e-15  5.29033e-17
      3073.26  1.12356e-15  5.35977e-17
      3076.01  1.11298e-15  5.06859e-17
      3078.76  1.18312e-15  5.41496e-17
      3081.50  1.10458e-15  5.68949e-17
      3084.25  1.10309e-15  4.80323e-17
      3086.99  1.22919e-15  5.09239e-17
      3089.74  1.04001e-15  6.30318e-17
      3092.49  1.16346e-15  5.26790e-17
      3095.23  1.17667e-15  6.85358e-17
      3097.98  1.30240e-15  8.89879e-17
      3100.73  1.32402e-15  5.00318e-17
      3103.47  1.25913e-15  5.10990e-17
      3106.22  1.27434e-15  5.92325e-17
      3108.96  1.29543e-15  5.56821e-17
      3111.71  1.12908e-15  5.45960e-17
      3114.46  1.38781e-15  5.26852e-17
      3117.20  1.32852e-15  1.01670e-16
      3119.95  1.28682e-15  5.04956e-17
      3122.70  1.36338e-15  4.93720e-17
      3125.44  1.35834e-15  5.01123e-17
      3128.19  1.35371e-15  5.44448e-17
      3130.94  1.45555e-15  6.26072e-17
      3133.68  1.38499e-15  4.97801e-17
      3136.43  1.43114e-15  5.43295e-17
      3139.18  1.41363e-15  5.21125e-17
      3141.92  1.39612e-15  2.20021e-16
      3144.67  1.37862e-15  1.06836e-16
      3147.42  1.36111e-15  4.80049e-17
      3150.16  1.40501e-15  5.37304e-17
      3152.91  1.40616e-15  5.00529e-17
      3155.66  1.47529e-15  5.43866e-17
      3158.40  1.45668e-15  4.92022e-17
      3161.15  1.51654e-15  5.71582e-17
      3163.90  1.67315e-15  7.67100e-17
      3166.64  1.66226e-15  4.71374e-17
      3169.39  1.65136e-15  5.03605e-17
      3172.14  1.64046e-15  4.93298e-17
      3174.88  1.62956e-15  4.87175e-17
      3177.63  1.61867e-15  5.06167e-17
      3180.38  1.60777e-15  5.65518e-17
      3183.12  1.53504e-15  5.19043e-17
      3185.87  1.55718e-15  5.32267e-17
      3188.62  1.57933e-15  7.15921e-17
      3191.36  1.60147e-15  4.73316e-17
      3194.11  1.61937e-15  4.64562e-17
      3196.86  1.72155e-15  4.87070e-17
      3199.60  1.66822e-15  4.71736e-17
      3202.35  1.73747e-15  4.79170e-17
      3205.10  1.71583e-15  4.73378e-17
      3207.85  1.69657e-15  4.58814e-17
      3210.59  1.71323e-15  4.80680e-17
      3213.34  1.74881e-15  4.65485e-17
      3216.09  1.72926e-15  4.93609e-17
      3218.83  1.79181e-15  4.73674e-17
      3221.58  1.77685e-15  4.73736e-17
      3224.33  1.77927e-15  4.68169e-17
      3227.08  1.78575e-15  5.30531e-17
      3229.82  1.71832e-15  4.51717e-17
      3232.57  1.82094e-15  4.57421e-17
      3235.32  1.77061e-15  4.54533e-17
      3238.06  1.83948e-15  4.61229e-17
      3240.81  1.83010e-15  7.28298e-17
      3243.56  1.85145e-15  4.68758e-17
      3246.31  1.75836e-15  4.44492e-17
      3249.05  1.76480e-15  4.51116e-17
      3251.80  1.74314e-15  4.55020e-17
      3254.55  1.65368e-15  4.41886e-17
      3257.29  1.67332e-15  4.60355e-17
      3260.04  1.70460e-15  4.33980e-17
      3262.79  1.56992e-15  4.15141e-17
      3265.54  1.56275e-15  4.26912e-17
      3268.28  1.54851e-15  4.47620e-17
      3271.03  1.53652e-15  4.20905e-17
      3273.78  1.56916e-15  4.47804e-17
      3276.53  1.53401e-15  4.35263e-17
      3279.27  1.48460e-15  4.08032e-17
      3282.02  1.43929e-15  4.08333e-17
      3284.77  1.42125e-15  4.23315e-17
      3287.51  1.36087e-15  4.00427e-17
      3290.26  1.42756e-15  3.87873e-17
      3293.01  1.28521e-15  3.73341e-17
      3295.76  1.26676e-15  3.99878e-17
      3298.50  1.31775e-15  3.78204e-17
      3301.25  1.21119e-15  3.68928e-17
      3304.00  1.13908e-15  3.68099e-17
      3306.75  1.12513e-15  3.56320e-17
      3309.49  1.12325e-15  3.52065e-17
      3312.24  1.08176e-15  3.51341e-17
      3314.99  1.07379e-15  3.52205e-17
      3317.74  1.08548e-15  3.78356e-17
      3320.48  1.12787e-15  3.89886e-17
      3323.23  9.82903e-16  3.41511e-17
      3325.98  9.38479e-16  4.39963e-17
      3328.73  9.47075e-16  3.47067e-17
      3331.48  9.55672e-16  3.30957e-17
      3334.22  9.64268e-16  3.43910e-17
      3336.97  9.03671e-16  3.39452e-17
      3339.72  9.47594e-16  3.23340e-17
      3342.47  9.12961e-16  3.22667e-17
      3345.21  9.51422e-16  3.28357e-17
      3347.96  9.62224e-16  3.47733e-17
      3350.71  9.73025e-16  1.96753e-16
      3353.46  9.83827e-16  3.17918e-17
      3356.20  9.94628e-16  3.33633e-17
      3358.95  9.48642e-16  4.21492e-17
      3361.70  9.45168e-16  3.23509e-17
      3364.45  1.02554e-15  3.49444e-17
      3367.20  1.01745e-15  3.12181e-17
      3369.94  1.00937e-15  3.16295e-17
      3372.69  1.00128e-15  3.21634e-17
      3375.44  1.02635e-15  3.21012e-17
      3378.19  1.01223e-15  3.21527e-17
      3380.93  1.02433e-15  3.23554e-17
      3383.68  1.09485e-15  3.23428e-17
      3386.43  1.13894e-15  3.40297e-17
      3389.18  1.17031e-15  3.90897e-17
      3391.93  1.20168e-15  1.65921e-16
      3394.67  1.23305e-15  4.29293e-17
      3397.42  1.26442e-15  4.42413e-17
      3400.17  1.29580e-15  3.98296e-17
      3402.92  1.32717e-15  3.33608e-17
      3405.66  1.35854e-15  3.36737e-17
      3408.41  1.40746e-15  3.42815e-17
      3411.16  1.37428e-15  3.64530e-17
      3413.91  1.32105e-15  5.15526e-17
      3416.66  1.30708e-15  3.38594e-17
      3419.40  1.29799e-15  3.71429e-17
      3422.15  1.28891e-15  5.14941e-17
      3424.90  1.29067e-15  3.37721e-17
      3427.65  1.28226e-15  3.31214e-17
      3430.40  1.33947e-15  3.55123e-17
      3433.14  1.35532e-15  4.18923e-17
      3435.89  1.35512e-15  4.08032e-17
      3438.64  1.32609e-15  4.47892e-17
      3441.39  1.37669e-15  3.50813e-17
      3444.14  1.27746e-15  3.27862e-17
      3446.88  1.35648e-15  3.29225e-17
      3449.63  1.38038e-15  3.33095e-17
      3452.38  1.31252e-15  4.71968e-17
      3455.13  1.34341e-15  3.37739e-17
      3457.88  1.42119e-15  3.36639e-17
      3460.63  1.39843e-15  3.31660e-17
      3463.37  1.40912e-15  3.44247e-17
      3466.12  1.41122e-15  3.38143e-17
      3468.87  1.44875e-15  3.32940e-17
      3471.62  1.45510e-15  3.70860e-17
      3474.37  1.43462e-15  3.61607e-17
      3477.11  1.44636e-15  3.66227e-17
      3479.86  1.42700e-15  3.26622e-17
      3482.61  1.42016e-15  3.23083e-17
      3485.36  1.42030e-15  3.26952e-17
      3488.11  1.49045e-15  3.31368e-17
      3490.86  1.45416e-15  3.30430e-17
      3493.60  1.45594e-15  3.46748e-17
      3496.35  1.46460e-15  3.30556e-17
      3499.10  1.46442e-15  3.97309e-17
      3501.85  1.60226e-15  3.50772e-17
      3504.60  1.47086e-15  3.64266e-17
      3507.34  1.57446e-15  3.57164e-17
      3510.09  1.59981e-15  3.39207e-17
      3512.84  1.58547e-15  3.37374e-17
      3515.59  1.60014e-15  3.37724e-17
      3518.34  1.64647e-15  3.77041e-17
      3521.09  1.64284e-15  3.36050e-17
      3523.83  1.68056e-15  3.42791e-17
      3526.58  1.65467e-15  3.41913e-17
      3529.33  1.72648e-15  3.55101e-17
      3532.08  1.65136e-15  3.37125e-17
      3534.83  1.69072e-15  3.38746e-17
      3537.58  1.61535e-15  4.49749e-17
      3540.32  1.67739e-15  3.38825e-17
      3543.07  1.77212e-15  3.45714e-17
      3545.82  1.69448e-15  3.38777e-17
      3548.57  1.71798e-15  3.72630e-17
      3551.32  1.73336e-15  3.37800e-17
      3554.07  1.75518e-15  3.40868e-17
      3556.81  1.86558e-15  3.73348e-17
      3559.56  1.85629e-15  3.60343e-17
      3562.31  1.78504e-15  3.54238e-17
      3565.06  1.89578e-15  3.67321e-17
      3567.81  1.83529e-15  3.50257e-17
      3570.56  1.81743e-15  3.43062e-17
      3573.31  1.82172e-15  3.41488e-17
      3576.05  1.83639e-15  3.62293e-17
      3578.80  1.93959e-15  3.56403e-17
      3581.55  1.89588e-15  3.49358e-17
      3584.30  1.92392e-15  3.61526e-17
      3587.05  1.93508e-15  3.58618e-17
      3589.80  1.93533e-15  3.49268e-17
      3592.54  1.89154e-15  3.44106e-17
      3595.29  2.03003e-15  3.56795e-17
      3598.04  2.00193e-15  3.53844e-17
      3600.79  1.96759e-15  3.47251e-17
      3603.54  2.03455e-15  3.63356e-17
      3606.29  2.02054e-15  3.88968e-17
      3609.04  2.05134e-15  3.68116e-17
      3611.78  2.08213e-15  4.13140e-17
      3614.53  2.11293e-15  3.95274e-17
      3617.28  2.14373e-15  3.83212e-17
      3620.03  2.21967e-15  3.69540e-17
      3622.78  2.24328e-15  3.65341e-17
      3625.53  2.32088e-15  3.91949e-17
      3628.28  2.26769e-15  3.89048e-17
      3631.02  2.40624e-15  3.78530e-17
      3633.77  2.32918e-15  4.60121e-17
      3636.52  2.41550e-15  3.76968e-17
      3639.27  2.41568e-15  3.72744e-17
      3642.02  2.46541e-15  3.76229e-17
      3644.77  2.40535e-15  3.77092e-17
      3647.52  2.40722e-15  3.71961e-17
      3650.26  2.40052e-15  3.68676e-17
      3653.01  2.43872e-15  3.72710e-17
      3655.76  2.52661e-15  4.49296e-17
      3658.51  2.37283e-15  3.67002e-17
      3661.26  2.41324e-15  3.77712e-17
      3664.01  2.34237e-15  3.61055e-17
      3666.76  2.46552e-15  3.95576e-17
      3669.50  2.41210e-15  3.63365e-17
      3672.25  2.40240e-15  3.67137e-17
      3675.00  2.36183e-15  4.47377e-17
      3677.75  2.27239e-15  5.18996e-17
      3680.50  2.35146e-15  3.60380e-17
      3683.25  2.37549e-15  3.67281e-17
      3686.00  2.35036e-15  4.15504e-17
      3688.75  2.25186e-15  3.68453e-17
      3691.49  2.30007e-15  3.50904e-17
      3694.24  2.32895e-15  3.54053e-17
      3696.99  2.35636e-15  3.56047e-17
      3699.74  2.31214e-15  3.65793e-17
      3702.49  2.26791e-15  1.36032e-16
      3705.24  2.22368e-15  3.73582e-17
      3707.99  2.17945e-15  3.63218e-17
      3710.73  2.26805e-15  3.42189e-17
      3713.48  2.14029e-15  3.31959e-17
      3716.23  2.05607e-15  3.26003e-17
      3718.98  2.09552e-15  3.69508e-17
      3721.73  2.12345e-15  3.77026e-17
      3724.48  2.03467e-15  3.23085e-17
      3727.23  1.97616e-15  3.14482e-17
      3729.98  1.98804e-15  3.14574e-17
      3732.72  1.92597e-15  3.18520e-17
      3735.47  1.92647e-15  3.45793e-17
      3738.22  1.79783e-15  2.97310e-17
      3740.97  1.80658e-15  3.05775e-17
      3743.72  1.74310e-15  2.96988e-17
      3746.47  1.70632e-15  2.95975e-17
      3749.22  1.68341e-15  2.91088e-17
      3751.97  1.61515e-15  2.86961e-17
      3754.71  1.59494e-15  3.47839e-17
      3757.46  1.55331e-15  3.88949e-17
      3760.21  1.49213e-15  2.66832e-17
      3762.96  1.53709e-15  3.48440e-17
      3765.71  1.44192e-15  2.77746e-17
      3768.46  1.36417e-15  2.93070e-17
      3771.21  1.34177e-15  2.64527e-17
      3773.96  1.37090e-15  2.54191e-17
      3776.70  1.31700e-15  2.59070e-17
      3779.45  1.31565e-15  2.49800e-17
      3782.20  1.29060e-15  2.46595e-17
      3784.95  1.26487e-15  2.50688e-17
      3787.70  1.29409e-15  2.56301e-17
      3790.45  1.33091e-15  2.96806e-17
      3793.20  1.34011e-15  2.60793e-17
      3795.95  1.25863e-15  2.79254e-17
      3798.69  1.30016e-15  2.41728e-17
      3801.44  1.31626e-15  2.42400e-17
      3804.19  1.37041e-15  2.53878e-17
      3806.94  1.40389e-15  2.50166e-17
      3809.69  1.43599e-15  2.53395e-17
      3812.44  1.54542e-15  2.64439e-17
      3815.19  1.49058e-15  2.53129e-17
      3817.94  1.56374e-15  2.57863e-17
      3820.68  1.64201e-15  2.62703e-17
      3823.43  1.68510e-15  2.64052e-17
      3826.18  1.67413e-15  2.61512e-17
      3828.93  1.65131e-15  2.65501e-17
      3831.68  1.55831e-15  2.60077e-17
      3834.43  1.58985e-15  2.60621e-17
      3837.18  1.53200e-15  2.50023e-17
      3839.93  1.35527e-15  2.37481e-17
      3842.68  1.43988e-15  2.39913e-17
      3845.42  1.38969e-15  2.38820e-17
      3848.17  1.41884e-15  2.45813e-17
      3850.92  1.36659e-15  2.35623e-17
      3853.67  1.36501e-15  2.76139e-17
      3856.42  1.32076e-15  2.29689e-17
      3859.17  1.31205e-15  2.29008e-17
      3861.92  1.27971e-15  2.41675e-17
      3864.67  1.23087e-15  2.21966e-17
      3867.41  1.24043e-15  2.22068e-17
      3870.16  1.21336e-15  2.22416e-17
      3872.91  1.20031e-15  4.93407e-17
      3875.66  1.18726e-15  2.10291e-17
      3878.41  1.17421e-15  2.21142e-17
      3881.16  1.09612e-15  2.04826e-17
      3883.91  1.13413e-15  2.07423e-17
      3886.66  1.15065e-15  2.28975e-17
      3889.40  1.16308e-15  2.52174e-17
      3892.15  1.17183e-15  2.47097e-17
      3894.90  1.17643e-15  2.45970e-17
      3897.65  1.26951e-15  2.31340e-17
      3900.40  1.31324e-15  2.34484e-17
      3903.15  1.35027e-15  2.31470e-17
      3905.90  1.35202e-15  2.29421e-17
      3908.65  1.37389e-15  2.31422e-17
      3911.39  1.39591e-15  2.72718e-17
      3914.14  1.49069e-15  2.28150e-17
      3916.89  1.50108e-15  2.34236e-17
      3919.64  1.58697e-15  2.41059e-17
      3922.39  1.64830e-15  2.40752e-17
      3925.14  1.82951e-15  2.50940e-17
      3927.89  1.85378e-15  2.45844e-17
      3930.64  1.93210e-15  2.49540e-17
      3933.39  1.98910e-15  2.53305e-17
      3936.13  1.95571e-15  2.51614e-17
      3938.88  2.12300e-15  2.61461e-17
      3941.63  2.22238e-15  2.65139e-17
      3944.38  2.32049e-15  2.70914e-17
      3947.13  2.37395e-15  2.71410e-17
      3949.88  2.44231e-15  2.74282e-17
      3952.63  2.47563e-15  3.53761e-17
      3955.38  2.63701e-15  2.83838e-17
      3958.12  2.69873e-15  3.11446e-17
      3960.87  2.68681e-15  2.94794e-17
      3963.62  2.62197e-15  2.83601e-17
      3966.37  2.65303e-15  2.84247e-17
      3969.12  2.68409e-15  3.17489e-17
      3971.87  2.71515e-15  2.82610e-17
      3974.62  2.84282e-15  2.92613e-17
      3977.36  2.84915e-15  3.57906e-17
      3980.11  2.85547e-15  2.92415e-17
      3982.86  2.86179e-15  2.86343e-17
      3985.61  2.89693e-15  3.65235e-17
      3988.36  2.91579e-15  2.89573e-17
      3991.11  2.82171e-15  3.28058e-17
      3993.86  2.92566e-15  3.14183e-17
      3996.61  2.89160e-15  2.88591e-17
      3999.35  2.87088e-15  2.97304e-17
      4002.10  2.92083e-15  2.88592e-17
      4004.85  2.96984e-15  2.90770e-17
      4007.60  2.91226e-15  2.92888e-17
      4010.35  2.84787e-15  2.81459e-17
      4013.10  2.83228e-15  3.09455e-17
      4015.85  2.95460e-15  2.90592e-17
      4018.60  2.93288e-15  3.01534e-17
      4021.34  2.92977e-15  2.99415e-17
      4024.09  2.86238e-15  2.79363e-17
      4026.84  2.89426e-15  2.81063e-17
      4029.59  2.89007e-15  2.80482e-17
      4032.34  2.84182e-15  2.91738e-17
      4035.09  2.82232e-15  2.75798e-17
      4037.84  2.89353e-15  2.80814e-17
      4040.58  2.88964e-15  2.89362e-17
      4043.33  2.84647e-15  2.79546e-17
      4046.08  2.84733e-15  2.76128e-17
      4048.83  2.83821e-15  2.75393e-17
      4051.58  2.81217e-15  3.73822e-17
      4054.33  2.72976e-15  2.99947e-17
      4057.08  2.73246e-15  2.70024e-17
      4059.83  2.75485e-15  2.82107e-17
      4062.57  2.80722e-15  2.76076e-17
      4065.32  2.78451e-15  2.81685e-17
      4068.07  2.76180e-15  2.70946e-17
      4070.82  2.73909e-15  2.68349e-17
      4073.57  2.75807e-15  2.69735e-17
      4076.32  2.66327e-15  2.77599e-17
      4079.07  2.73500e-15  2.82579e-17
      4081.81  2.71776e-15  2.86085e-17
      4084.56  2.72824e-15  2.84447e-17
      4087.31  2.77501e-15  3.19436e-17
      4090.06  2.75363e-15  2.67429e-17
      4092.81  2.80251e-15  2.69855e-17
      4095.56  2.81406e-15  2.91472e-17
      4098.31  2.85942e-15  2.75867e-17
      4101.05  2.82455e-15  2.70855e-17
      4103.80  2.85045e-15  2.82686e-17
      4106.55  2.91450e-15  2.78962e-17
      4109.30  2.97528e-15  2.76399e-17
      4112.05  2.99815e-15  2.78284e-17
      4114.80  2.98283e-15  2.76710e-17
      4117.55  3.09162e-15  2.96283e-17
      4120.29  3.15305e-15  3.05500e-17
      4123.04  3.16585e-15  2.84152e-17
      4125.79  3.16896e-15  3.00682e-17
      4128.54  3.15078e-15  2.83742e-17
      4131.29  3.15550e-15  3.03267e-17
      4134.04  3.16503e-15  2.82329e-17
      4136.78  3.23053e-15  2.92244e-17
      4139.53  3.17980e-15  2.98740e-17
      4142.28  3.23346e-15  2.83560e-17
      4145.03  3.23532e-15  2.84654e-17
      4147.78  3.27582e-15  2.87360e-17
      4150.53  3.25880e-15  3.03582e-17
      4153.28  3.17470e-15  2.97423e-17
      4156.02  3.23916e-15  3.01289e-17
      4158.77  3.29370e-15  2.84093e-17
      4161.52  3.27493e-15  2.94956e-17
      4164.27  3.23188e-15  2.83213e-17
      4167.02  3.18953e-15  3.02170e-17
      4169.77  3.19594e-15  2.81889e-17
      4172.51  3.09304e-15  2.73929e-17
      4175.26  3.09377e-15  2.75243e-17
      4178.01  3.02486e-15  2.73120e-17
      4180.76  3.04905e-15  3.00217e-17
      4183.51  2.93561e-15  2.66475e-17
      4186.26  2.93050e-15  2.81269e-17
      4189.00  2.88006e-15  2.64560e-17
      4191.75  2.81231e-15  2.71697e-17
      4194.50  2.87198e-15  2.64369e-17
      4197.25  2.83247e-15  2.62706e-17
      4200.00  2.68942e-15  2.60371e-17
      4202.75  2.62870e-15  2.71562e-17
      4205.49  2.61939e-15  2.70197e-17
      4208.24  2.62055e-15  2.59525e-17
      4210.99  2.59595e-15  2.54626e-17
      4213.74  2.58231e-15  2.96903e-17
      4216.49  2.55989e-15  2.59049e-17
      4219.24  2.52173e-15  2.47837e-17
      4221.98  2.40797e-15  2.54840e-17
      4224.73  2.41747e-15  2.40335e-17
      4227.48  2.40911e-15  2.39144e-17
      4230.23  2.35392e-15  2.38215e-17
      4232.98  2.30455e-15  2.42246e-17
      4235.73  2.36680e-15  2.39824e-17
      4238.47  2.29360e-15  2.36433e-17
      4241.22  2.31271e-15  2.38897e-17
      4243.97  2.26522e-15  2.31927e-17
      4246.72  2.30437e-15  2.40176e-17
      4249.47  2.33214e-15  2.68927e-17
      4252.21  2.32832e-15  2.68138e-17
      4254.96  2.31646e-15  2.74484e-17
      4257.71  2.24476e-15  2.68318e-17
      4260.46  2.26432e-15  2.34414e-17
      4263.21  2.26394e-15  2.32768e-17
      4265.95  2.30871e-15  2.72517e-17
      4268.70  2.33856e-15  2.35680e-17
      4271.45  2.31315e-15  2.33139e-17
      4274.20  2.33162e-15  2.36830e-17
      4276.95  2.29328e-15  2.31368e-17
      4279.69  2.27475e-15  2.32554e-17
      4282.44  2.29108e-15  2.34385e-17
      4285.19  2.28562e-15  2.32186e-17
      4287.94  2.21820e-15  2.27122e-17
      4290.69  2.25729e-15  2.28600e-17
      4293.44  2.17255e-15  2.24692e-17
      4296.18  2.21399e-15  2.25384e-17
      4298.93  2.14531e-15  2.22393e-17
      4301.68  2.16066e-15  2.22673e-17
      4304.43  2.17515e-15  2.24890e-17
      4307.17  2.14595e-15  2.22728e-17
      4309.92  2.09723e-15  2.19281e-17
      4312.67  2.08179e-15  2.38336e-17
      4315.42  2.09426e-15  2.20436e-17
      4318.17  2.08564e-15  2.28385e-17
      4320.91  2.04445e-15  3.12149e-17
      4323.66  2.00144e-15  2.13643e-17
      4326.41  1.99170e-15  2.15621e-17
      4329.16  1.97717e-15  2.18463e-17
      4331.91  1.98538e-15  2.12265e-17
      4334.65  1.94808e-15  2.24071e-17
      4337.40  1.89372e-15  2.21259e-17
      4340.15  1.87471e-15  2.09590e-17
      4342.90  1.86861e-15  2.12079e-17
      4345.65  1.84916e-15  2.03180e-17
      4348.39  1.87737e-15  2.05985e-17
      4351.14  1.83086e-15  2.02720e-17
      4353.89  1.79048e-15  2.00500e-17
      4356.64  1.78712e-15  2.04253e-17
      4359.38  1.70483e-15  1.99149e-17
      4362.13  1.72433e-15  1.96293e-17
      4364.88  1.70354e-15  2.00554e-17
      4367.63  1.64667e-15  1.92235e-17
      4370.37  1.67400e-15  1.96429e-17
      4373.12  1.60203e-15  1.91867e-17
      4375.87  1.60342e-15  1.94622e-17
      4378.62  1.57444e-15  1.87968e-17
      4381.37  1.61501e-15  1.91070e-17
      4384.11  1.63426e-15  2.46389e-17
      4386.86  1.50715e-15  1.90801e-17
      4389.61  1.51575e-15  1.84370e-17
      4392.36  1.47532e-15  1.79617e-17
      4395.10  1.45741e-15  1.80226e-17
      4397.85  1.50828e-15  1.82945e-17
      4400.60  1.45583e-15  1.79326e-17
      4403.35  1.48389e-15  1.86263e-17
      4406.09  1.50653e-15  1.89799e-17
      4408.84  1.48667e-15  1.81296e-17
      4411.59  1.50751e-15  1.83233e-17
      4414.34  1.48412e-15  1.80820e-17
      4417.08  1.49031e-15  1.81551e-17
      4419.83  1.54438e-15  1.84200e-17
      4422.58  1.54134e-15  1.90213e-17
      4425.33  1.49316e-15  1.79602e-17
      4428.07  1.52860e-15  1.86643e-17
      4430.82  1.54761e-15  1.93920e-17
      4433.57  1.55325e-15  2.02274e-17
      4436.32  1.55888e-15  2.23128e-17
      4439.06  1.56452e-15  1.83592e-17
      4441.81  1.64422e-15  1.87629e-17
      4444.56  1.65659e-15  1.87470e-17
      4447.30  1.66638e-15  1.90825e-17
      4450.05  1.65274e-15  1.87143e-17
      4452.80  1.70568e-15  1.89172e-17
      4455.55  1.69824e-15  1.88273e-17
      4458.29  1.73656e-15  1.94384e-17
      4461.04  1.77171e-15  2.50230e-17
      4463.79  1.79235e-15  1.94854e-17
      4466.54  1.78739e-15  1.95169e-17
      4469.28  1.80776e-15  1.95345e-17
      4472.03  1.82802e-15  2.02871e-17
      4474.78  1.79750e-15  1.93582e-17
      4477.52  1.85444e-15  2.15758e-17
      4480.27  1.91220e-15  2.05749e-17
      4483.02  1.93465e-15  2.05346e-17
      4485.77  1.95647e-15  2.04092e-17
      4488.51  1.96962e-15  2.04084e-17
      4491.26  1.99747e-15  2.01586e-17
      4494.01  1.98942e-15  2.03950e-17
      4496.75  2.01151e-15  2.04141e-17
      4499.50  2.06497e-15  2.05938e-17
      4502.25  2.07377e-15  2.05281e-17
      4505.00  2.08558e-15  2.21636e-17
      4507.74  2.12399e-15  2.17079e-17
      4510.49  2.18586e-15  2.11902e-17
      4513.24  2.15642e-15  2.11399e-17
      4515.98  2.17103e-15  2.09478e-17
      4518.73  2.22036e-15  2.15603e-17
      4521.48  2.21351e-15  2.15298e-17
      4524.22  2.23431e-15  2.13225e-17
      4526.97  2.27515e-15  2.14260e-17
      4529.72  2.29688e-15  2.15661e-17
      4532.46  2.32982e-15  2.18208e-17
      4535.21  2.34577e-15  2.19626e-17
      4537.96  2.33439e-15  2.27919e-17
      4540.71  2.33571e-15  2.70597e-17
      4543.45  2.33703e-15  2.30538e-17
      4546.20  2.33835e-15  2.38891e-17
      4548.95  2.33342e-15  2.17477e-17
      4551.69  2.38214e-15  2.18707e-17
      4554.44  2.33990e-15  2.21309e-17
      4557.19  2.35687e-15  2.41691e-17
      4559.93  2.37087e-15  2.17888e-17
      4562.68  2.39003e-15  2.17899e-17
      4565.43  2.40144e-15  2.21264e-17
      4568.17  2.37314e-15  2.16653e-17
      4570.92  2.40182e-15  2.19270e-17
      4573.67  2.41054e-15  2.23168e-17
      4576.41  2.40498e-15  2.18261e-17
      4579.16  2.53205e-15  2.25256e-17
      4581.91  2.44794e-15  2.25705e-17
      4584.65  2.38112e-15  2.18541e-17
      4587.40  2.40913e-15  2.27687e-17
      4590.15  2.41482e-15  2.19507e-17
      4592.89  2.37980e-15  2.19097e-17
      4595.64  2.40991e-15  2.18991e-17
      4598.38  2.38746e-15  2.18389e-17
      4601.13  2.37036e-15  2.38333e-17
      4603.88  2.39565e-15  2.18484e-17
      4606.62  2.43011e-15  2.20016e-17
      4609.37  2.37010e-15  2.17682e-17
      4612.12  2.40389e-15  2.19886e-17
      4614.86  2.35582e-15  2.18258e-17
      4617.61  2.34572e-15  2.16564e-17
      4620.36  2.35530e-15  2.22418e-17
      4623.10  2.30196e-15  2.16731e-17
      4625.85  2.30033e-15  2.15895e-17
      4628.60  2.33796e-15  2.43002e-17
      4631.34  2.28894e-15  2.20745e-17
      4634.09  2.27999e-15  2.13524e-17
      4636.83  2.25016e-15  2.17844e-17
      4639.58  2.24848e-15  2.15118e-17
      4642.33  2.18366e-15  2.09619e-17
      4645.07  2.17901e-15  2.09569e-17
      4647.82  2.15478e-15  2.08244e-17
      4650.56  2.14682e-15  2.08025e-17
      4653.31  2.11650e-15  2.07415e-17
      4656.06  2.09400e-15  2.04917e-17
      4658.80  2.11574e-15  2.06833e-17
      4661.55  2.07571e-15  2.03704e-17
      4664.30  2.08654e-15  2.07257e-17
      4667.04  2.17284e-15  4.11812e-17
      4669.79  2.08793e-15  2.10251e-17
      4672.53  2.06352e-15  2.04500e-17
      4675.28  2.04385e-15  2.02253e-17
      4678.02  2.08528e-15  2.05248e-17
      4680.77  2.02320e-15  2.02881e-17
      4683.52  2.08154e-15  2.05759e-17
      4686.26  2.03326e-15  2.02821e-17
      4689.01  2.07966e-15  2.14312e-17
      4691.75  2.05699e-15  2.08482e-17
      4694.50  2.04431e-15  2.04462e-17
      4697.25  2.07870e-15  2.04795e-17
      4699.99  2.09206e-15  2.05911e-17
      4702.74  2.05223e-15  2.06422e-17
      4705.48  2.08619e-15  2.07555e-17
      4708.23  2.07478e-15  2.05793e-17
      4710.98  2.06752e-15  2.05201e-17
      4713.72  2.10371e-15  2.08070e-17
      4716.47  2.08867e-15  2.05168e-17
      4719.21  2.10447e-15  2.06415e-17
      4721.96  2.06360e-15  2.38512e-17
      4724.70  2.07974e-15  2.44355e-17
      4727.45  1.96807e-15  2.56937e-17
      4730.19  2.13369e-15  2.09246e-17
      4732.94  2.08935e-15  2.07210e-17
      4735.69  2.09133e-15  2.15233e-17
      4738.43  2.02360e-15  2.18696e-17
      4741.18  2.03114e-15  2.08869e-17
      4743.92  2.05605e-15  2.06365e-17
      4746.67  2.10281e-15  2.10422e-17
      4749.41  2.04647e-15  2.04080e-17
      4752.16  2.02701e-15  2.04451e-17
      4754.90  2.06375e-15  2.09441e-17
      4757.65  2.01733e-15  2.10754e-17
      4760.39  2.00576e-15  2.03885e-17
      4763.14  1.99066e-15  2.02539e-17
      4765.89  2.02863e-15  2.06887e-17
      4768.63  1.99039e-15  2.10331e-17
      4771.38  2.04232e-15  2.03318e-17
      4774.12  2.02104e-15  2.09785e-17
      4776.87  2.00185e-15  2.03742e-17
      4779.61  2.08712e-15  2.56180e-17
      4782.36  2.02437e-15  2.03172e-17
      4785.10  1.95961e-15  2.01467e-17
      4787.85  1.98742e-15  2.00383e-17
      4790.59  1.97080e-15  1.99218e-17
      4793.34  1.92104e-15  1.98104e-17
      4796.08  1.93917e-15  2.03434e-17
      4798.83  1.90348e-15  1.96986e-17
      4801.57  1.90379e-15  1.98783e-17
      4804.32  1.86434e-15  1.94135e-17
      4807.06  1.85545e-15  2.08437e-17
      4809.81  1.85825e-15  2.11222e-17
      4812.55  1.83054e-15  1.92246e-17
      4815.30  1.87332e-15  1.96590e-17
      4818.04  1.79141e-15  2.02117e-17
      4820.79  1.80506e-15  1.93708e-17
      4823.53  1.81283e-15  2.02172e-17
      4826.28  1.81161e-15  1.98849e-17
      4829.02  1.83539e-15  1.92623e-17
      4831.77  1.80855e-15  1.97529e-17
      4834.51  1.78679e-15  1.90259e-17
      4837.26  1.80047e-15  1.95874e-17
      4840.00  1.80905e-15  1.96511e-17
      4842.75  1.77356e-15  2.28596e-17
      4845.49  1.75509e-15  2.19254e-17
      4848.23  1.77506e-15  1.91125e-17
      4850.98  1.70588e-15  1.88981e-17
      4853.72  1.71568e-15  1.87081e-17
      4856.47  1.72182e-15  1.87140e-17
      4859.21  1.71956e-15  1.88280e-17
      4861.96  1.71731e-15  2.27466e-17
      4864.70  1.71505e-15  2.13014e-17
      4867.45  1.71280e-15  2.06630e-17
      4870.19  1.64541e-15  1.85469e-17
      4872.94  1.67193e-15  1.84468e-17
      4875.68  1.69642e-15  1.84902e-17
      4878.42  1.62627e-15  2.15974e-17
      4881.17  1.67992e-15  1.89024e-17
      4883.91  1.71217e-15  1.85298e-17
      4886.66  1.65113e-15  1.81914e-17
      4889.40  1.62163e-15  1.79456e-17
      4892.15  1.64230e-15  1.81856e-17
      4894.89  1.61909e-15  1.81507e-17
      4897.63  1.62540e-15  1.81522e-17
      4900.38  1.59232e-15  1.79131e-17
      4903.12  1.62072e-15  2.20247e-17
      4905.87  1.59565e-15  1.78286e-17
      4908.61  1.60594e-15  1.78987e-17
      4911.35  1.54328e-15  1.75879e-17
      4914.10  1.56928e-15  1.76260e-17
      4916.84  1.54667e-15  1.76077e-17
      4919.59  1.59560e-15  1.78204e-17
      4922.33  1.52903e-15  1.76517e-17
      4925.08  1.55331e-15  1.84337e-17
      4927.82  1.53147e-15  1.80181e-17
      4930.56  1.49851e-15  1.94848e-17
      4933.31  1.49060e-15  1.92066e-17
      4936.05  1.51886e-15  1.73992e-17
      4938.79  1.48173e-15  1.85458e-17
      4941.54  1.45764e-15  2.54875e-17
      4944.28  1.47565e-15  1.70234e-17
      4947.03  1.49592e-15  1.71729e-17
      4949.77  1.48607e-15  1.70919e-17
      4952.51  1.50768e-15  1.73397e-17
      4955.26  1.47374e-15  1.86639e-17
      4958.00  1.44368e-15  1.67899e-17
      4960.74  1.43538e-15  1.73171e-17
      4963.49  1.46938e-15  1.70877e-17
      4966.23  1.49621e-15  1.76216e-17
      4968.98  1.45402e-15  1.90724e-17
      4971.72  1.51769e-15  1.71826e-17
      4974.46  1.49788e-15  1.70774e-17
      4977.21  1.55451e-15  1.73277e-17
      4979.95  1.54039e-15  1.72974e-17
      4982.69  1.56649e-15  1.81229e-17
      4985.44  1.55747e-15  1.75807e-17
      4988.18  1.57639e-15  1.77664e-17
      4990.92  1.55042e-15  1.77585e-17
      4993.67  1.59625e-15  1.77950e-17
      4996.41  1.56439e-15  1.84923e-17
      4999.15  1.61028e-15  1.81391e-17
      5001.90  1.59683e-15  1.74987e-17
      5004.64  1.61507e-15  1.77059e-17
      5007.38  1.62471e-15  1.77048e-17
      5010.13  1.58442e-15  1.74615e-17
      5012.87  1.59160e-15  1.75855e-17
      5015.61  1.57672e-15  1.74599e-17
      5018.35  1.59101e-15  1.74788e-17
      5021.10  1.53674e-15  1.73941e-17
      5023.84  1.53407e-15  1.71687e-17
      5026.58  1.50273e-15  1.71609e-17
      5029.33  1.47675e-15  1.75754e-17
      5032.07  1.45916e-15  1.67908e-17
      5034.81  1.42401e-15  1.66006e-17
      5037.56  1.37650e-15  1.70492e-17
      5040.30  1.35499e-15  1.63539e-17
      5043.04  1.32023e-15  1.60771e-17
      5045.78  1.28183e-15  1.57031e-17
      5048.53  1.29770e-15  1.67329e-17
      5051.27  1.30201e-15  1.60821e-17
      5054.01  1.23712e-15  1.55232e-17
      5056.76  1.26413e-15  1.62109e-17
      5059.50  1.23161e-15  1.55360e-17
      5062.24  1.18461e-15  1.64209e-17
      5064.98  1.18385e-15  1.51913e-17
      5067.73  1.19057e-15  1.87370e-17
      5070.47  1.16542e-15  1.54950e-17
      5073.21  1.14458e-15  1.48394e-17
      5075.95  1.15147e-15  1.53335e-17
      5078.70  1.09575e-15  1.48778e-17
      5081.44  1.12157e-15  1.47836e-17
      5084.18  1.11128e-15  1.52193e-17
      5086.92  1.08194e-15  1.65009e-17
      5089.67  1.06965e-15  1.96247e-17
      5092.41  1.05221e-15  1.44531e-17
      5095.15  1.03626e-15  1.41849e-17
      5097.89  1.01345e-15  1.41390e-17
      5100.64  1.04800e-15  1.44495e-17
      5103.38  1.00731e-15  1.53730e-17
      5106.12  1.00921e-15  2.06186e-17
      5108.86  1.02799e-15  1.41135e-17
      5111.60  1.00582e-15  1.38525e-17
      5114.35  1.03730e-15  1.45485e-17
      5117.09  1.00059e-15  1.39597e-17
      5119.83  1.02006e-15  1.54091e-17
      5122.57  1.03043e-15  1.43568e-17
      5125.31  1.03902e-15  1.42369e-17
      5128.06  1.05817e-15  1.43136e-17
      5130.80  1.03686e-15  1.42182e-17
      5133.54  1.08381e-15  1.44386e-17
      5136.28  1.08755e-15  1.50996e-17
      5139.02  1.11472e-15  1.45660e-17
      5141.77  1.08925e-15  1.44804e-17
      5144.51  1.10593e-15  1.46187e-17
      5147.25  1.11392e-15  1.46114e-17
      5149.99  1.13439e-15  1.47103e-17
      5152.73  1.14850e-15  1.50766e-17
      5155.47  1.18805e-15  1.97865e-17
      5158.22  1.21304e-15  1.53222e-17
      5160.96  1.19099e-15  1.52356e-17
      5163.70  1.22472e-15  1.52932e-17
      5166.44  1.21610e-15  1.86165e-17
      5169.18  1.21682e-15  1.55925e-17
      5171.92  1.23472e-15  1.57170e-17
      5174.66  1.30229e-15  1.58473e-17
      5177.41  1.29303e-15  1.67734e-17
      5180.15  1.29711e-15  1.57496e-17
      5182.89  1.29871e-15  2.07309e-17
      5185.63  1.34353e-15  1.57727e-17
      5188.37  1.35964e-15  1.65131e-17
      5191.11  1.39598e-15  1.61073e-17
      5193.85  1.37040e-15  1.61391e-17
      5196.60  1.43812e-15  1.91095e-17
      5199.34  1.43576e-15  1.79981e-17
      5202.08  1.41301e-15  1.63535e-17
      5204.82  1.47830e-15  1.66441e-17
      5207.56  1.50235e-15  1.79255e-17
      5210.30  1.54088e-15  1.71116e-17
      5213.04  1.50030e-15  1.69708e-17
      5215.78  1.51535e-15  1.71231e-17
      5218.52  1.59204e-15  1.71873e-17
      5221.26  1.52958e-15  1.68125e-17
      5224.01  1.51940e-15  1.68410e-17
      5226.75  1.56539e-15  1.75125e-17
      5229.49  1.53928e-15  1.69367e-17
      5232.23  1.59073e-15  1.72306e-17
      5234.97  1.63604e-15  1.74179e-17
      5237.71  1.59359e-15  1.72399e-17
      5240.45  1.60482e-15  1.83911e-17
      5243.19  1.66878e-15  1.75415e-17
      5245.93  1.63508e-15  1.73932e-17
      5248.67  1.63222e-15  1.73669e-17
      5251.41  1.61975e-15  1.74114e-17
      5254.15  1.65905e-15  1.75699e-17
      5256.89  1.64986e-15  1.76725e-17
      5259.63  1.67982e-15  1.87319e-17
      5262.37  1.70502e-15  1.78315e-17
      5265.12  1.66347e-15  2.36106e-17
      5267.86  1.62343e-15  1.85356e-17
      5270.60  1.68620e-15  1.77187e-17
      5273.34  1.65334e-15  1.76367e-17
      5276.08  1.67417e-15  1.78048e-17
      5278.82  1.67048e-15  1.88734e-17
      5281.56  1.68674e-15  1.79007e-17
      5284.30  1.66549e-15  1.78319e-17
      5287.04  1.64087e-15  1.77637e-17
      5289.78  1.65217e-15  1.83312e-17
      5292.52  1.69784e-15  1.82850e-17
      5295.26  1.60525e-15  1.75751e-17
      5298.00  1.63713e-15  1.76090e-17
      5300.74  1.68850e-15  1.77992e-17
      5303.48  1.65690e-15  1.78177e-17
      5306.22  1.65784e-15  1.76832e-17
      5308.96  1.62519e-15  1.76273e-17
      5311.70  1.59661e-15  1.74983e-17
      5314.44  1.60709e-15  1.73791e-17
      5317.18  1.59493e-15  1.74814e-17
      5319.92  1.54648e-15  1.72518e-17
      5322.66  1.58648e-15  1.76234e-17
      5325.40  1.55169e-15  1.73908e-17
      5328.14  1.58779e-15  1.73931e-17
      5330.87  1.51021e-15  1.69626e-17
      5333.61  1.52122e-15  1.70948e-17
      5336.35  1.42786e-15  2.29570e-17
      5339.09  1.51622e-15  1.78323e-17
      5341.83  1.49872e-15  1.70159e-17
      5344.57  1.44796e-15  1.67266e-17
      5347.31  1.47229e-15  1.68594e-17
      5350.05  1.41434e-15  2.12007e-17
      5352.79  1.38051e-15  1.80091e-17
      5355.53  1.37762e-15  1.87433e-17
      5358.27  1.40381e-15  1.81036e-17
      5361.01  1.38329e-15  1.65854e-17
      5363.75  1.40220e-15  1.67038e-17
      5366.49  1.35152e-15  1.62720e-17
      5369.23  1.34972e-15  1.62892e-17
      5371.96  1.30093e-15  1.60760e-17
      5374.70  1.32778e-15  1.61354e-17
      5377.44  1.29007e-15  1.60532e-17
      5380.18  1.30621e-15  1.61009e-17
      5382.92  1.30807e-15  1.63332e-17
      5385.66  1.28064e-15  1.58306e-17
      5388.40  1.27530e-15  1.60413e-17
      5391.14  1.29824e-15  1.60412e-17
      5393.88  1.25487e-15  1.57683e-17
      5396.61  1.29923e-15  1.60995e-17
      5399.35  1.24103e-15  1.64988e-17
      5402.09  1.25163e-15  1.61732e-17
      5404.83  1.25465e-15  1.58347e-17
      5407.57  1.24016e-15  1.63682e-17
      5410.31  1.25712e-15  1.58108e-17
      5413.05  1.24086e-15  1.58206e-17
      5415.78  1.26313e-15  1.58599e-17
      5418.52  1.24439e-15  1.59769e-17
      5421.26  1.29345e-15  2.39503e-17
      5424.00  1.21764e-15  1.57556e-17
      5426.74  1.21878e-15  1.63337e-17
      5429.48  1.22753e-15  1.59093e-17
      5432.22  1.18528e-15  1.58270e-17
      5434.95  1.20704e-15  1.57873e-17
      5437.69  1.19651e-15  1.60509e-17
      5440.43  1.23324e-15  1.57614e-17
      5443.17  1.19440e-15  1.57605e-17
      5445.91  1.20888e-15  1.59594e-17
      5448.64  1.18360e-15  1.55928e-17
      5451.38  1.19613e-15  1.56306e-17
      5454.12  1.16259e-15  1.54428e-17
      5456.86  1.21118e-15  1.57466e-17
      5459.60  1.20169e-15  1.59159e-17
      5462.33  1.16845e-15  1.56819e-17
      5465.07  1.14440e-15  1.52689e-17
      5467.81  1.16651e-15  1.79313e-17
      5470.55  1.15769e-15  1.69287e-17
      5473.29  1.16847e-15  1.54861e-17
      5476.02  1.16070e-15  1.53993e-17
      5478.76  1.17701e-15  1.57448e-17
      5481.50  1.07528e-15  7.78241e-17
      5484.24  9.73563e-16  1.55400e-17
      5486.97  1.16885e-15  1.54408e-17
      5489.71  1.19215e-15  1.56512e-17
      5492.45  1.16645e-15  1.59622e-17
      5495.19  1.21595e-15  1.59153e-17
      5497.92  1.16277e-15  1.61220e-17
      5500.66  1.15611e-15  1.54481e-17
      5503.40  1.19352e-15  1.60273e-17
      5506.13  1.17841e-15  1.58625e-17
      5508.87  1.17916e-15  1.57030e-17
      5511.61  1.18751e-15  1.57556e-17
      5514.35  1.20985e-15  1.58588e-17
      5517.08  1.14389e-15  1.55510e-17
      5519.82  1.16039e-15  1.57191e-17
      5522.56  1.17690e-15  1.99929e-17
      5525.29  1.19340e-15  1.67481e-17
      5528.03  1.17958e-15  1.66908e-17
      5530.77  1.17486e-15  1.56322e-17
      5533.51  1.14488e-15  1.54855e-17
      5536.24  1.11488e-15  1.52426e-17
      5538.98  1.17448e-15  1.56778e-17
      5541.72  1.16108e-15  1.62279e-17
      5544.45  1.18585e-15  1.57793e-17
      5547.19  1.15269e-15  1.54217e-17
      5549.93  1.14315e-15  1.63940e-17
      5552.66  1.12749e-15  3.19688e-17
      5555.40  1.11743e-15  1.51845e-17
      5558.14  1.13080e-15  1.55132e-17
      5560.87  1.16796e-15  1.56018e-17
      5563.61  1.12801e-15  1.56299e-17
      5566.34  1.13834e-15  1.55220e-17
      5569.08  1.14619e-15  1.54111e-17
      5571.82  1.10093e-15  1.50929e-17
      5574.55  1.15088e-15  1.55768e-17
      5577.29  1.17808e-15  1.55556e-17
      5580.03  1.15593e-15  1.56122e-17
      5582.76  1.14779e-15  1.54933e-17
      5585.50  1.20163e-15  1.57780e-17
      5588.23  1.19813e-15  1.65124e-17
      5590.97  1.20404e-15  1.61387e-17
      5593.71  1.18839e-15  1.57478e-17
      5596.44  1.51604e-15  2.25943e-17
      5599.18  1.24459e-15  1.60541e-17
      5601.91  1.20734e-15  1.79447e-17
      5604.65  1.24556e-15  1.73328e-17
      5607.39  1.23264e-15  1.63064e-17
      5610.12  1.24498e-15  1.60191e-17
      5612.86  1.28792e-15  1.62742e-17
      5615.59  1.26361e-15  1.61809e-17
      5618.33  1.25544e-15  1.61587e-17
      5621.06  1.30285e-15  1.64114e-17
      5623.80  1.29673e-15  1.64222e-17
      5626.54  1.27142e-15  1.75386e-17
      5629.27  1.29175e-15  1.69932e-17
      5632.01  1.29692e-15  1.67580e-17
      5634.74  1.32908e-15  2.39475e-17
      5637.48  1.31125e-15  1.65013e-17
      5640.21  1.30730e-15  1.66530e-17
      5642.95  1.25911e-15  2.32197e-17
      5645.68  1.29998e-15  2.11234e-17
      5648.42  1.32747e-15  1.90868e-17
      5651.15  1.35706e-15  1.95044e-17
      5653.89  1.34680e-15  1.69044e-17
      5656.62  1.33844e-15  1.78965e-17
      5659.36  1.35907e-15  1.71957e-17
      5662.09  1.35118e-15  1.85733e-17
      5664.83  1.37073e-15  1.81732e-17
      5667.56  1.38756e-15  1.69844e-17
      5670.30  1.36579e-15  1.70359e-17
      5673.03  1.36560e-15  1.69759e-17
      5675.77  1.37166e-15  1.70595e-17
      5678.50  1.34886e-15  1.68300e-17
      5681.24  1.35369e-15  1.68676e-17
      5683.97  1.37241e-15  1.74513e-17
      5686.71  1.38954e-15  2.02106e-17
      5689.44  1.37000e-15  1.88668e-17
      5692.18  1.35413e-15  1.72453e-17
      5694.91  1.40518e-15  1.71193e-17
      5697.64  2.01648e-15  1.02173e-16
