      2888.99 -1.51480e-14  3.74487e-15
      2891.74  8.59253e-16  1.98942e-15
      2894.48 -1.34497e-15  1.60088e-15
      2897.23 -4.28295e-16  1.18398e-15
      2899.97  1.33238e-15  1.02959e-15
      2902.72 -1.14931e-16  9.53945e-16
      2905.46 -8.58628e-16  7.70182e-16
      2908.21  9.34530e-16  7.75181e-16
      2910.95 -5.43413e-16  1.75006e-15
      2913.70  7.24916e-16  6.50198e-16
      2916.44 -1.32290e-16  5.35829e-16
      2919.19 -5.63465e-16  4.34576e-16
      2921.93  6.21905e-16  4.02728e-16
      2924.68  2.47167e-16  4.18253e-16
      2927.42  9.28725e-17  5.17278e-16
      2930.17 -5.24068e-17  2.96246e-16
      2932.91  2.87808e-16  4.30023e-16
      2935.66  1.54594e-15  4.87732e-16
      2938.40 -3.05624e-16  1.10640e-15
      2941.15  4.39091e-16  1.72220e-16
      2943.89 -6.72372e-17  1.62569e-16
      2946.64  7.37230e-16  1.44171e-16
      2949.38  4.85308e-16  1.36581e-16
      2952.13  1.53511e-16  1.06614e-16
      2954.87  2.15960e-16  1.02599e-16
      2957.62  1.66922e-16  9.77431e-17
      2960.36  1.17885e-16  3.23674e-16
      2963.11  6.88473e-17  8.29980e-17
      2965.85  1.98099e-17  7.30627e-17
      2968.60  7.63868e-17  7.15740e-17
      2971.34  8.72564e-17  6.47616e-17
      2974.09  2.82068e-17  6.40542e-17
      2976.83 -3.86295e-18  6.02541e-17
      2979.58  5.32155e-17  5.97752e-17
      2982.32  1.26417e-16  6.32350e-17
      2985.07  1.50240e-16  7.27946e-17
      2987.81  5.67362e-17  1.30056e-16
      2990.56  9.90710e-17  6.29244e-17
      2993.30  1.41327e-16  6.66281e-17
      2996.05  1.88013e-16  5.74843e-17
      2998.80  1.14574e-16  5.49851e-17
      3001.54  7.88667e-17  5.76557e-17
      3004.29  8.20788e-17  5.67209e-17
      3007.03  2.82967e-16  1.89576e-16
      3009.78  1.86590e-16  5.39396e-17
      3012.52 -2.82796e-17  5.37055e-17
      3015.27  1.37669e-16  5.43281e-17
      3018.01  1.45705e-16  2.17427e-16
      3020.76  1.53741e-16  4.77276e-17
      3023.51  1.61776e-16  4.77611e-17
      3026.25  4.45613e-17  4.75028e-17
      3029.00  2.00546e-16  4.87157e-17
      3031.74  8.74135e-17  4.62730e-17
      3034.49  5.52359e-17  4.64036e-17
      3037.23  2.21530e-16  4.79843e-17
      3039.98 -1.27008e-17  8.04612e-17
      3042.73  7.30548e-17  4.58506e-17
      3045.47  1.17984e-16  4.47490e-17
      3048.22  1.37693e-16  4.11766e-17
      3050.96 -8.63008e-17  4.61971e-17
      3053.71  1.21354e-16  4.02332e-17
      3056.45  2.42857e-16  4.31425e-17
      3059.20  2.08051e-16  5.40329e-17
      3061.95  1.70169e-16  4.17679e-17
      3064.69  1.12920e-16  3.88172e-17
      3067.44  1.37875e-16  3.99637e-17
      3070.18  1.27623e-16  3.81920e-17
      3072.93  1.16492e-16  3.96548e-17
      3075.68  2.35140e-16  3.91444e-17
      3078.42  1.80822e-16  4.23324e-17
      3081.17  9.45321e-17  4.62412e-17
      3083.91  1.06031e-16  5.80359e-17
      3086.66  1.90656e-16  3.66739e-17
      3089.41  9.00000e-17  4.82022e-17
      3092.15  1.11511e-16  3.81758e-17
      3094.90 -5.28386e-17  5.46718e-17
      3097.64  1.59199e-16  4.84953e-17
      3100.39  2.36872e-16  4.34958e-17
      3103.14  1.96047e-16  3.97128e-17
      3105.88  8.10976e-17  4.17336e-17
      3108.63  1.80650e-16  3.75240e-17
      3111.38  1.96364e-16  3.71553e-17
      3114.12  1.18679e-16  3.65274e-17
      3116.87  2.29986e-16  8.19675e-17
      3119.61  9.98956e-17  3.41316e-17
      3122.36  1.93628e-16  3.52749e-17
      3125.11  2.01406e-16  3.47431e-17
      3127.85  7.62252e-17  3.58629e-17
      3130.60  3.67120e-17  3.62748e-17
      3133.35  2.31865e-16  3.41888e-17
      3136.09  9.28441e-17  3.89390e-17
      3138.84  1.60642e-16  3.77718e-17
      3141.58  1.14971e-16  2.35900e-16
      3144.33  6.93003e-17  1.21013e-16
      3147.08  2.38572e-16  3.60655e-17
      3149.82  1.17517e-16  4.01791e-17
      3152.57  9.63524e-17  3.35038e-17
      3155.32  2.55268e-17  3.96758e-17
      3158.06  1.21540e-16  3.31696e-17
      3160.81  1.44335e-16  4.10540e-17
      3163.56 -3.44226e-17  6.38640e-17
      3166.30  1.32983e-16  3.05933e-17
      3169.05  1.17419e-16  3.41534e-17
      3171.80  9.70304e-17  3.04772e-17
      3174.54  1.05520e-16  3.59638e-17
      3177.29  1.68156e-16  3.29901e-17
      3180.04  3.70903e-17  3.76227e-17
      3182.78  4.91817e-17  2.98668e-17
      3185.53  1.15872e-16  2.92083e-17
      3188.28  1.38296e-16  5.41740e-17
      3191.02  1.06007e-16  2.95551e-17
      3193.77  1.22782e-16  2.78905e-17
      3196.52  1.87728e-16  3.08366e-17
      3199.26  8.74631e-17  2.87927e-17
      3202.01  1.52329e-16  2.87096e-17
      3204.76  1.01976e-16  2.71833e-17
      3207.50  1.40363e-16  3.61346e-17
      3210.25  1.00258e-16  3.02934e-17
      3213.00  1.50305e-16  2.97297e-17
      3215.74  2.26867e-16  3.46136e-17
      3218.49  2.30455e-16  2.85697e-17
      3221.24  1.35526e-16  2.99515e-17
      3223.98  1.41649e-16  2.85204e-17
      3226.73  1.01245e-16  3.67629e-17
      3229.48  1.55989e-16  2.68906e-17
      3232.22  1.47379e-16  2.78399e-17
      3234.97  1.45612e-16  2.77987e-17
      3237.72  1.68232e-16  2.72274e-17
      3240.47  9.64659e-18  5.36386e-17
      3243.21  2.31074e-16  2.89350e-17
      3245.96  1.72120e-16  2.58737e-17
      3248.71  1.35205e-16  2.70528e-17
      3251.45  1.48869e-16  2.79777e-17
      3254.20  1.66308e-16  2.72394e-17
      3256.95  2.25738e-16  3.33819e-17
      3259.69  2.23970e-16  2.53353e-17
      3262.44  2.22202e-16  2.47885e-17
      3265.19  2.20433e-16  3.64796e-17
      3267.94  2.18665e-16  3.04952e-17
      3270.68  2.16897e-16  2.70321e-17
      3273.43  2.26097e-16  2.98516e-17
      3276.18  2.26808e-16  2.89460e-17
      3278.92  1.84476e-16  2.49245e-17
      3281.67  1.26942e-16  2.60528e-17
      3284.42  1.96959e-16  3.01635e-17
      3287.17  1.74933e-16  2.88807e-17
      3289.91  1.75558e-16  2.44349e-17
      3292.66  1.29396e-16  2.34612e-17
      3295.41  2.78340e-16  2.64600e-17
      3298.16  2.13346e-16  2.52137e-17
      3300.90  1.52925e-16  2.40838e-17
      3303.65  1.42491e-16  2.50399e-17
      3306.40  1.76054e-16  2.40935e-17
      3309.14  2.03947e-16  2.42265e-17
      3311.89  1.94979e-16  2.45798e-17
      3314.64  1.78032e-16  2.48348e-17
      3317.39  1.60949e-16  2.34128e-17
      3320.13  1.78873e-16  2.35178e-17
      3322.88  2.14982e-16  2.42684e-17
      3325.63  1.06974e-16  3.37239e-17
      3328.38  2.09561e-16  2.48085e-17
      3331.12  2.18395e-16  2.55555e-17
      3333.87  2.30107e-16  2.60138e-17
      3336.62  1.93194e-16  2.57514e-17
      3339.37  1.85806e-16  2.51313e-17
      3342.11  1.73631e-16  2.43228e-17
      3344.86  2.39089e-16  2.49538e-17
      3347.61  2.21773e-16  3.18827e-17
      3350.36  2.04457e-16  2.75859e-16
      3353.10  1.87141e-16  2.23218e-17
      3355.85  1.69826e-16  2.31460e-17
      3358.60  1.52510e-16  3.64489e-17
      3361.35  1.35194e-16  2.32109e-17
      3364.09  1.17878e-16  2.47959e-17
      3366.84  2.32277e-16  2.31470e-17
      3369.59  1.37531e-16  2.29974e-17
      3372.34  2.29158e-16  2.47846e-17
      3375.08  2.05065e-16  2.40869e-17
      3377.83  2.40090e-16  2.52608e-17
      3380.58  1.38470e-16  2.67891e-17
      3383.33  1.70097e-16  2.32719e-17
      3386.07  1.83644e-16  2.36783e-17
      3388.82  1.97192e-16  3.05883e-17
      3391.57  2.10739e-16  1.63201e-16
      3394.32  2.24286e-16  2.32087e-17
      3397.06  1.47510e-16  3.23302e-17
      3399.81  1.17392e-16  3.06068e-17
      3402.56  1.67490e-16  2.09351e-17
      3405.31  1.43648e-16  2.01227e-17
      3408.05  1.46623e-16  2.04901e-17
      3410.80  1.54921e-16  2.32455e-17
      3413.55  5.63377e-17  4.83087e-17
      3416.30  1.62960e-16  2.08574e-17
      3419.05  1.48308e-16  2.42283e-17
      3421.79  1.10219e-16  4.48255e-17
      3424.54  1.37795e-16  2.27074e-17
      3427.29  1.57011e-16  2.11029e-17
      3430.04  1.00764e-16  2.34239e-17
      3432.78  1.47698e-16  2.65669e-17
      3435.53  1.07549e-16  4.28610e-17
      3438.28  2.18470e-16  3.49294e-17
      3441.03  1.49392e-16  2.05255e-17
      3443.78  1.67444e-16  2.00049e-17
      3446.52  1.10197e-16  1.94551e-17
      3449.27  1.07138e-16  2.04957e-17
      3452.02  1.14509e-16  3.91461e-17
      3454.77  1.08960e-16  2.11847e-17
      3457.52  1.71052e-16  1.95883e-17
      3460.26  1.03572e-16  1.89173e-17
      3463.01  1.82541e-16  2.05812e-17
      3465.76  8.44515e-17  1.84610e-17
      3468.51  1.22535e-16  1.97131e-17
      3471.26  1.83554e-16  2.07198e-17
      3474.00  1.43645e-16  1.95875e-17
      3476.75  9.10044e-17  1.93827e-17
      3479.50  1.41154e-16  1.92761e-17
      3482.25  1.64991e-16  1.89921e-17
      3485.00  1.48716e-16  1.89235e-17
      3487.74  1.18235e-16  1.96122e-17
      3490.49  1.64821e-16  1.96574e-17
      3493.24  1.50899e-16  2.25545e-17
      3495.99  1.46120e-16  1.91234e-17
      3498.74  1.16246e-16  2.33578e-17
      3501.48  1.49687e-16  1.98809e-17
      3504.23  1.14159e-16  1.80761e-17
      3506.98  1.53941e-16  2.30413e-17
      3509.73  1.64316e-16  1.80351e-17
      3512.48  1.68422e-16  1.98192e-17
      3515.22  1.36393e-16  1.97552e-17
      3517.97  2.07274e-16  2.25443e-17
      3520.72  1.69313e-16  1.95052e-17
      3523.47  1.51243e-16  2.04321e-17
      3526.22  1.48711e-16  2.01493e-17
      3528.96  9.09657e-17  2.11413e-17
      3531.71  2.02040e-16  1.97399e-17
      3534.46  1.72939e-16  1.84691e-17
      3537.21  2.29620e-16  3.68090e-17
      3539.96  1.71604e-16  1.86642e-17
      3542.71  1.67358e-16  1.86950e-17
      3545.45  1.87464e-16  1.87847e-17
      3548.20  2.19076e-16  2.45293e-17
      3550.95  1.99789e-16  1.92706e-17
      3553.70  1.77483e-16  1.84812e-17
      3556.45  2.11949e-16  2.52538e-17
      3559.19  1.96146e-16  1.85202e-17
      3561.94  1.75206e-16  1.84307e-17
      3564.69  1.98473e-16  2.12629e-17
      3567.44  1.35382e-16  1.87283e-17
      3570.19  1.88275e-16  1.93004e-17
      3572.94  1.86124e-16  1.82234e-17
      3575.68  1.94729e-16  2.15101e-17
      3578.43  2.26634e-16  1.96472e-17
      3581.18  1.66321e-16  1.82123e-17
      3583.93  1.66753e-16  2.02088e-17
      3586.68  1.93905e-16  2.05680e-17
      3589.42  2.01652e-16  1.81017e-17
      3592.17  2.07889e-16  1.80352e-17
      3594.92  1.94653e-16  1.86870e-17
      3597.67  1.90046e-16  1.84443e-17
      3600.42  1.97479e-16  1.75924e-17
      3603.17  2.75148e-16  2.06079e-17
      3605.91  1.72942e-16  2.55746e-17
      3608.66  2.17616e-16  2.15110e-17
      3611.41  1.94009e-16  2.28449e-17
      3614.16  1.41373e-16  2.33242e-17
      3616.91  1.55068e-16  2.00907e-17
      3619.66  1.86086e-16  1.94697e-17
      3622.40  2.10079e-16  1.80047e-17
      3625.15  2.12628e-16  2.27895e-17
      3627.90  2.61590e-16  2.41515e-17
      3630.65  2.17746e-16  2.01001e-17
      3633.40  2.16272e-16  3.96202e-17
      3636.15  2.13919e-16  1.87632e-17
      3638.89  2.11040e-16  1.82416e-17
      3641.64  2.09778e-16  1.74583e-17
      3644.39  2.12688e-16  1.86376e-17
      3647.14  2.07168e-16  1.76988e-17
      3649.89  2.54373e-16  1.76544e-17
      3652.64  2.16240e-16  1.85964e-17
      3655.39  2.31395e-16  2.97739e-17
      3658.13  2.49314e-16  1.89832e-17
      3660.88  2.78816e-16  2.20148e-17
      3663.63  2.91252e-16  2.05597e-17
      3666.38  2.14138e-16  2.39444e-17
      3669.13  1.99161e-16  1.71419e-17
      3671.88  2.40182e-16  1.79421e-17
      3674.62  2.71646e-16  3.54279e-17
      3677.37  2.07525e-16  4.15948e-17
      3680.12  2.68094e-16  1.81724e-17
      3682.87  2.41037e-16  1.90161e-17
      3685.62  2.70693e-16  2.47394e-17
      3688.37  2.37690e-16  1.67652e-17
      3691.11  2.62911e-16  1.89353e-17
      3693.86  2.31693e-16  2.15858e-17
      3696.61  2.44844e-16  1.90607e-17
      3699.36  2.57994e-16  2.39025e-17
      3702.11  2.71145e-16  1.66971e-16
      3704.86  2.84296e-16  3.31651e-17
      3707.61  2.97448e-16  2.49754e-17
      3710.35  3.10599e-16  1.89372e-17
      3713.10  3.17023e-16  1.81849e-17
      3715.85  3.31108e-16  1.75068e-17
      3718.60  3.47523e-16  1.74159e-17
      3721.35  3.15124e-16  1.81281e-17
      3724.10  3.03957e-16  1.76177e-17
      3726.85  3.33753e-16  1.72335e-17
      3729.59  3.15919e-16  1.70261e-17
      3732.34  3.41753e-16  1.85278e-17
      3735.09  3.80864e-16  2.32160e-17
      3737.84  3.41334e-16  1.68843e-17
      3740.59  3.89452e-16  1.87243e-17
      3743.34  3.73037e-16  1.77885e-17
      3746.09  3.20305e-16  1.75733e-17
      3748.83  3.53880e-16  1.75608e-17
      3751.58  3.67167e-16  1.79281e-17
      3754.33  3.56845e-16  2.78780e-17
      3757.08  3.89268e-16  3.26569e-17
      3759.83  3.85588e-16  1.67538e-17
      3762.58  4.41850e-16  3.12614e-17
      3765.32  4.32550e-16  1.78280e-17
      3768.07  4.16225e-16  2.18691e-17
      3770.82  3.95728e-16  1.73034e-17
      3773.57  3.41137e-16  1.79181e-17
      3776.32  4.64001e-16  1.87638e-17
      3779.07  3.99953e-16  1.68847e-17
      3781.82  3.98437e-16  2.51875e-17
      3784.56  4.17487e-16  1.73272e-17
      3787.31  4.93022e-16  1.87837e-17
      3790.06  4.05542e-16  2.37449e-17
      3792.81  3.82455e-16  1.72609e-17
      3795.56  4.31647e-16  2.21720e-17
      3798.31  4.09743e-16  1.74929e-17
      3801.06  3.64114e-16  1.80257e-17
      3803.80  4.20061e-16  1.90471e-17
      3806.55  3.77455e-16  1.60846e-17
      3809.30  4.07112e-16  1.67731e-17
      3812.05  4.01225e-16  1.75871e-17
      3814.80  3.87686e-16  1.56587e-17
      3817.55  3.56284e-16  1.56392e-17
      3820.30  4.08564e-16  1.62298e-17
      3823.04  3.69559e-16  1.56164e-17
      3825.79  3.56438e-16  1.53057e-17
      3828.54  3.56678e-16  1.65766e-17
      3831.29  4.07563e-16  1.65034e-17
      3834.04  3.56366e-16  1.55859e-17
      3836.79  3.52375e-16  1.55236e-17
      3839.54  3.54888e-16  1.63861e-17
      3842.28  3.44980e-16  1.88926e-17
      3845.03  3.79795e-16  1.74273e-17
      3847.78  3.72231e-16  1.69047e-17
      3850.53  3.57602e-16  1.52393e-17
      3853.28  3.71297e-16  2.42904e-17
      3856.03  3.59790e-16  1.71856e-17
      3858.78  3.44752e-16  1.45095e-17
      3861.53  3.54627e-16  1.71231e-17
      3864.27  3.54839e-16  1.45970e-17
      3867.02  2.99833e-16  1.50982e-17
      3869.77  3.39076e-16  1.44651e-17
      3872.52  2.89832e-16  3.60913e-17
      3875.27  2.96147e-16  1.32272e-17
      3878.02  2.70400e-16  1.31366e-17
      3880.77  2.64142e-16  2.36693e-17
      3883.51  2.88822e-16  1.30765e-17
      3886.26  2.37631e-16  1.34655e-17
      3889.01  2.67358e-16  1.29848e-17
      3891.76  2.42048e-16  1.28536e-17
      3894.51  2.40823e-16  1.26514e-17
      3897.26  2.16763e-16  1.22009e-17
      3900.01  2.19804e-16  1.39261e-17
      3902.75  2.42431e-16  1.21497e-17
      3905.50  1.99316e-16  1.16166e-17
      3908.25  2.31757e-16  1.22841e-17
      3911.00  2.64935e-16  1.96043e-17
      3913.75  2.00984e-16  1.19787e-17
      3916.50  1.82963e-16  1.25266e-17
      3919.25  1.41343e-16  1.94474e-17
      3921.99  1.64485e-16  1.20880e-17
      3924.74  1.62818e-16  1.22247e-17
      3927.49  1.67673e-16  1.11443e-17
      3930.24  1.64045e-16  1.20419e-17
      3932.99  1.81956e-16  1.10813e-17
      3935.74  1.43353e-16  1.08968e-17
      3938.49  1.67095e-16  1.14927e-17
      3941.23  1.58670e-16  1.10524e-17
      3943.98  1.66700e-16  1.08943e-17
      3946.73  1.73782e-16  1.07482e-17
      3949.48  1.60526e-16  1.12297e-17
      3952.23  1.45486e-16  2.32263e-17
      3954.98  1.74585e-16  1.09683e-17
      3957.73  1.87453e-16  1.13813e-17
      3960.47  1.80471e-16  1.09570e-17
      3963.22  1.58959e-16  1.15079e-17
      3965.97  2.04818e-16  1.12205e-17
      3968.72  1.59831e-16  1.20047e-17
      3971.47  2.00962e-16  1.20427e-17
      3974.22  2.12709e-16  1.26783e-17
      3976.97  2.16263e-16  1.99620e-17
      3979.71  2.19429e-16  1.32637e-17
      3982.46  1.90277e-16  1.07448e-17
      3985.21  2.08841e-16  2.52270e-17
      3987.96  2.16410e-16  1.12628e-17
      3990.71  2.03433e-16  1.09356e-17
      3993.46  1.77874e-16  1.56205e-17
      3996.20  1.82798e-16  1.08100e-17
      3998.95  1.94622e-16  1.36316e-17
      4001.70  2.02773e-16  1.12846e-17
      4004.45  2.08535e-16  1.09832e-17
      4007.20  2.11596e-16  1.11095e-17
      4009.95  2.11443e-16  1.08470e-17
      4012.70  2.19980e-16  1.72942e-17
      4015.44  2.04892e-16  1.19876e-17
      4018.19  2.04570e-16  1.17472e-17
      4020.94  2.05534e-16  1.11167e-17
      4023.69  2.08947e-16  1.03573e-17
      4026.44  2.27796e-16  1.17508e-17
      4029.19  2.57932e-16  2.78211e-17
      4031.94  2.02724e-16  1.04353e-17
      4034.68  2.20978e-16  1.06418e-17
      4037.43  2.17767e-16  1.09274e-17
      4040.18  2.13052e-16  1.28885e-17
      4042.93  2.22014e-16  1.10546e-17
      4045.68  2.47551e-16  1.31985e-17
      4048.43  2.36617e-16  1.20024e-17
      4051.17  2.59207e-16  2.74110e-17
      4053.92  2.78029e-16  1.69508e-17
      4056.67  2.65817e-16  1.12211e-17
      4059.42  2.99190e-16  1.84733e-17
      4062.17  2.50206e-16  1.16658e-17
      4064.92  2.99560e-16  1.16231e-17
      4067.66  3.27895e-16  1.17038e-17
      4070.41  3.35553e-16  1.15452e-17
      4073.16  3.37655e-16  1.21834e-17
      4075.91  3.47958e-16  1.24419e-17
      4078.66  3.70085e-16  1.22013e-17
      4081.41  3.70580e-16  1.24278e-17
      4084.16  3.92310e-16  1.23532e-17
      4086.90  3.94134e-16  2.02858e-17
      4089.65  4.16317e-16  1.22925e-17
      4092.40  4.47989e-16  1.27063e-17
      4095.15  4.41696e-16  1.66941e-17
      4097.90  4.22758e-16  1.74862e-17
      4100.65  4.72558e-16  1.29646e-17
      4103.39  4.94299e-16  1.30700e-17
      4106.14  5.02079e-16  1.41385e-17
      4108.89  4.78348e-16  1.31129e-17
      4111.64  4.92455e-16  1.37501e-17
      4114.39  4.91100e-16  1.33104e-17
      4117.14  5.04550e-16  1.46741e-17
      4119.88  5.22692e-16  1.68693e-17
      4122.63  5.40795e-16  1.34246e-17
      4125.38  5.30602e-16  1.70901e-17
      4128.13  5.47089e-16  1.35683e-17
      4130.88  5.24844e-16  1.35348e-17
      4133.62  5.17932e-16  1.29832e-17
      4136.37  5.70331e-16  1.45487e-17
      4139.12  5.07428e-16  1.76136e-17
      4141.87  5.24976e-16  1.33196e-17
      4144.62  5.39470e-16  1.38081e-17
      4147.37  5.49665e-16  1.38993e-17
      4150.11  5.15552e-16  1.69340e-17
      4152.86  4.92659e-16  1.74492e-17
      4155.61  5.07976e-16  1.47844e-17
      4158.36  5.23291e-16  1.40716e-17
      4161.11  5.38605e-16  1.40659e-17
      4163.86  5.53923e-16  1.41253e-17
      4166.60  5.24025e-16  1.42710e-17
      4169.35  5.27676e-16  1.44595e-17
      4172.10  5.37713e-16  1.28763e-17
      4174.85  5.43016e-16  1.35002e-17
      4177.60  5.42104e-16  1.36150e-17
      4180.34  5.31743e-16  1.78168e-17
      4183.09  5.27075e-16  1.29360e-17
      4185.84  5.17438e-16  1.54500e-17
      4188.59  5.14248e-16  1.27441e-17
      4191.34  4.84376e-16  1.39401e-17
      4194.08  4.91879e-16  1.35197e-17
      4196.83  5.29566e-16  1.29899e-17
      4199.58  5.05563e-16  1.50980e-17
      4202.33  4.42167e-16  1.30367e-17
      4205.08  4.68970e-16  1.27302e-17
      4207.83  4.89943e-16  1.49862e-17
      4210.57  4.99391e-16  1.53520e-17
      4213.32  4.25521e-16  2.16033e-17
      4216.07  4.74334e-16  1.46282e-17
      4218.82  4.17082e-16  1.22181e-17
      4221.57  3.94462e-16  1.42470e-17
      4224.31  4.08161e-16  1.16302e-17
      4227.06  4.33193e-16  1.16105e-17
      4229.81  4.16417e-16  1.15256e-17
      4232.56  4.19363e-16  1.24392e-17
      4235.31  3.91323e-16  1.28778e-17
      4238.05  4.14427e-16  1.25405e-17
      4240.80  4.21045e-16  1.22447e-17
      4243.55  4.21045e-16  1.16851e-17
      4246.30  4.21725e-16  1.44137e-17
      4249.05  4.44369e-16  1.19116e-17
      4251.79  4.48699e-16  1.19462e-17
      4254.54  4.23752e-16  1.21052e-17
      4257.29  4.63670e-16  1.20615e-17
      4260.04  4.39687e-16  1.21970e-17
      4262.79  4.79778e-16  1.20566e-17
      4265.53  4.75466e-16  1.83396e-17
      4268.28  4.76778e-16  1.21280e-17
      4271.03  4.95488e-16  1.24630e-17
      4273.78  5.09975e-16  1.37864e-17
      4276.52  5.05214e-16  1.24156e-17
      4279.27  4.91080e-16  1.23466e-17
      4282.02  5.15688e-16  1.32983e-17
      4284.77  5.33866e-16  1.25970e-17
      4287.52  5.29335e-16  1.23560e-17
      4290.26  5.33743e-16  1.24570e-17
      4293.01  5.07891e-16  1.25487e-17
      4295.76  5.23478e-16  1.28123e-17
      4298.51  4.99222e-16  1.33401e-17
      4301.25  5.10269e-16  1.31797e-17
      4304.00  5.34281e-16  1.23103e-17
      4306.75  5.53646e-16  1.24874e-17
      4309.50  5.19298e-16  1.22321e-17
      4312.25  5.00386e-16  1.27906e-17
      4314.99  5.43823e-16  1.27637e-17
      4317.74  5.39020e-16  1.27218e-17
      4320.49  4.94601e-16  2.97816e-17
      4323.24  5.34608e-16  1.23615e-17
      4325.98  5.34771e-16  1.26943e-17
      4328.73  5.33567e-16  1.29054e-17
      4331.48  5.15305e-16  1.21056e-17
      4334.23  5.25721e-16  1.23096e-17
      4336.97  5.03650e-16  1.21704e-17
      4339.72  4.75262e-16  1.62252e-17
      4342.47  5.06641e-16  1.31179e-17
      4345.22  5.04774e-16  1.17573e-17
      4347.97  4.94654e-16  1.18087e-17
      4350.71  5.13946e-16  1.18901e-17
      4353.46  5.02517e-16  1.17684e-17
      4356.21  4.91213e-16  1.19709e-17
      4358.96  4.79909e-16  1.21685e-17
      4361.70  4.68604e-16  1.24069e-17
      4364.45  4.57300e-16  1.27007e-17
      4367.20  4.66897e-16  1.15307e-17
      4369.95  4.88068e-16  1.22258e-17
      4372.69  4.67073e-16  1.32168e-17
      4375.44  4.64999e-16  1.40437e-17
      4378.19  4.62926e-16  1.30882e-17
      4380.94  4.60852e-16  1.17682e-17
      4383.68  4.58779e-16  1.55725e-17
      4386.43  4.56705e-16  1.13386e-17
      4389.18  4.54631e-16  1.13326e-17
      4391.92  4.52558e-16  1.17371e-17
      4394.67  4.50484e-16  1.16557e-17
      4397.42  4.48411e-16  1.13195e-17
      4400.17  4.46337e-16  1.11400e-17
      4402.91  4.42506e-16  1.17260e-17
      4405.66  4.72244e-16  1.17349e-17
      4408.41  4.45916e-16  1.29632e-17
      4411.16  4.83282e-16  1.56493e-17
      4413.90  4.70207e-16  1.32118e-17
      4416.65  4.51769e-16  1.23396e-17
      4419.40  4.76010e-16  1.14487e-17
      4422.15  4.37468e-16  1.27238e-17
      4424.89  4.49362e-16  1.17619e-17
      4427.64  4.48444e-16  1.23494e-17
      4430.39  4.54220e-16  1.26822e-17
      4433.13  4.84885e-16  1.27299e-17
      4435.88  4.51875e-16  1.31948e-17
      4438.63  4.44951e-16  1.10037e-17
      4441.38  4.55167e-16  1.10961e-17
      4444.12  4.16984e-16  1.09505e-17
      4446.87  4.10639e-16  1.15866e-17
      4449.62  4.40860e-16  1.09265e-17
      4452.36  4.16074e-16  1.12117e-17
      4455.11  4.19205e-16  1.05211e-17
      4457.86  4.20672e-16  1.16434e-17
      4460.61  4.35673e-16  2.22697e-17
      4463.35  3.87882e-16  1.04930e-17
      4466.10  3.80373e-16  1.04815e-17
      4468.85  3.87108e-16  1.04712e-17
      4471.59  3.84283e-16  1.25525e-17
      4474.34  3.70001e-16  1.02778e-17
      4477.09  3.84038e-16  1.16711e-17
      4479.83  3.77320e-16  1.00950e-17
      4482.58  3.45582e-16  1.00391e-17
      4485.33  3.60097e-16  1.05545e-17
      4488.08  3.47572e-16  1.16171e-17
      4490.82  3.46080e-16  1.13987e-17
      4493.57  3.17637e-16  1.05962e-17
      4496.32  3.26150e-16  9.91255e-18
      4499.06  3.24116e-16  1.07862e-17
      4501.81  3.13248e-16  1.01361e-17
      4504.56  3.10877e-16  1.26017e-17
      4507.30  3.23892e-16  1.16556e-17
      4510.05  3.21779e-16  9.76701e-18
      4512.80  3.05550e-16  1.05505e-17
      4515.54  3.58202e-16  1.03340e-17
      4518.29  3.06892e-16  1.17432e-17
      4521.04  3.32995e-16  1.09069e-17
      4523.78  3.07967e-16  9.90829e-18
      4526.53  3.09333e-16  9.44671e-18
      4529.28  2.95303e-16  9.44495e-18
      4532.02  2.67651e-16  9.70236e-18
      4534.77  2.92330e-16  9.31015e-18
      4537.52  2.84007e-16  1.00356e-17
      4540.26  2.72234e-16  1.69862e-17
      4543.01  3.16732e-16  1.17978e-17
      4545.76  2.66495e-16  9.69470e-18
      4548.50  2.79399e-16  1.03166e-17
      4551.25  2.74205e-16  1.03119e-17
      4554.00  2.56570e-16  8.90297e-18
      4556.74  2.75129e-16  1.34993e-17
      4559.49  2.64635e-16  9.54032e-18
      4562.24  2.94026e-16  9.15491e-18
      4564.98  2.75188e-16  9.17262e-18
      4567.73  2.89933e-16  9.06220e-18
      4570.48  2.58311e-16  8.77991e-18
      4573.22  2.36543e-16  9.84459e-18
      4575.97  2.88456e-16  1.02612e-17
      4578.71  2.98707e-16  1.09069e-17
      4581.46  2.55988e-16  9.95419e-18
      4584.21  2.53607e-16  9.50746e-18
      4586.95  2.80982e-16  9.65609e-18
      4589.70  2.56501e-16  9.54986e-18
      4592.45  2.67878e-16  9.07597e-18
      4595.19  2.82294e-16  9.30301e-18
      4597.94  2.80904e-16  9.17806e-18
      4600.69  2.94250e-16  9.44436e-18
      4603.43  2.81366e-16  9.45219e-18
      4606.18  2.92042e-16  9.26246e-18
      4608.92  2.78903e-16  9.10901e-18
      4611.67  3.00047e-16  9.46513e-18
      4614.42  2.91228e-16  9.43434e-18
      4617.16  2.90828e-16  9.31267e-18
      4619.91  2.75940e-16  1.07300e-17
      4622.65  2.94326e-16  1.08620e-17
      4625.40  2.95596e-16  9.29686e-18
      4628.15  3.01050e-16  1.11849e-17
      4630.89  2.90778e-16  1.14854e-17
      4633.64  3.09553e-16  1.05602e-17
      4636.39  3.03252e-16  9.68454e-18
      4639.13  3.00824e-16  9.70934e-18
      4641.88  2.88625e-16  9.66946e-18
      4644.62  2.99166e-16  9.45146e-18
      4647.37  2.78669e-16  9.46412e-18
      4650.12  3.16382e-16  9.41355e-18
      4652.86  3.17674e-16  9.49242e-18
      4655.61  2.98995e-16  9.52906e-18
      4658.35  3.26175e-16  9.58355e-18
      4661.10  3.18083e-16  9.43263e-18
      4663.84  3.30154e-16  1.01653e-17
      4666.59  3.97751e-16  3.71901e-17
      4669.34  3.26168e-16  1.01106e-17
      4672.08  3.44384e-16  9.98586e-18
      4674.83  3.58690e-16  1.01015e-17
      4677.57  3.51395e-16  9.81353e-18
      4680.32  3.22499e-16  9.71454e-18
      4683.06  3.36998e-16  1.13749e-17
      4685.81  3.47431e-16  1.08720e-17
      4688.56  3.43139e-16  1.26513e-17
      4691.30  3.35110e-16  1.14399e-17
      4694.05  3.76199e-16  1.01160e-17
      4696.79  3.67962e-16  1.02515e-17
      4699.54  3.38046e-16  1.01004e-17
      4702.28  3.70590e-16  1.04554e-17
      4705.03  3.91532e-16  1.02275e-17
      4707.78  3.70490e-16  1.00469e-17
      4710.52  3.68503e-16  1.00222e-17
      4713.27  3.64084e-16  1.07587e-17
      4716.01  3.67181e-16  1.03968e-17
      4718.76  3.78966e-16  1.06501e-17
      4721.50  3.74192e-16  1.08683e-17
      4724.25  3.73514e-16  1.07493e-17
      4726.99  3.84902e-16  1.01719e-17
      4729.74  3.82644e-16  1.05472e-17
      4732.48  3.92883e-16  1.04878e-17
      4735.23  4.08708e-16  1.23816e-17
      4737.98  3.76487e-16  1.04789e-17
      4740.72  3.98257e-16  1.09858e-17
      4743.47  4.23099e-16  1.07031e-17
      4746.21  4.19157e-16  1.04992e-17
      4748.96  3.81637e-16  1.06917e-17
      4751.70  3.91889e-16  1.12260e-17
      4754.45  4.23635e-16  1.14294e-17
      4757.19  4.16065e-16  1.14156e-17
      4759.94  3.99437e-16  1.12879e-17
      4762.68  4.11460e-16  1.07975e-17
      4765.43  4.44548e-16  1.11080e-17
      4768.17  4.15916e-16  1.22033e-17
      4770.92  4.20986e-16  1.09571e-17
      4773.66  4.07586e-16  1.09863e-17
      4776.41  4.27132e-16  1.14712e-17
      4779.15  4.49569e-16  1.83482e-17
      4781.90  4.52546e-16  1.09271e-17
      4784.64  4.34618e-16  1.09697e-17
      4787.39  4.51016e-16  1.07337e-17
      4790.13  4.39871e-16  1.05696e-17
      4792.88  4.61023e-16  1.09559e-17
      4795.62  4.33359e-16  1.21263e-17
      4798.37  4.07758e-16  1.18070e-17
      4801.11  4.34349e-16  1.23352e-17
      4803.86  4.02189e-16  1.35025e-17
      4806.60  4.41235e-16  1.38361e-17
      4809.35  4.37777e-16  1.59070e-17
      4812.09  4.07626e-16  1.11850e-17
      4814.84  3.98147e-16  1.08555e-17
      4817.58  3.97561e-16  1.20509e-17
      4820.32  4.02020e-16  1.15767e-17
      4823.07  4.38273e-16  1.24375e-17
      4825.81  3.73878e-16  1.23816e-17
      4828.56  3.96127e-16  1.01161e-17
      4831.30  4.09976e-16  1.04015e-17
      4834.05  4.18921e-16  1.04289e-17
      4836.79  3.98536e-16  1.02862e-17
      4839.54  4.14557e-16  1.03422e-17
      4842.28  3.75969e-16  1.29619e-17
      4845.03  3.84398e-16  1.09662e-17
      4847.77  4.15970e-16  1.04503e-17
      4850.51  4.11994e-16  1.12125e-17
      4853.26  3.76954e-16  1.02092e-17
      4856.00  3.69238e-16  1.12174e-17
      4858.75  3.62717e-16  1.13563e-17
      4861.49  4.29513e-16  1.56149e-17
      4864.24  4.25107e-16  1.18675e-17
      4866.98  4.29398e-16  1.06217e-17
      4869.73  4.04293e-16  1.01041e-17
      4872.47  3.99825e-16  1.02883e-17
      4875.21  4.05759e-16  1.02517e-17
      4877.96  3.89523e-16  1.04138e-17
      4880.70  4.06964e-16  1.06790e-17
      4883.45  4.00619e-16  1.05850e-17
      4886.19  4.19906e-16  1.08063e-17
      4888.93  4.06120e-16  1.02186e-17
      4891.68  4.03867e-16  1.02352e-17
      4894.42  3.84245e-16  1.04209e-17
      4897.17  4.14495e-16  1.10217e-17
      4899.91  3.78088e-16  9.96596e-18
      4902.65  3.69485e-16  1.64923e-17
      4905.40  3.80187e-16  9.83827e-18
      4908.14  3.91434e-16  1.00583e-17
      4910.89  3.73148e-16  9.93341e-18
      4913.63  3.57027e-16  9.68596e-18
      4916.37  3.47837e-16  9.83032e-18
      4919.12  3.44926e-16  9.85558e-18
      4921.86  3.56345e-16  9.73124e-18
      4924.61  3.59332e-16  9.96160e-18
      4927.35  3.42332e-16  9.86116e-18
      4930.09  3.47899e-16  9.92657e-18
      4932.84  3.26719e-16  9.32528e-18
      4935.58  3.09278e-16  9.23368e-18
      4938.32  3.18841e-16  9.58523e-18
      4941.07  3.23061e-16  2.63174e-17
      4943.81  3.29775e-16  1.09303e-17
      4946.55  3.52206e-16  1.12779e-17
      4949.30  3.47916e-16  9.53664e-18
      4952.04  3.41851e-16  1.03798e-17
      4954.79  3.18409e-16  1.44460e-17
      4957.53  3.20450e-16  1.08248e-17
      4960.27  3.20131e-16  9.71862e-18
      4963.02  3.15141e-16  9.08396e-18
      4965.76  3.10769e-16  1.01752e-17
      4968.50  3.16514e-16  1.30512e-17
      4971.25  3.15326e-16  9.17976e-18
      4973.99  2.91955e-16  9.05128e-18
      4976.73  2.99636e-16  8.95791e-18
      4979.48  2.87089e-16  9.95893e-18
      4982.22  2.91970e-16  1.10694e-17
      4984.96  2.96725e-16  9.40014e-18
      4987.71  2.84243e-16  9.38582e-18
      4990.45  2.84943e-16  1.11462e-17
      4993.19  3.02179e-16  1.07473e-17
      4995.93  2.71676e-16  1.01090e-17
      4998.68  2.83656e-16  8.76131e-18
      5001.42  2.59079e-16  8.45836e-18
      5004.16  2.82227e-16  8.80500e-18
      5006.91  2.71445e-16  8.75184e-18
      5009.65  2.78350e-16  8.58518e-18
      5012.39  2.63003e-16  8.65028e-18
      5015.14  2.78380e-16  9.09616e-18
      5017.88  2.93374e-16  8.81700e-18
      5020.62  2.62828e-16  9.13342e-18
      5023.36  2.74865e-16  8.75918e-18
      5026.11  2.74178e-16  8.77533e-18
      5028.85  2.77943e-16  9.34050e-18
      5031.59  2.65792e-16  8.61399e-18
      5034.34  2.68188e-16  8.58490e-18
      5037.08  2.49863e-16  8.66924e-18
      5039.82  2.63593e-16  8.74010e-18
      5042.56  2.50768e-16  8.61137e-18
      5045.31  2.39808e-16  8.28255e-18
      5048.05  2.75123e-16  1.01715e-17
      5050.79  2.65759e-16  8.94249e-18
      5053.53  2.78043e-16  9.05441e-18
      5056.28  2.73268e-16  1.01227e-17
      5059.02  2.60664e-16  8.63367e-18
      5061.76  2.77025e-16  8.87773e-18
      5064.50  2.55713e-16  8.45167e-18
      5067.25  2.56463e-16  1.62658e-17
      5069.99  2.56619e-16  9.52146e-18
      5072.73  2.54631e-16  8.30103e-18
      5075.47  2.62978e-16  8.70900e-18
      5078.22  2.44912e-16  8.53611e-18
      5080.96  2.41251e-16  8.16238e-18
      5083.70  2.56642e-16  9.67704e-18
      5086.44  2.61706e-16  8.72593e-18
      5089.18  2.37630e-16  1.62338e-17
      5091.93  2.50094e-16  8.73351e-18
      5094.67  2.48915e-16  8.34077e-18
      5097.41  2.36887e-16  8.61317e-18
      5100.15  2.46930e-16  8.31943e-18
      5102.89  2.23982e-16  9.20256e-18
      5105.64  2.31492e-16  1.71585e-17
      5108.38  2.41950e-16  8.15273e-18
      5111.12  2.45535e-16  8.97827e-18
      5113.86  2.63180e-16  9.03663e-18
      5116.60  2.14675e-16  7.99033e-18
      5119.35  2.30284e-16  1.00763e-17
      5122.09  2.20426e-16  8.16694e-18
      5124.83  2.14254e-16  7.88565e-18
      5127.57  2.16915e-16  8.00531e-18
      5130.31  2.22446e-16  8.17435e-18
      5133.05  1.98484e-16  8.10605e-18
      5135.80  2.16390e-16  8.33784e-18
      5138.54  2.08152e-16  7.65883e-18
      5141.28  2.29958e-16  8.04156e-18
      5144.02  2.21043e-16  8.08000e-18
      5146.76  2.18447e-16  7.91619e-18
      5149.50  2.17589e-16  7.85042e-18
      5152.25  2.21004e-16  8.49230e-18
      5154.99  2.04204e-16  1.41746e-17
      5157.73  2.16605e-16  8.28496e-18
      5160.47  2.40161e-16  8.45614e-18
      5163.21  2.40019e-16  8.11999e-18
      5165.95  2.30555e-16  1.01518e-17
      5168.69  2.58907e-16  8.38511e-18
      5171.44  2.36953e-16  8.25640e-18
      5174.18  2.53453e-16  8.36276e-18
      5176.92  2.38161e-16  1.05704e-17
      5179.66  2.46439e-16  8.19896e-18
      5182.40  2.52429e-16  2.45500e-17
      5185.14  2.58418e-16  9.17379e-18
      5187.88  2.64408e-16  1.04268e-17
      5190.62  2.78028e-16  9.77813e-18
      5193.36  2.54241e-16  9.07891e-18
      5196.11  2.67151e-16  1.26275e-17
      5198.85  2.47189e-16  8.32149e-18
      5201.59  2.77207e-16  8.50305e-18
      5204.33  2.43238e-16  8.29014e-18
      5207.07  2.52044e-16  8.75716e-18
      5209.81  2.79335e-16  8.78863e-18
      5212.55  2.38866e-16  8.33376e-18
      5215.29  2.41454e-16  8.45333e-18
      5218.03  2.42533e-16  8.12322e-18
      5220.77  2.20980e-16  8.11714e-18
      5223.51  2.17947e-16  7.93429e-18
      5226.25  2.08355e-16  9.54494e-18
      5229.00  2.03848e-16  7.98446e-18
      5231.74  2.17601e-16  8.07348e-18
      5234.48  2.22686e-16  7.86823e-18
      5237.22  2.31113e-16  8.10658e-18
      5239.96  2.11284e-16  7.84685e-18
      5242.70  1.81364e-16  8.13219e-18
      5245.44  1.95610e-16  7.78575e-18
      5248.18  1.78474e-16  7.47554e-18
      5250.92  2.20795e-16  7.75790e-18
      5253.66  2.13297e-16  7.93765e-18
      5256.40  2.26781e-16  8.47069e-18
      5259.14  2.20953e-16  9.84384e-18
      5261.88  2.02911e-16  7.71938e-18
      5264.62  1.93500e-16  8.02539e-18
      5267.36  2.13401e-16  9.20005e-18
      5270.10  2.06554e-16  7.78151e-18
      5272.84  2.10941e-16  8.06421e-18
      5275.58  1.95933e-16  7.81355e-18
      5278.32  2.08794e-16  9.61833e-18
      5281.06  1.96471e-16  7.97894e-18
      5283.80  2.01544e-16  8.31833e-18
      5286.54  1.96246e-16  7.71604e-18
      5289.28  1.90477e-16  7.77784e-18
      5292.02  2.01351e-16  7.94816e-18
      5294.76  1.88627e-16  7.92307e-18
      5297.50  2.04135e-16  8.05282e-18
      5300.24  2.16506e-16  8.03569e-18
      5302.98  1.99797e-16  8.13843e-18
      5305.72  2.13745e-16  8.02063e-18
      5308.46  2.02509e-16  8.09784e-18
      5311.20  1.95857e-16  8.02856e-18
      5313.94  2.12257e-16  8.17392e-18
      5316.68  2.17506e-16  8.31325e-18
      5319.42  2.18929e-16  8.79455e-18
      5322.16  2.18993e-16  9.37275e-18
      5324.90  2.49922e-16  9.01146e-18
      5327.64  2.20306e-16  8.05476e-18
      5330.38  2.14257e-16  8.00356e-18
      5333.11  2.08125e-16  8.06839e-18
      5335.85  2.24418e-16  1.12474e-17
      5338.59  2.44947e-16  9.89060e-18
      5341.33  2.38735e-16  9.50893e-18
      5344.07  2.26279e-16  8.17052e-18
      5346.81  2.53616e-16  8.44167e-18
      5349.55  2.55827e-16  1.65401e-17
      5352.29  2.40325e-16  8.54353e-18
      5355.03  2.28276e-16  8.19716e-18
      5357.77  2.68815e-16  8.68858e-18
      5360.51  2.61091e-16  8.67409e-18
      5363.25  2.47633e-16  8.57311e-18
      5365.98  2.59589e-16  8.59731e-18
      5368.72  2.66950e-16  8.79424e-18
      5371.46  2.73140e-16  8.72883e-18
      5374.20  2.67744e-16  8.60916e-18
      5376.94  2.46077e-16  8.54900e-18
      5379.68  2.66618e-16  8.72753e-18
      5382.42  2.94550e-16  9.22372e-18
      5385.16  2.96800e-16  8.75736e-18
      5387.89  2.87250e-16  8.77152e-18
      5390.63  2.90864e-16  8.90531e-18
      5393.37  3.08196e-16  9.03938e-18
      5396.11  2.98887e-16  9.00876e-18
      5398.85  2.99163e-16  1.02631e-17
      5401.59  2.95463e-16  9.44046e-18
      5404.33  2.94144e-16  8.96587e-18
      5407.06  3.10157e-16  9.87462e-18
      5409.80  2.89597e-16  9.51320e-18
      5412.54  2.97570e-16  9.14805e-18
      5415.28  3.12333e-16  9.48074e-18
      5418.02  3.19275e-16  9.70504e-18
      5420.76  2.93361e-16  2.27895e-17
      5423.49  3.06425e-16  9.18648e-18
      5426.23  3.17707e-16  9.86606e-18
      5428.97  3.21307e-16  9.38387e-18
      5431.71  3.05102e-16  9.62143e-18
      5434.45  2.90246e-16  9.90600e-18
      5437.18  3.31367e-16  9.86763e-18
      5439.92  3.31575e-16  9.45256e-18
      5442.66  3.04125e-16  9.37568e-18
      5445.40  3.41649e-16  9.54485e-18
      5448.14  3.14411e-16  9.38019e-18
      5450.87  3.00215e-16  9.84576e-18
      5453.61  3.00006e-16  1.05482e-17
      5456.35  2.78478e-16  9.99518e-18
      5459.09  3.23717e-16  1.00084e-17
      5461.82  3.30551e-16  9.61881e-18
      5464.56  3.16065e-16  9.22460e-18
      5467.30  3.36642e-16  1.10731e-17
      5470.04  3.14167e-16  9.47685e-18
      5472.78  3.23678e-16  9.43101e-18
      5475.51  3.05265e-16  9.15818e-18
      5478.25  3.16425e-16  9.43261e-18
      5480.99  3.15048e-16  7.67331e-17
      5483.73  3.13672e-16  9.37363e-18
      5486.46  3.12295e-16  9.14810e-18
      5489.20  3.10919e-16  9.44700e-18
      5491.94  3.02533e-16  9.94231e-18
      5494.67  2.96275e-16  9.33331e-18
      5497.41  3.15488e-16  1.06011e-17
      5500.15  3.19489e-16  9.49643e-18
      5502.89  3.26982e-16  9.85145e-18
      5505.62  3.26701e-16  9.86505e-18
      5508.36  2.82903e-16  9.06883e-18
      5511.10  2.98049e-16  9.34746e-18
      5513.83  3.04074e-16  9.31870e-18
      5516.57  3.12820e-16  9.19216e-18
      5519.31  3.12379e-16  9.29558e-18
      5522.04  2.85063e-16  1.46064e-17
      5524.78  3.17103e-16  9.35631e-18
      5527.52  3.10062e-16  9.60238e-18
      5530.25  2.79544e-16  8.98754e-18
      5532.99  2.92444e-16  9.18862e-18
      5535.73  2.90128e-16  9.02760e-18
      5538.46  2.93227e-16  9.34317e-18
      5541.20  2.90352e-16  9.29234e-18
      5543.94  2.80730e-16  9.12879e-18
      5546.67  2.71107e-16  9.33981e-18
      5549.41  2.61485e-16  1.08695e-17
      5552.15  2.51861e-16  2.99600e-17
      5554.88  2.42240e-16  8.64891e-18
      5557.62  2.32617e-16  8.47008e-18
      5560.36  2.22995e-16  9.27767e-18
      5563.09  2.10285e-16  8.60969e-18
      5565.83  2.31872e-16  8.77925e-18
      5568.56  2.03314e-16  8.12080e-18
      5571.30  2.13581e-16  8.19212e-18
      5574.04  2.21827e-16  8.85822e-18
      5576.77  2.02074e-16  7.92598e-18
      5579.51  2.03522e-16  8.32040e-18
      5582.24  2.09799e-16  8.29730e-18
      5584.98  2.00486e-16  8.34162e-18
      5587.72  2.22888e-16  9.16719e-18
      5590.45  2.15072e-16  8.33890e-18
      5593.19  2.01237e-16  8.29851e-18
      5595.92  1.77327e-16  1.66183e-17
      5598.66  2.22861e-16  8.39381e-18
      5601.40  2.08818e-16  8.37795e-18
      5604.13  2.21712e-16  1.10747e-17
      5606.87  2.00209e-16  9.88097e-18
      5609.60  2.00018e-16  8.13186e-18
      5612.34  2.20514e-16  8.27255e-18
      5615.07  2.05165e-16  8.65297e-18
      5617.81  1.79148e-16  8.57456e-18
      5620.54  2.19906e-16  8.37407e-18
      5623.28  1.99987e-16  8.49492e-18
      5626.01  1.76004e-16  9.09578e-18
      5628.75  2.08419e-16  8.78591e-18
      5631.49  2.16235e-16  9.06576e-18
      5634.22  1.88355e-16  1.60706e-17
      5636.96  2.19804e-16  8.41819e-18
      5639.69  2.15129e-16  8.76269e-18
      5642.43  2.11554e-16  8.36222e-18
      5645.16  1.94544e-16  1.01860e-17
      5647.90  2.13891e-16  8.49458e-18
      5650.63  2.27425e-16  9.11563e-18
      5653.37  2.12355e-16  8.68794e-18
      5656.10  2.32207e-16  9.05569e-18
      5658.83  2.33389e-16  9.10852e-18
      5661.57  2.14105e-16  9.08569e-18
      5664.30  2.16827e-16  8.62812e-18
      5667.04  1.93562e-16  8.76545e-18
      5669.77  2.11412e-16  8.97580e-18
      5672.51  2.03358e-16  9.19785e-18
      5675.24  2.16415e-16  9.37011e-18
      5677.98  2.26344e-16  9.87120e-18
      5680.71  2.16309e-16  9.82216e-18
      5683.45  2.48334e-16  1.04669e-17
      5686.18  2.06663e-16  1.59596e-17
      5688.92  2.14421e-16  1.26056e-17
      5691.65  2.35254e-16  1.13707e-17
      5694.38  2.31806e-16  1.04776e-17
      5697.12  3.58978e-16  1.93817e-17
