      2889.22 -4.27847e-16  3.00392e-15
      2891.96 -8.06198e-16  1.78464e-15
      2894.71  1.16449e-15  1.47441e-15
      2897.45  1.19884e-15  1.11615e-15
      2900.20  2.52407e-16  9.37872e-16
      2902.94 -8.73424e-16  8.64851e-16
      2905.69 -8.34541e-16  7.25570e-16
      2908.43  8.72142e-16  7.06875e-16
      2911.18 -3.37079e-15  1.48933e-15
      2913.92 -1.80622e-16  5.48311e-16
      2916.67  2.73942e-16  5.08329e-16
      2919.41  2.74551e-17  4.24295e-16
      2922.16  4.87582e-16  3.73005e-16
      2924.90  1.30265e-16  3.57617e-16
      2927.65 -5.24416e-16  4.23770e-16
      2930.39  1.43690e-16  2.80366e-16
      2933.14 -1.40026e-16  3.84311e-16
      2935.88  4.80656e-16  3.42746e-16
      2938.63 -2.18992e-15  9.98094e-16
      2941.37 -2.09814e-17  1.54130e-16
      2944.12 -1.13307e-17  1.49029e-16
      2946.86 -1.10682e-17  1.48160e-16
      2949.61  1.93586e-16  1.46449e-16
      2952.35  1.57719e-16  1.00879e-16
      2955.10  1.39547e-16  9.44360e-17
      2957.84  2.77006e-16  9.03065e-17
      2960.59  2.12001e-18  1.44549e-16
      2963.33  3.11555e-16  7.61050e-17
      2966.08  1.83445e-16  7.09814e-17
      2968.82  2.95795e-16  6.97947e-17
      2971.57  2.08609e-16  6.30687e-17
      2974.31  4.77852e-17  6.10338e-17
      2977.06  1.99433e-16  5.88665e-17
      2979.80  1.90947e-16  6.16458e-17
      2982.55  1.82461e-16  6.04990e-17
      2985.29  1.73976e-16  6.71091e-17
      2988.04  1.65490e-16  9.48516e-17
      2990.78  1.83409e-16  5.76132e-17
      2993.53  2.46515e-16  6.20544e-17
      2996.28  2.42057e-16  6.10957e-17
      2999.02  2.52516e-16  5.38027e-17
      3001.77  1.94778e-16  5.89495e-17
      3004.51  2.05321e-16  5.61769e-17
      3007.26  1.96986e-16  2.01011e-16
      3010.00  1.88652e-16  5.09848e-17
      3012.75  1.66380e-16  5.35882e-17
      3015.49  1.61446e-16  5.05509e-17
      3018.24  1.56512e-16  1.97617e-16
      3020.99  1.51577e-16  4.75979e-17
      3023.73  1.46643e-16  4.52927e-17
      3026.48  2.30785e-16  4.71170e-17
      3029.22  2.23926e-16  4.48290e-17
      3031.97  1.59816e-16  4.41447e-17
      3034.71  1.89612e-16  4.56516e-17
      3037.46  1.95860e-16  4.47666e-17
      3040.21  2.02109e-16  7.01404e-17
      3042.95  2.08357e-16  4.34125e-17
      3045.70  2.14605e-16  4.19129e-17
      3048.44  2.20853e-16  3.98228e-17
      3051.19  2.22937e-16  5.02115e-17
      3053.93  2.25462e-16  4.65679e-17
      3056.68  2.27986e-16  4.17748e-17
      3059.43  2.30510e-16  3.90937e-17
      3062.17  2.33034e-16  3.85348e-17
      3064.92  2.53853e-16  3.85051e-17
      3067.66  1.91548e-16  4.06395e-17
      3070.41  2.29394e-16  3.99265e-17
      3073.16  2.53385e-16  3.70282e-17
      3075.90  2.21095e-16  3.64064e-17
      3078.65  2.21329e-16  3.93588e-17
      3081.39  1.97687e-16  4.34702e-17
      3084.14  2.09822e-16  3.35204e-17
      3086.89  2.10705e-16  3.51582e-17
      3089.63  2.11587e-16  4.59363e-17
      3092.38  2.12470e-16  4.04423e-17
      3095.12  2.13353e-16  6.22245e-17
      3097.87  2.14236e-16  6.77967e-17
      3100.62  2.15118e-16  3.33344e-17
      3103.36  2.16001e-16  3.47046e-17
      3106.11  1.38164e-16  3.72572e-17
      3108.85  1.80985e-16  3.61517e-17
      3111.60  1.73158e-16  3.50986e-17
      3114.35  1.36639e-16  3.58885e-17
      3117.09  8.82659e-17  7.68003e-17
      3119.84  2.42886e-16  3.31131e-17
      3122.59  1.64023e-16  3.15294e-17
      3125.33  1.69094e-16  3.58635e-17
      3128.08  2.09979e-16  3.57982e-17
      3130.83  2.25220e-16  4.10537e-17
      3133.57  2.68169e-16  3.61613e-17
      3136.32  2.10519e-16  3.80602e-17
      3139.06  2.21088e-16  3.55920e-17
      3141.81  2.31659e-16  2.30994e-16
      3144.56  2.42228e-16  1.10078e-16
      3147.30  2.52799e-16  3.38842e-17
      3150.05  2.63369e-16  4.04238e-17
      3152.80  2.78723e-16  3.46675e-17
      3155.54  2.64110e-16  3.71878e-17
      3158.29  2.68333e-16  3.25083e-17
      3161.04  2.66233e-16  4.16287e-17
      3163.78  2.64133e-16  6.76274e-17
      3166.53  2.62034e-16  3.28844e-17
      3169.28  2.59934e-16  3.39815e-17
      3172.02  2.70002e-16  3.10735e-17
      3174.77  2.43728e-16  3.15894e-17
      3177.52  2.55386e-16  3.28728e-17
      3180.26  3.70806e-16  4.03348e-17
      3183.01  3.20246e-16  3.05735e-17
      3185.76  2.97680e-16  3.30152e-17
      3188.50  3.36734e-16  5.19567e-17
      3191.25  3.23299e-16  3.07815e-17
      3194.00  3.79484e-16  3.01297e-17
      3196.74  3.90163e-16  3.21810e-17
      3199.49  3.25572e-16  2.96576e-17
      3202.24  3.62868e-16  2.97496e-17
      3204.98  3.78826e-16  3.00090e-17
      3207.73  3.52409e-16  3.38265e-17
      3210.48  3.70899e-16  3.03487e-17
      3213.22  3.19357e-16  2.83199e-17
      3215.97  2.69113e-16  3.23487e-17
      3218.72  3.76135e-16  2.97234e-17
      3221.46  3.18268e-16  2.98355e-17
      3224.21  3.51989e-16  2.91207e-17
      3226.96  3.76850e-16  2.90898e-17
      3229.70  3.72535e-16  2.80442e-17
      3232.45  3.17313e-16  2.73253e-17
      3235.20  3.35317e-16  2.80036e-17
      3237.95  3.46723e-16  2.80854e-17
      3240.69  1.76321e-16  5.00266e-17
      3243.44  3.02623e-16  2.85068e-17
      3246.19  3.26151e-16  2.68370e-17
      3248.93  3.04806e-16  2.77276e-17
      3251.68  2.53387e-16  2.75340e-17
      3254.43  2.55701e-16  2.66444e-17
      3257.18  2.91376e-16  3.19013e-17
      3259.92  2.94029e-16  2.60515e-17
      3262.67  2.27749e-16  2.42853e-17
      3265.42  2.27787e-16  2.68777e-17
      3268.16  3.02859e-16  2.89978e-17
      3270.91  2.27776e-16  2.70592e-17
      3273.66  2.42176e-16  3.41050e-17
      3276.40  2.75974e-16  2.99703e-17
      3279.15  2.24885e-16  2.66890e-17
      3281.90  2.43889e-16  2.58433e-17
      3284.65  2.38287e-16  3.07620e-17
      3287.39  3.09484e-16  2.96358e-17
      3290.14  2.11597e-16  2.30201e-17
      3292.89  2.03938e-16  2.29552e-17
      3295.64  1.69105e-16  2.60898e-17
      3298.38  2.07647e-16  2.35780e-17
      3301.13  1.60528e-16  2.27601e-17
      3303.88  1.78335e-16  2.38691e-17
      3306.62  2.40994e-16  2.37681e-17
      3309.37  2.04628e-16  2.28855e-17
      3312.12  2.08188e-16  2.36164e-17
      3314.87  2.00870e-16  2.29934e-17
      3317.61  2.24821e-16  2.30018e-17
      3320.36  2.26910e-16  2.30685e-17
      3323.11  2.36238e-16  2.37076e-17
      3325.86  2.01183e-16  3.40572e-17
      3328.60  2.50322e-16  2.39429e-17
      3331.35  2.26132e-16  2.40431e-17
      3334.10  2.71572e-16  2.36703e-17
      3336.85  2.18752e-16  2.32628e-17
      3339.59  2.04498e-16  2.22811e-17
      3342.34  1.67062e-16  2.41053e-17
      3345.09  2.10873e-16  2.29384e-17
      3347.84  2.14939e-16  3.02311e-17
      3350.58  2.19006e-16  1.59545e-16
      3353.33  2.23073e-16  2.22458e-17
      3356.08  2.27139e-16  2.24033e-17
      3358.83  2.31206e-16  3.36182e-17
      3361.57  1.96627e-16  2.24657e-17
      3364.32  2.17194e-16  2.42543e-17
      3367.07  2.09062e-16  2.17317e-17
      3369.82  2.01959e-16  2.10798e-17
      3372.56  2.50898e-16  2.20886e-17
      3375.31  2.26765e-16  2.15861e-17
      3378.06  2.40751e-16  2.17959e-17
      3380.81  2.07602e-16  2.16206e-17
      3383.55  2.48021e-16  2.15306e-17
      3386.30  1.88936e-16  2.23014e-17
      3389.05  2.01306e-16  2.88687e-17
      3391.80  2.13677e-16  2.14983e-16
      3394.54  2.26047e-16  2.30229e-17
      3397.29  2.34808e-16  3.10647e-17
      3400.04  2.58919e-16  2.90704e-17
      3402.79  2.63445e-16  2.22919e-17
      3405.54  2.09279e-16  2.19572e-17
      3408.28  3.05571e-16  2.17655e-17
      3411.03  2.31389e-16  2.24455e-17
      3413.78  1.61761e-16  4.32197e-17
      3416.53  2.66176e-16  2.49208e-17
      3419.27  1.97398e-16  2.34266e-17
      3422.02  1.72298e-16  4.20136e-17
      3424.77  2.54256e-16  2.12297e-17
      3427.52  2.95667e-16  2.14715e-17
      3430.27  2.24674e-16  2.25270e-17
      3433.01  2.34759e-16  3.23368e-17
      3435.76  2.57238e-16  3.56655e-17
      3438.51  3.39937e-16  3.45795e-17
      3441.26  2.89563e-16  2.13605e-17
      3444.01  2.89057e-16  2.13237e-17
      3446.75  2.83599e-16  2.11990e-17
      3449.50  3.17252e-16  2.17346e-17
      3452.25  2.17939e-16  3.72318e-17
      3455.00  2.76877e-16  2.21481e-17
      3457.74  3.19335e-16  2.09274e-17
      3460.49  3.05871e-16  2.06289e-17
      3463.24  3.15345e-16  2.08777e-17
      3465.99  3.41462e-16  2.06882e-17
      3468.74  3.24271e-16  2.18692e-17
      3471.48  3.30975e-16  2.19519e-17
      3474.23  3.69455e-16  2.11255e-17
      3476.98  3.19539e-16  2.02625e-17
      3479.73  3.06641e-16  1.99718e-17
      3482.48  3.06639e-16  1.95613e-17
      3485.22  2.99622e-16  2.09522e-17
      3487.97  2.97274e-16  2.00500e-17
      3490.72  3.01230e-16  2.06542e-17
      3493.47  3.05356e-16  4.99152e-17
      3496.22  3.19850e-16  2.00478e-17
      3498.96  2.88665e-16  2.65077e-17
      3501.71  3.44233e-16  2.13629e-17
      3504.46  3.18770e-16  1.98920e-17
      3507.21  3.43948e-16  2.35409e-17
      3509.96  2.86422e-16  1.95416e-17
      3512.71  3.54875e-16  2.03451e-17
      3515.45  3.66117e-16  2.09393e-17
      3518.20  3.49105e-16  2.20233e-17
      3520.95  3.54750e-16  2.00350e-17
      3523.70  3.76644e-16  2.28495e-17
      3526.45  3.96910e-16  2.43463e-17
      3529.19  3.91276e-16  2.70495e-17
      3531.94  3.93317e-16  2.14006e-17
      3534.69  3.76079e-16  2.05973e-17
      3537.44  3.91914e-16  3.55511e-17
      3540.19  4.05216e-16  2.15449e-17
      3542.93  3.93246e-16  2.05785e-17
      3545.68  3.60166e-16  2.03121e-17
      3548.43  3.86760e-16  2.55802e-17
      3551.18  4.03775e-16  2.00578e-17
      3553.93  4.00314e-16  2.03412e-17
      3556.68  4.23710e-16  2.26206e-17
      3559.42  4.27657e-16  2.05039e-17
      3562.17  4.47726e-16  2.10314e-17
      3564.92  4.59705e-16  2.33867e-17
      3567.67  5.00635e-16  2.17472e-17
      3570.42  5.05461e-16  2.13214e-17
      3573.17  5.27213e-16  2.13791e-17
      3575.91  5.44088e-16  2.40993e-17
      3578.66  5.17709e-16  2.22645e-17
      3581.41  5.64682e-16  2.20328e-17
      3584.16  5.23198e-16  2.28995e-17
      3586.91  5.37311e-16  2.52571e-17
      3589.66  5.18169e-16  2.39517e-17
      3592.40  5.40168e-16  2.17510e-17
      3595.15  5.80588e-16  2.24117e-17
      3597.90  5.60761e-16  2.18927e-17
      3600.65  5.72825e-16  2.19072e-17
      3603.40  5.53113e-16  2.31822e-17
      3606.14  5.86987e-16  2.79570e-17
      3608.89  6.06237e-16  2.41130e-17
      3611.64  6.09866e-16  2.34463e-17
      3614.39  6.10255e-16  2.59394e-17
      3617.14  6.10644e-16  2.51777e-17
      3619.89  6.11034e-16  2.22784e-17
      3622.64  6.11423e-16  2.18837e-17
      3625.38  6.30037e-16  2.48128e-17
      3628.13  6.35757e-16  2.41014e-17
      3630.88  6.41477e-16  2.33737e-17
      3633.63  6.47198e-16  3.19186e-17
      3636.38  6.52918e-16  2.26631e-17
      3639.13  6.51289e-16  2.21578e-17
      3641.87  6.48063e-16  2.19753e-17
      3644.62  6.48589e-16  2.25523e-17
      3647.37  6.51855e-16  2.19391e-17
      3650.12  6.84625e-16  2.19010e-17
      3652.87  7.02548e-16  2.26846e-17
      3655.62  6.71822e-16  3.12551e-17
      3658.36  6.82502e-16  2.21598e-17
      3661.11  7.13346e-16  2.37556e-17
      3663.86  7.05877e-16  2.18754e-17
      3666.61  7.80167e-16  2.58634e-17
      3669.36  7.31122e-16  2.20897e-17
      3672.11  7.43165e-16  2.24398e-17
      3674.85  7.55208e-16  3.23275e-17
      3677.60  7.67252e-16  4.09836e-17
      3680.35  7.79296e-16  2.26755e-17
      3683.10  7.72418e-16  2.70153e-17
      3685.85  8.12006e-16  3.27616e-17
      3688.60  8.02293e-16  2.41790e-17
      3691.35  7.66114e-16  2.21388e-17
      3694.09  7.92506e-16  2.24532e-17
      3696.84  8.01175e-16  2.27520e-17
      3699.59  7.98430e-16  2.39947e-17
      3702.34  7.95683e-16  1.19461e-16
      3705.09  7.92937e-16  2.40259e-17
      3707.84  8.23991e-16  2.55522e-17
      3710.59  8.23661e-16  2.22182e-17
      3713.33  8.09708e-16  2.21106e-17
      3716.08  8.11693e-16  2.18878e-17
      3718.83  8.13677e-16  2.37005e-17
      3721.58  8.15661e-16  3.51268e-17
      3724.33  8.17646e-16  2.56615e-17
      3727.08  8.19630e-16  2.18160e-17
      3729.83  8.21614e-16  2.16452e-17
      3732.57  8.23599e-16  2.25349e-17
      3735.32  8.25583e-16  2.55132e-17
      3738.07  8.42720e-16  2.16557e-17
      3740.82  8.65821e-16  2.24535e-17
      3743.57  8.18848e-16  2.15561e-17
      3746.32  8.55665e-16  2.19976e-17
      3749.06  8.12691e-16  2.13994e-17
      3751.81  8.01010e-16  2.15286e-17
      3754.56  7.90504e-16  2.90724e-17
      3757.31  7.35135e-16  3.23580e-17
      3760.06  7.61917e-16  2.01389e-17
      3762.81  7.41510e-16  2.83210e-17
      3765.56  7.14513e-16  2.50155e-17
      3768.30  6.87516e-16  2.15398e-17
      3771.05  6.60517e-16  2.00068e-17
      3773.80  6.45919e-16  1.89038e-17
      3776.55  6.09319e-16  1.92085e-17
      3779.30  5.77928e-16  1.80125e-17
      3782.05  5.72226e-16  1.98152e-17
      3784.80  5.66496e-16  2.02364e-17
      3787.55  5.05080e-16  1.86416e-17
      3790.29  4.67492e-16  2.07774e-17
      3793.04  4.85055e-16  1.75074e-17
      3795.79  4.05679e-16  2.01355e-17
      3798.54  4.52083e-16  1.61335e-17
      3801.29  4.28107e-16  1.57777e-17
      3804.04  4.23691e-16  1.64124e-17
      3806.79  3.97387e-16  1.55754e-17
      3809.53  3.94522e-16  1.57305e-17
      3812.28  3.94449e-16  1.60343e-17
      3815.03  3.50024e-16  1.47643e-17
      3817.78  3.77388e-16  1.51130e-17
      3820.53  3.52440e-16  1.46797e-17
      3823.28  3.74784e-16  1.47724e-17
      3826.03  3.37465e-16  1.45315e-17
      3828.77  3.48288e-16  1.56816e-17
      3831.52  3.05816e-16  1.53667e-17
      3834.27  3.62275e-16  1.53129e-17
      3837.02  3.17106e-16  1.36913e-17
      3839.77  2.81540e-16  1.35974e-17
      3842.52  3.20669e-16  1.36333e-17
      3845.27  2.95807e-16  1.38791e-17
      3848.01  3.28009e-16  1.51182e-17
      3850.76  3.20725e-16  1.37565e-17
      3853.51  3.04061e-16  1.90664e-17
      3856.26  3.21491e-16  1.36882e-17
      3859.01  3.27828e-16  1.36819e-17
      3861.76  3.33420e-16  1.60764e-17
      3864.51  3.25216e-16  1.34145e-17
      3867.25  3.63916e-16  1.43957e-17
      3870.00  3.69959e-16  1.52622e-17
      3872.75  4.58240e-16  4.98248e-17
      3875.50  4.33888e-16  1.61735e-17
      3878.25  4.13882e-16  1.63850e-17
      3881.00  4.25320e-16  1.57750e-17
      3883.75  4.60078e-16  1.42873e-17
      3886.49  4.42128e-16  1.44900e-17
      3889.24  4.69969e-16  1.45044e-17
      3891.99  4.67854e-16  1.43569e-17
      3894.74  4.65787e-16  1.44432e-17
      3897.49  4.75709e-16  1.44683e-17
      3900.24  4.59318e-16  1.61962e-17
      3902.99  4.47729e-16  1.40619e-17
      3905.74  4.47458e-16  1.38065e-17
      3908.48  4.39019e-16  1.39797e-17
      3911.23  4.50035e-16  2.16489e-17
      3913.98  4.11205e-16  1.36441e-17
      3916.73  4.22533e-16  1.40019e-17
      3919.48  4.41006e-16  1.49863e-17
      3922.23  4.70606e-16  1.44416e-17
      3924.98  4.41970e-16  1.45729e-17
      3927.72  4.27632e-16  1.34074e-17
      3930.47  4.74407e-16  1.37739e-17
      3933.22  4.27976e-16  1.34115e-17
      3935.97  4.23471e-16  1.36442e-17
      3938.72  4.54600e-16  1.38768e-17
      3941.47  4.65286e-16  1.37775e-17
      3944.22  4.58459e-16  1.36314e-17
      3946.96  4.72884e-16  1.38311e-17
      3949.71  4.88608e-16  1.54668e-17
      3952.46  4.62337e-16  2.63216e-17
      3955.21  4.89059e-16  1.57118e-17
      3957.96  5.14346e-16  1.46433e-17
      3960.71  5.26377e-16  1.44877e-17
      3963.46  5.19412e-16  1.41048e-17
      3966.20  5.26668e-16  1.39420e-17
      3968.95  5.52931e-16  1.45285e-17
      3971.70  6.00585e-16  1.44394e-17
      3974.45  6.25528e-16  1.50969e-17
      3977.20  6.40795e-16  1.93249e-17
      3979.95  6.70692e-16  1.64556e-17
      3982.70  6.89396e-16  1.51142e-17
      3985.44  6.41008e-16  2.57908e-17
      3988.19  7.15743e-16  1.55609e-17
      3990.94  7.91516e-16  1.59303e-17
      3993.69  7.31156e-16  1.93249e-17
      3996.44  7.68341e-16  1.66418e-17
      3999.19  7.79653e-16  2.03996e-17
      4001.94  8.16582e-16  1.73362e-17
      4004.68  8.16967e-16  1.71246e-17
      4007.43  8.40222e-16  1.84056e-17
      4010.18  8.32023e-16  1.60586e-17
      4012.93  9.04426e-16  2.06654e-17
      4015.68  9.18932e-16  1.71795e-17
      4018.43  8.44211e-16  1.66499e-17
      4021.17  9.00579e-16  1.63696e-17
      4023.92  8.78894e-16  1.60689e-17
      4026.67  8.98100e-16  1.63619e-17
      4029.42  8.97932e-16  1.62210e-17
      4032.17  8.72880e-16  1.61520e-17
      4034.92  8.60702e-16  1.58982e-17
      4037.67  8.53076e-16  1.59633e-17
      4040.41  9.07239e-16  1.77013e-17
      4043.16  8.96758e-16  1.76059e-17
      4045.91  8.86749e-16  1.71282e-17
      4048.66  8.86997e-16  1.69815e-17
      4051.41  8.87244e-16  5.96099e-17
      4054.16  8.87492e-16  1.94851e-17
      4056.90  8.87739e-16  1.61677e-17
      4059.65  8.87819e-16  1.81102e-17
      4062.40  8.88780e-16  1.66019e-17
      4065.15  9.08678e-16  1.61249e-17
      4067.90  9.55171e-16  1.64834e-17
      4070.65  9.59631e-16  1.63864e-17
      4073.40  9.55410e-16  1.63820e-17
      4076.14  9.77801e-16  1.65244e-17
      4078.89  9.75713e-16  1.63836e-17
      4081.64  9.34595e-16  1.64726e-17
      4084.39  9.90981e-16  1.66745e-17
      4087.14  1.03914e-15  2.69668e-17
      4089.89  9.67340e-16  1.62941e-17
      4092.63  9.51175e-16  1.62453e-17
      4095.38  9.04344e-16  1.95405e-17
      4098.13  8.94684e-16  1.67442e-17
      4100.88  8.58375e-16  1.55827e-17
      4103.63  8.79068e-16  1.57505e-17
      4106.38  8.87831e-16  1.69648e-17
      4109.12  8.46633e-16  1.61629e-17
      4111.87  8.52673e-16  1.57174e-17
      4114.62  8.10543e-16  1.58908e-17
      4117.37  8.66091e-16  1.71730e-17
      4120.12  8.35339e-16  1.70919e-17
      4122.87  8.12011e-16  1.51991e-17
      4125.61  7.99240e-16  1.74238e-17
      4128.36  7.95240e-16  1.48078e-17
      4131.11  8.06491e-16  1.52739e-17
      4133.86  8.01790e-16  1.47787e-17
      4136.61  8.40726e-16  1.63004e-17
      4139.36  8.38871e-16  1.75049e-17
      4142.10  8.09003e-16  1.48157e-17
      4144.85  8.29421e-16  1.51492e-17
      4147.60  8.05952e-16  1.50318e-17
      4150.35  8.03620e-16  1.75085e-17
      4153.10  8.22514e-16  1.50369e-17
      4155.85  8.63936e-16  1.53125e-17
      4158.59  8.82867e-16  1.53089e-17
      4161.34  8.89852e-16  1.71170e-17
      4164.09  9.20419e-16  1.55179e-17
      4166.84  9.43707e-16  1.58561e-17
      4169.59  9.46993e-16  1.60363e-17
      4172.33  9.39744e-16  1.71465e-17
      4175.08  9.21723e-16  1.77546e-17
      4177.83  9.65001e-16  1.82448e-17
      4180.58  9.89650e-16  1.89128e-17
      4183.33  9.76693e-16  1.57621e-17
      4186.08  9.73477e-16  1.79351e-17
      4188.82  9.85143e-16  1.59123e-17
      4191.57  9.67673e-16  1.70424e-17
      4194.32  9.66689e-16  1.58671e-17
      4197.07  9.78935e-16  1.60218e-17
      4199.82  9.92232e-16  1.71727e-17
      4202.56  9.70561e-16  1.58965e-17
      4205.31  1.00146e-15  1.60979e-17
      4208.06  9.84015e-16  1.67409e-17
      4210.81  9.73789e-16  1.60959e-17
      4213.56  9.67286e-16  2.18495e-17
      4216.30  9.77282e-16  1.73427e-17
      4219.05  9.41718e-16  1.57429e-17
      4221.80  9.13336e-16  1.86268e-17
      4224.55  9.81050e-16  1.67180e-17
      4227.30  9.29101e-16  1.51673e-17
      4230.04  9.58558e-16  1.53721e-17
      4232.79  9.19037e-16  1.61887e-17
      4235.54  9.12879e-16  1.56732e-17
      4238.29  9.39729e-16  1.58364e-17
      4241.04  9.36973e-16  1.57472e-17
      4243.79  9.13701e-16  1.50133e-17
      4246.53  9.34683e-16  1.57056e-17
      4249.28  9.02049e-16  1.49832e-17
      4252.03  8.84342e-16  1.48497e-17
      4254.78  8.70650e-16  1.51180e-17
      4257.52  8.76937e-16  1.48695e-17
      4260.27  8.86965e-16  1.51177e-17
      4263.02  8.50722e-16  1.50234e-17
      4265.77  8.65245e-16  1.94755e-17
      4268.52  8.63190e-16  1.47016e-17
      4271.26  8.39636e-16  1.46747e-17
      4274.01  8.57318e-16  1.53938e-17
      4276.76  8.28487e-16  1.43786e-17
      4279.51  7.96182e-16  1.39798e-17
      4282.26  8.35781e-16  1.44086e-17
      4285.00  8.65390e-16  1.46736e-17
      4287.75  8.16082e-16  1.42489e-17
      4290.50  8.63013e-16  1.44827e-17
      4293.25  8.13423e-16  1.41794e-17
      4296.00  8.66253e-16  1.44150e-17
      4298.74  8.54357e-16  1.43445e-17
      4301.49  8.74090e-16  1.45595e-17
      4304.24  8.57132e-16  1.43108e-17
      4306.99  8.67601e-16  1.43866e-17
      4309.73  8.74677e-16  1.44091e-17
      4312.48  8.87040e-16  1.52464e-17
      4315.23  8.77428e-16  1.49850e-17
      4317.98  8.44827e-16  1.45083e-17
      4320.72  8.39721e-16  2.33819e-17
      4323.47  8.53734e-16  1.42510e-17
      4326.22  8.24264e-16  1.43078e-17
      4328.97  8.04851e-16  1.56816e-17
      4331.72  7.91579e-16  1.38703e-17
      4334.46  7.68491e-16  1.35686e-17
      4337.21  7.90103e-16  1.38821e-17
      4339.96  7.77549e-16  1.86514e-17
      4342.71  7.70921e-16  1.43082e-17
      4345.45  7.71550e-16  1.33989e-17
      4348.20  7.30988e-16  1.31785e-17
      4350.95  7.08397e-16  1.30502e-17
      4353.70  7.06133e-16  1.29469e-17
      4356.44  7.18793e-16  1.33097e-17
      4359.19  6.88142e-16  1.32182e-17
      4361.94  7.13017e-16  1.29991e-17
      4364.69  7.15357e-16  1.39263e-17
      4367.43  6.66322e-16  1.30170e-17
      4370.18  6.83985e-16  1.33112e-17
      4372.93  6.60316e-16  1.31246e-17
      4375.68  6.32792e-16  1.33944e-17
      4378.42  6.27641e-16  1.31063e-17
      4381.17  6.26821e-16  1.23985e-17
      4383.92  5.98929e-16  1.93996e-17
      4386.67  5.91759e-16  1.20007e-17
      4389.41  6.11738e-16  1.21170e-17
      4392.16  6.23319e-16  1.20166e-17
      4394.91  5.82261e-16  1.18422e-17
      4397.66  5.81777e-16  1.18291e-17
      4400.40  5.59317e-16  1.16030e-17
      4403.15  5.64063e-16  1.21005e-17
      4405.90  5.66206e-16  1.21802e-17
      4408.65  5.30019e-16  1.15039e-17
      4411.39  5.46896e-16  1.16200e-17
      4414.14  5.32309e-16  1.16772e-17
      4416.89  5.55080e-16  1.18969e-17
      4419.63  5.09705e-16  1.13434e-17
      4422.38  5.40862e-16  1.24215e-17
      4425.13  5.08094e-16  1.10315e-17
      4427.88  5.22337e-16  1.20390e-17
      4430.62  5.13103e-16  1.23023e-17
      4433.37  5.20927e-16  1.20960e-17
      4436.12  4.92906e-16  1.26967e-17
      4438.87  5.02185e-16  1.10167e-17
      4441.61  5.25756e-16  1.21111e-17
      4444.36  4.80555e-16  1.18479e-17
      4447.11  4.93918e-16  1.13162e-17
      4449.85  4.99800e-16  1.10426e-17
      4452.60  5.19758e-16  1.14797e-17
      4455.35  5.17613e-16  1.09586e-17
      4458.10  5.26216e-16  1.18792e-17
      4460.84  5.65288e-16  1.68392e-17
      4463.59  5.34028e-16  1.16562e-17
      4466.34  5.52628e-16  1.17692e-17
      4469.08  5.56194e-16  1.17524e-17
      4471.83  6.05647e-16  1.40516e-17
      4474.58  5.66167e-16  1.39326e-17
      4477.32  5.73233e-16  1.59480e-17
      4480.07  5.84779e-16  1.14780e-17
      4482.82  5.95481e-16  1.15560e-17
      4485.57  5.82285e-16  1.16526e-17
      4488.31  5.83864e-16  1.15623e-17
      4491.06  5.99575e-16  1.15797e-17
      4493.81  5.95999e-16  1.17160e-17
      4496.55  5.97565e-16  1.17936e-17
      4499.30  5.92872e-16  1.16417e-17
      4502.05  6.43141e-16  1.18352e-17
      4504.79  6.33523e-16  1.41047e-17
      4507.54  6.57373e-16  1.35618e-17
      4510.29  6.27420e-16  1.19669e-17
      4513.03  6.38962e-16  1.23464e-17
      4515.78  6.50127e-16  1.21336e-17
      4518.53  6.54554e-16  1.28316e-17
      4521.27  7.02289e-16  1.30118e-17
      4524.02  6.52584e-16  1.21023e-17
      4526.77  6.78024e-16  1.22178e-17
      4529.51  6.75523e-16  1.21823e-17
      4532.26  7.07549e-16  1.25966e-17
      4535.01  6.84524e-16  1.23476e-17
      4537.75  6.71174e-16  1.26616e-17
      4540.50  6.92474e-16  1.78674e-17
      4543.25  6.90692e-16  1.36530e-17
      4545.99  6.74874e-16  1.40085e-17
      4548.74  6.50698e-16  1.21493e-17
      4551.49  6.75142e-16  1.21965e-17
      4554.23  6.45753e-16  1.18594e-17
      4556.98  6.41689e-16  1.52923e-17
      4559.73  6.53108e-16  1.20189e-17
      4562.47  6.70439e-16  1.21530e-17
      4565.22  6.35128e-16  1.25355e-17
      4567.97  6.15851e-16  1.16950e-17
      4570.71  6.52818e-16  1.19329e-17
      4573.46  6.51440e-16  1.24410e-17
      4576.21  6.39240e-16  1.18514e-17
      4578.95  6.51513e-16  1.20130e-17
      4581.70  6.70583e-16  1.27237e-17
      4584.45  6.50705e-16  1.19633e-17
      4587.19  6.50469e-16  1.22399e-17
      4589.94  6.76001e-16  1.20955e-17
      4592.68  7.04299e-16  1.24330e-17
      4595.43  7.08716e-16  1.23786e-17
      4598.18  7.22057e-16  1.24551e-17
      4600.92  7.12866e-16  1.27170e-17
      4603.67  7.25659e-16  1.28370e-17
      4606.42  7.85287e-16  1.28219e-17
      4609.16  7.51377e-16  1.26691e-17
      4611.91  7.67692e-16  1.28434e-17
      4614.65  7.68925e-16  1.30596e-17
      4617.40  7.70003e-16  1.27759e-17
      4620.15  7.67913e-16  1.33737e-17
      4622.89  7.74340e-16  1.38054e-17
      4625.64  7.82924e-16  1.29438e-17
      4628.39  7.87293e-16  1.72675e-17
      4631.13  7.90809e-16  1.40639e-17
      4633.88  8.07950e-16  1.33550e-17
      4636.62  8.01054e-16  1.55085e-17
      4639.37  8.03540e-16  1.51980e-17
      4642.12  8.05199e-16  1.37829e-17
      4644.86  7.95417e-16  1.35147e-17
      4647.61  7.81123e-16  1.33277e-17
      4650.35  7.95355e-16  1.33482e-17
      4653.10  7.78799e-16  1.28286e-17
      4655.85  7.80694e-16  1.28609e-17
      4658.59  8.26654e-16  1.33569e-17
      4661.34  7.64796e-16  1.26928e-17
      4664.08  7.98497e-16  1.32299e-17
      4666.83  8.52636e-16  3.59653e-17
      4669.57  8.06691e-16  1.29847e-17
      4672.32  8.00847e-16  1.30087e-17
      4675.07  7.82898e-16  1.27939e-17
      4677.81  7.84391e-16  1.29139e-17
      4680.56  7.64278e-16  1.28640e-17
      4683.30  7.56873e-16  1.33890e-17
      4686.05  7.38650e-16  1.25503e-17
      4688.79  7.49274e-16  1.43850e-17
      4691.54  7.46915e-16  1.33892e-17
      4694.29  7.30256e-16  1.26271e-17
      4697.03  7.27197e-16  1.26134e-17
      4699.78  6.98067e-16  1.29558e-17
      4702.52  7.17561e-16  1.26444e-17
      4705.27  7.51972e-16  1.26327e-17
      4708.01  7.30936e-16  1.25565e-17
      4710.76  7.00844e-16  1.24450e-17
      4713.51  6.97819e-16  1.43350e-17
      4716.25  7.31724e-16  1.33444e-17
      4719.00  7.62348e-16  1.27597e-17
      4721.74  7.29333e-16  1.25767e-17
      4724.49  7.20294e-16  1.26047e-17
      4727.23  7.08548e-16  1.23743e-17
      4729.98  7.36048e-16  1.29535e-17
      4732.72  7.49313e-16  1.28085e-17
      4735.47  7.47411e-16  1.36167e-17
      4738.21  7.14065e-16  1.26967e-17
      4740.96  7.22311e-16  1.29762e-17
      4743.70  7.44245e-16  1.28381e-17
      4746.45  7.63921e-16  1.28288e-17
      4749.19  6.99477e-16  1.23080e-17
      4751.94  7.19612e-16  1.29582e-17
      4754.69  7.62439e-16  1.36915e-17
      4757.43  7.63512e-16  1.31098e-17
      4760.18  7.61542e-16  1.29964e-17
      4762.92  6.98102e-16  1.24737e-17
      4765.67  7.39913e-16  1.28064e-17
      4768.41  7.22119e-16  1.37523e-17
      4771.16  7.22436e-16  1.24290e-17
      4773.90  7.07342e-16  1.25344e-17
      4776.65  7.11284e-16  1.33699e-17
      4779.39  6.89046e-16  1.41427e-17
      4782.14  7.11424e-16  1.25063e-17
      4784.88  6.86691e-16  1.24542e-17
      4787.63  6.88067e-16  1.21523e-17
      4790.37  6.69467e-16  1.19788e-17
      4793.12  6.26062e-16  1.18981e-17
      4795.86  6.42584e-16  1.24908e-17
      4798.61  6.43184e-16  1.19597e-17
      4801.35  6.47781e-16  1.21322e-17
      4804.10  6.05420e-16  1.16162e-17
      4806.84  6.19135e-16  1.15908e-17
      4809.59  5.79780e-16  1.47060e-17
      4812.33  5.90737e-16  1.14242e-17
      4815.07  5.85097e-16  1.17092e-17
      4817.82  5.85282e-16  1.29212e-17
      4820.56  6.30484e-16  1.21738e-17
      4823.31  6.07541e-16  1.30279e-17
      4826.05  5.94873e-16  1.21392e-17
      4828.80  6.00262e-16  1.14535e-17
      4831.54  5.92477e-16  1.17555e-17
      4834.29  5.74009e-16  1.15024e-17
      4837.03  5.91277e-16  1.14296e-17
      4839.78  5.89766e-16  1.13122e-17
      4842.52  5.58676e-16  1.19635e-17
      4845.27  5.99104e-16  1.14516e-17
      4848.01  5.72202e-16  1.13177e-17
      4850.75  5.78552e-16  1.16504e-17
      4853.50  5.79764e-16  1.13756e-17
      4856.24  5.82320e-16  1.13806e-17
      4858.99  6.03436e-16  1.18204e-17
      4861.73  5.93425e-16  1.55899e-17
      4864.48  6.00634e-16  1.26429e-17
      4867.22  6.10407e-16  1.17113e-17
      4869.96  5.82462e-16  1.12344e-17
      4872.71  5.92647e-16  1.14051e-17
      4875.45  5.65070e-16  1.11120e-17
      4878.20  5.71781e-16  1.20118e-17
      4880.94  5.66336e-16  1.13175e-17
      4883.69  5.74018e-16  1.12633e-17
      4886.43  5.81138e-16  1.12183e-17
      4889.17  5.48844e-16  1.08691e-17
      4891.92  5.62566e-16  1.11303e-17
      4894.66  5.58642e-16  1.13673e-17
      4897.41  5.50957e-16  1.12026e-17
      4900.15  5.41869e-16  1.09584e-17
      4902.89  5.12509e-16  1.60248e-17
      4905.64  5.22163e-16  1.06550e-17
      4908.38  5.14273e-16  1.07404e-17
      4911.13  5.05646e-16  1.08107e-17
      4913.87  5.31242e-16  1.10067e-17
      4916.61  5.38821e-16  1.09805e-17
      4919.36  5.14860e-16  1.06765e-17
      4922.10  5.34549e-16  1.08231e-17
      4924.85  5.08347e-16  1.14799e-17
      4927.59  5.33962e-16  1.28711e-17
      4930.33  5.45549e-16  1.33824e-17
      4933.08  5.36201e-16  1.36881e-17
      4935.82  5.55200e-16  1.10452e-17
      4938.56  5.85817e-16  1.13195e-17
      4941.31  5.17058e-16  2.47777e-17
      4944.05  5.57640e-16  1.08468e-17
      4946.79  5.68611e-16  1.10340e-17
      4949.54  5.66295e-16  1.09367e-17
      4952.28  5.96242e-16  1.13988e-17
      4955.03  5.67696e-16  1.29199e-17
      4957.77  5.68731e-16  1.09438e-17
      4960.51  5.69739e-16  1.12679e-17
      4963.26  5.70757e-16  1.14272e-17
      4966.00  5.65516e-16  1.19692e-17
      4968.74  5.62964e-16  1.38203e-17
      4971.49  5.43279e-16  1.06859e-17
      4974.23  5.41187e-16  1.07416e-17
      4976.97  5.38154e-16  1.06521e-17
      4979.72  5.26915e-16  1.06133e-17
      4982.46  5.18234e-16  1.30276e-17
      4985.20  4.92050e-16  1.27213e-17
      4987.95  4.92163e-16  1.24249e-17
      4990.69  4.96635e-16  1.14133e-17
      4993.43  5.15568e-16  1.06208e-17
      4996.17  4.70428e-16  1.05912e-17
      4998.92  4.85148e-16  1.01889e-17
      5001.66  4.73024e-16  1.02774e-17
      5004.40  4.42779e-16  1.01674e-17
      5007.15  4.51941e-16  1.00404e-17
      5009.89  4.36514e-16  9.73107e-18
      5012.63  4.24288e-16  9.87791e-18
      5015.38  4.42578e-16  1.00332e-17
      5018.12  4.20855e-16  9.55821e-18
      5020.86  4.17943e-16  9.88819e-18
      5023.60  4.27810e-16  9.71912e-18
      5026.35  4.10074e-16  9.44174e-18
      5029.09  4.41766e-16  1.02016e-17
      5031.83  4.43628e-16  9.84180e-18
      5034.58  4.44676e-16  9.78313e-18
      5037.32  4.33187e-16  1.23482e-17
      5040.06  4.56026e-16  1.09011e-17
      5042.80  4.39111e-16  9.94348e-18
      5045.55  4.28888e-16  1.03594e-17
      5048.29  4.60221e-16  1.18019e-17
      5051.03  4.52440e-16  1.06212e-17
      5053.77  4.91244e-16  1.03338e-17
      5056.52  4.81083e-16  1.40810e-17
      5059.26  4.96709e-16  1.39448e-17
      5062.00  4.65972e-16  1.29933e-17
      5064.74  4.41810e-16  1.09817e-17
      5067.49  4.47288e-16  1.57247e-17
      5070.23  4.72834e-16  1.12036e-17
      5072.97  4.60835e-16  9.81875e-18
      5075.71  4.87047e-16  1.01472e-17
      5078.46  4.44407e-16  1.01045e-17
      5081.20  4.59637e-16  1.00351e-17
      5083.94  4.83194e-16  1.10352e-17
      5086.68  4.75583e-16  1.33499e-17
      5089.43  4.81938e-16  1.54030e-17
      5092.17  4.62156e-16  1.00832e-17
      5094.91  4.89264e-16  1.00514e-17
      5097.65  4.49728e-16  9.87300e-18
      5100.39  4.81454e-16  1.00989e-17
      5103.14  4.99726e-16  1.09742e-17
      5105.88  4.66381e-16  1.71299e-17
      5108.62  4.63136e-16  9.82011e-18
      5111.36  4.82901e-16  9.83425e-18
      5114.10  4.56874e-16  9.79436e-18
      5116.85  4.53887e-16  9.74805e-18
      5119.59  4.60998e-16  1.13389e-17
      5122.33  4.62799e-16  1.01200e-17
      5125.07  4.43353e-16  9.69885e-18
      5127.81  4.35607e-16  9.61491e-18
      5130.55  4.60123e-16  9.86074e-18
      5133.30  4.34394e-16  9.55860e-18
      5136.04  4.63481e-16  1.05435e-17
      5138.78  4.53071e-16  9.74323e-18
      5141.52  4.42253e-16  9.67102e-18
      5144.26  4.53369e-16  9.86163e-18
      5147.00  4.68524e-16  9.88789e-18
      5149.75  4.32216e-16  9.52349e-18
      5152.49  4.45440e-16  9.96504e-18
      5155.23  4.72428e-16  1.21733e-17
      5157.97  4.46492e-16  1.00752e-17
      5160.71  4.77992e-16  1.04092e-17
      5163.45  4.52778e-16  1.00186e-17
      5166.19  4.64767e-16  1.14202e-17
      5168.94  4.50120e-16  9.70152e-18
      5171.68  4.82993e-16  1.00503e-17
      5174.42  4.55080e-16  1.01579e-17
      5177.16  4.77515e-16  1.23933e-17
      5179.90  4.79327e-16  1.00993e-17
      5182.64  4.81680e-16  2.24454e-17
      5185.38  4.84033e-16  9.83980e-18
      5188.12  4.86387e-16  1.08130e-17
      5190.87  4.90032e-16  1.00048e-17
      5193.61  4.91034e-16  1.01804e-17
      5196.35  5.02482e-16  1.35078e-17
      5199.09  4.72712e-16  1.00213e-17
      5201.83  4.99259e-16  1.01295e-17
      5204.57  5.02638e-16  1.01837e-17
      5207.31  4.88206e-16  1.16514e-17
      5210.05  5.15182e-16  1.03424e-17
      5212.79  5.13771e-16  1.03976e-17
      5215.53  5.33502e-16  1.08242e-17
      5218.27  5.43663e-16  1.05156e-17
      5221.02  5.32340e-16  1.03192e-17
      5223.76  5.29753e-16  1.04320e-17
      5226.50  5.69974e-16  1.11974e-17
      5229.24  5.39532e-16  1.04317e-17
      5231.98  5.71387e-16  1.06442e-17
      5234.72  5.80838e-16  1.07380e-17
      5237.46  5.69284e-16  1.22461e-17
      5240.20  5.64783e-16  1.21556e-17
      5242.94  5.95137e-16  1.10290e-17
      5245.68  5.90988e-16  1.19758e-17
      5248.42  6.07583e-16  1.27666e-17
      5251.16  6.21202e-16  1.19864e-17
      5253.90  6.19260e-16  1.11181e-17
      5256.64  6.12452e-16  1.10623e-17
      5259.38  6.14438e-16  1.22135e-17
      5262.12  6.52971e-16  1.12950e-17
      5264.86  6.50564e-16  2.03986e-17
      5267.60  6.48157e-16  1.24349e-17
      5270.34  6.45750e-16  1.20610e-17
      5273.08  6.34982e-16  1.13134e-17
      5275.82  6.42363e-16  1.14058e-17
      5278.56  6.44787e-16  1.17138e-17
      5281.30  6.31586e-16  1.14028e-17
      5284.04  6.12545e-16  1.15827e-17
      5286.78  6.44621e-16  1.13266e-17
      5289.52  6.36851e-16  1.15795e-17
      5292.26  6.51994e-16  1.15056e-17
      5295.00  6.28724e-16  1.12985e-17
      5297.74  6.18350e-16  1.15225e-17
      5300.48  6.35346e-16  1.12180e-17
      5303.22  6.18485e-16  1.13082e-17
      5305.96  6.09689e-16  1.10896e-17
      5308.70  6.04761e-16  1.13422e-17
      5311.44  6.12204e-16  1.12173e-17
      5314.18  5.89091e-16  1.20894e-17
      5316.92  6.05972e-16  1.15377e-17
      5319.66  5.62670e-16  1.08563e-17
      5322.40  5.91155e-16  1.12306e-17
      5325.14  5.79320e-16  1.11506e-17
      5327.88  5.72417e-16  1.10704e-17
      5330.62  6.17861e-16  1.11568e-17
      5333.36  5.89958e-16  1.22945e-17
      5336.10  5.70438e-16  1.33518e-17
      5338.84  5.95247e-16  1.19021e-17
      5341.58  5.77670e-16  1.09760e-17
      5344.31  5.83127e-16  1.09529e-17
      5347.05  6.00940e-16  1.10826e-17
      5349.79  5.75815e-16  1.64800e-17
      5352.53  5.94220e-16  1.12069e-17
      5355.27  5.78811e-16  1.09689e-17
      5358.01  5.98423e-16  1.13680e-17
      5360.75  5.88879e-16  1.11301e-17
      5363.49  5.99072e-16  1.11855e-17
      5366.23  5.95018e-16  1.11229e-17
      5368.97  5.95989e-16  1.11703e-17
      5371.71  5.74825e-16  1.09966e-17
      5374.44  5.82773e-16  1.09741e-17
      5377.18  6.06690e-16  1.12326e-17
      5379.92  5.90652e-16  1.11571e-17
      5382.66  5.85079e-16  1.13277e-17
      5385.40  5.77316e-16  1.09019e-17
      5388.14  5.78977e-16  1.12208e-17
      5390.88  5.72956e-16  1.19152e-17
      5393.61  5.53903e-16  1.07820e-17
      5396.35  5.49872e-16  1.08208e-17
      5399.09  5.19517e-16  1.18082e-17
      5401.83  5.16126e-16  1.12346e-17
      5404.57  5.13041e-16  1.04840e-17
      5407.31  5.16939e-16  1.25832e-17
      5410.05  4.97583e-16  1.20911e-17
      5412.78  4.83175e-16  1.03364e-17
      5415.52  4.70180e-16  1.02235e-17
      5418.26  4.48745e-16  1.05505e-17
      5421.00  4.44069e-16  2.14398e-17
      5423.74  4.39392e-16  9.99384e-18
      5426.48  4.35074e-16  1.06062e-17
      5429.21  4.34294e-16  1.00559e-17
      5431.95  4.09848e-16  1.01124e-17
      5434.69  4.40727e-16  1.03741e-17
      5437.43  4.07379e-16  1.04513e-17
      5440.17  3.95293e-16  9.88519e-18
      5442.90  3.64309e-16  1.05715e-17
      5445.64  4.03441e-16  1.01575e-17
      5448.38  4.01764e-16  9.79781e-18
      5451.12  3.90123e-16  9.51977e-18
      5453.85  4.08749e-16  9.86437e-18
      5456.59  3.90929e-16  9.66437e-18
      5459.33  3.90334e-16  9.94717e-18
      5462.07  3.85025e-16  9.66637e-18
      5464.81  3.87840e-16  9.47942e-18
      5467.54  4.11084e-16  1.14036e-17
      5470.28  3.93070e-16  9.74177e-18
      5473.02  4.02823e-16  9.75784e-18
      5475.76  4.08627e-16  9.71413e-18
      5478.49  4.08731e-16  1.00098e-17
      5481.23  4.08835e-16  8.29280e-17
      5483.97  4.08940e-16  9.89762e-18
      5486.71  4.09044e-16  9.59450e-18
      5489.44  4.09148e-16  9.76487e-18
      5492.18  3.88976e-16  1.02030e-17
      5494.92  4.05093e-16  9.90278e-18
      5497.65  4.11950e-16  1.04772e-17
      5500.39  3.91806e-16  9.64552e-18
      5503.13  3.75977e-16  1.04635e-17
      5505.87  4.04329e-16  1.05680e-17
      5508.60  4.06540e-16  1.02529e-17
      5511.34  3.94760e-16  9.79276e-18
      5514.08  4.15049e-16  9.91717e-18
      5516.81  4.22667e-16  9.85326e-18
      5519.55  4.23776e-16  1.00422e-17
      5522.29  4.42705e-16  1.46950e-17
      5525.02  4.28225e-16  1.00310e-17
      5527.76  4.21583e-16  1.02786e-17
      5530.50  4.40839e-16  1.01145e-17
      5533.23  4.42409e-16  1.14567e-17
      5535.97  4.68477e-16  1.14600e-17
      5538.71  4.62829e-16  1.16166e-17
      5541.44  4.42592e-16  1.08236e-17
      5544.18  4.37599e-16  1.01199e-17
      5546.92  4.51301e-16  1.02023e-17
      5549.65  4.37266e-16  1.09306e-17
      5552.39  4.35490e-16  2.69240e-17
      5555.13  4.33714e-16  9.93364e-18
      5557.86  4.31938e-16  1.02265e-17
      5560.60  4.61036e-16  1.02268e-17
      5563.34  4.44166e-16  1.03656e-17
      5566.07  4.61416e-16  1.05820e-17
      5568.81  4.55267e-16  1.02116e-17
      5571.54  4.57035e-16  1.03148e-17
      5574.28  4.36291e-16  1.21549e-17
      5577.02  4.60903e-16  1.01841e-17
      5579.75  4.36536e-16  1.00780e-17
      5582.49  4.30411e-16  1.00220e-17
      5585.22  4.49018e-16  1.01932e-17
      5587.96  4.29809e-16  1.06731e-17
      5590.70  4.18137e-16  9.91458e-18
      5593.43  4.28559e-16  1.00504e-17
      5596.17  3.89809e-16  1.63000e-17
      5598.90  4.00300e-16  9.90531e-18
      5601.64  4.13568e-16  1.00101e-17
      5604.38  3.97625e-16  1.12836e-17
      5607.11  3.95529e-16  1.06686e-17
      5609.85  3.83452e-16  9.58385e-18
      5612.58  3.80572e-16  9.50942e-18
      5615.32  3.82667e-16  9.69993e-18
      5618.05  3.74185e-16  9.64691e-18
      5620.79  3.65287e-16  9.45831e-18
      5623.52  3.70714e-16  9.64250e-18
      5626.26  3.46552e-16  9.55139e-18
      5628.99  3.57981e-16  9.84689e-18
      5631.73  3.75630e-16  1.00827e-17
      5634.46  3.49902e-16  1.70076e-17
      5637.20  3.76387e-16  9.57454e-18
      5639.94  3.34827e-16  9.49974e-18
      5642.67  3.54948e-16  9.53693e-18
      5645.41  3.44494e-16  1.09698e-17
      5648.14  3.59632e-16  9.89327e-18
      5650.88  3.91881e-16  1.03683e-17
      5653.61  3.67106e-16  9.83334e-18
      5656.34  3.75165e-16  9.96500e-18
      5659.08  3.88718e-16  1.00883e-17
      5661.81  3.87292e-16  1.03328e-17
      5664.55  4.05808e-16  1.01603e-17
      5667.28  3.98151e-16  9.83261e-18
      5670.02  4.08305e-16  1.00336e-17
      5672.75  4.02462e-16  1.00992e-17
      5675.49  4.21465e-16  1.02495e-17
      5678.22  4.25064e-16  1.02197e-17
      5680.96  4.22365e-16  1.00799e-17
      5683.69  4.45784e-16  1.08049e-17
      5686.43  4.16200e-16  1.53102e-17
      5689.16  4.48495e-16  1.17388e-17
      5691.89  4.63488e-16  1.08348e-17
      5694.63  4.89358e-16  1.06342e-17
      5697.36  7.01579e-16  3.60737e-17
