      2892.24 -5.96503e-15  2.90734e-15
      2894.99 -4.00456e-15  1.50035e-15
      2897.73 -4.38346e-15  1.27280e-15
      2900.48 -2.85693e-15  9.93342e-16
      2903.22 -1.95093e-15  8.58783e-16
      2905.97 -3.02780e-15  7.90554e-16
      2908.71 -1.32937e-15  6.72397e-16
      2911.46 -2.55952e-15  6.01987e-16
      2914.20 -1.26558e-15  1.13909e-15
      2916.95 -5.95792e-16  5.67232e-16
      2919.69  2.98732e-16  4.55615e-16
      2922.44 -6.94940e-16  3.77032e-16
      2925.18  1.61215e-16  3.56785e-16
      2927.93 -2.10397e-16  3.24055e-16
      2930.67 -6.20396e-16  3.65610e-16
      2933.42  1.75705e-17  2.47051e-16
      2936.16 -4.67267e-16  2.97116e-16
      2938.91  8.19616e-17  3.18397e-16
      2941.65 -1.00811e-15  9.76650e-16
      2944.40 -5.18856e-17  1.44654e-16
      2947.14  1.25449e-16  1.40875e-16
      2949.89 -1.18688e-16  1.28597e-16
      2952.63 -2.14531e-16  2.16782e-16
      2955.38  7.20555e-17  1.03117e-16
      2958.12  5.40627e-17  9.57930e-17
      2960.87  3.60682e-17  9.13375e-17
      2963.62  1.80738e-17  3.37147e-16
      2966.36  7.93167e-20  7.27719e-17
      2969.11 -3.95498e-17  6.73997e-17
      2971.85  3.66703e-17  6.70935e-17
      2974.60  1.06317e-16  6.25410e-17
      2977.34 -4.49346e-17  6.00293e-17
      2980.09  8.36454e-18  5.85019e-17
      2982.83 -4.96670e-17  5.64128e-17
      2985.58 -4.53103e-17  5.86659e-17
      2988.32 -4.09531e-17  6.81766e-17
      2991.07 -3.65964e-17  9.04157e-17
      2993.82 -3.22393e-17  5.68358e-17
      2996.56 -5.08580e-17  6.06153e-17
      2999.31 -4.29748e-17  6.37968e-17
      3002.05 -2.81386e-17  5.19947e-17
      3004.80  2.70324e-17  5.63179e-17
      3007.54  3.20292e-17  7.39645e-17
      3010.29  3.70259e-17  6.12810e-17
      3013.03  4.20231e-17  5.28722e-17
      3015.78  4.70199e-17  5.49192e-17
      3018.53  5.20167e-17  5.41503e-17
      3021.27  5.70139e-17  1.98994e-16
      3024.02  6.20111e-17  5.18501e-17
      3026.76  6.70078e-17  5.01453e-17
      3029.51  9.98889e-17  4.64578e-17
      3032.26  3.51226e-17  4.59351e-17
      3035.00 -2.11177e-17  4.27288e-17
      3037.75  7.30031e-17  4.41118e-17
      3040.49  1.06838e-16  4.39626e-17
      3043.24  2.12126e-17  6.53695e-17
      3045.98  8.30147e-17  4.16102e-17
      3048.73  1.40665e-16  4.29559e-17
      3051.48 -2.93979e-18  4.33526e-17
      3054.22  1.25532e-17  5.12620e-17
      3056.97  1.75057e-16  5.01665e-17
      3059.71  2.18755e-17  4.85007e-17
      3062.46 -9.09118e-18  6.30362e-17
      3065.21 -6.50898e-18  3.76475e-17
      3067.95  9.83236e-17  3.68976e-17
      3070.70 -3.59902e-17  4.01289e-17
      3073.44  1.90477e-17  3.81466e-17
      3076.19  8.79312e-17  3.84030e-17
      3078.94  5.32466e-17  3.67037e-17
      3081.68  7.76791e-17  3.85528e-17
      3084.43  7.18511e-17  4.90225e-17
      3087.18 -4.93587e-17  7.93609e-17
      3089.92  8.58092e-18  3.41360e-17
      3092.67  6.16847e-17  4.91098e-17
      3095.41  9.66171e-17  3.58752e-17
      3098.16  9.16297e-17  5.33800e-17
      3100.91  5.40887e-17  4.09858e-17
      3103.65  1.04908e-16  3.65964e-17
      3106.40 -2.20402e-17  3.24966e-17
      3109.15  2.68734e-17  3.64698e-17
      3111.89  8.25128e-17  3.51063e-17
      3114.64  1.15737e-16  3.62886e-17
      3117.38  1.22659e-17  3.42688e-17
      3120.13  5.57727e-17  5.81907e-17
      3122.88  4.04043e-17  3.32625e-17
      3125.62  4.24500e-17  3.17569e-17
      3128.37  1.01708e-16  3.29405e-17
      3131.12  1.08914e-16  4.07900e-17
      3133.86  2.45794e-17  3.62652e-17
      3136.61  8.11386e-17  3.13232e-17
      3139.36  7.84107e-17  3.87900e-17
      3142.10  8.70794e-17  3.50100e-17
      3144.85  9.57481e-17  2.08172e-16
      3147.60  1.04417e-16  7.07509e-17
      3150.34  1.13086e-16  3.53846e-17
      3153.09  1.38115e-16  5.16673e-17
      3155.84  6.78550e-17  3.48243e-17
      3158.58  3.56181e-17  4.52885e-17
      3161.33  1.01686e-16  3.60858e-17
      3164.08  5.42833e-17  4.22872e-17
      3166.82  5.75568e-17  6.87353e-17
      3169.57  6.08300e-17  3.09483e-17
      3172.32  9.27270e-17  3.14000e-17
      3175.06  7.67578e-17  3.00134e-17
      3177.81  2.58481e-17  3.33007e-17
      3180.56  1.39374e-17  2.96265e-17
      3183.30  3.11095e-17  3.23513e-17
      3186.05  2.81906e-17  2.69171e-17
      3188.80  7.26022e-17  3.06259e-17
      3191.54  3.27006e-17  5.17793e-17
      3194.29  6.43506e-17  2.85662e-17
      3197.04  8.39818e-17  2.71415e-17
      3199.78  1.86912e-17  2.80681e-17
      3202.53  6.36097e-17  3.19551e-17
      3205.28  8.40959e-17  3.00026e-17
      3208.02  2.89821e-17  2.98488e-17
      3210.77  5.26041e-17  7.46896e-17
      3213.52  8.65102e-17  3.03616e-17
      3216.27  9.09054e-17  2.66540e-17
      3219.01  6.92133e-17  3.36716e-17
      3221.76  8.20359e-17  2.93576e-17
      3224.51  8.18019e-18  2.82233e-17
      3227.25  3.77715e-17  2.49181e-17
      3230.00  6.10817e-17  2.53236e-17
      3232.75  4.68066e-17  2.47848e-17
      3235.49  2.88638e-17  2.41293e-17
      3238.24  4.38146e-17  3.55061e-17
      3240.99  4.86609e-17  2.53394e-17
      3243.74  1.12149e-16  3.77302e-17
      3246.48  5.19513e-17  2.57102e-17
      3249.23  4.95038e-17  2.46019e-17
      3251.98  5.83989e-17  2.63683e-17
      3254.72  3.87351e-17  2.54981e-17
      3257.47  1.29832e-16  2.61441e-17
      3260.22 -6.68350e-18  3.18663e-17
      3262.97  2.79366e-17  2.46162e-17
      3265.71  3.54511e-17  2.36343e-17
      3268.46  7.73534e-17  2.84615e-17
      3271.21  1.18883e-16  2.85966e-17
      3273.96  5.54163e-17  2.43165e-17
      3276.70  7.77179e-17  3.36511e-17
      3279.45  8.77836e-17  3.15857e-17
      3282.20  6.71599e-17  2.43585e-17
      3284.94  6.93152e-17  2.35436e-17
      3287.69  7.28288e-17  2.50702e-17
      3290.44  9.85193e-17  2.78861e-17
      3293.19  6.79706e-17  2.35420e-17
      3295.93  8.96161e-17  2.44423e-17
      3298.68  6.57156e-17  2.39751e-17
      3301.43  5.06856e-17  2.52856e-17
      3304.18  8.52133e-17  2.25309e-17
      3306.92  6.28346e-17  2.33746e-17
      3309.67  8.33512e-17  2.29414e-17
      3312.42  5.99007e-17  2.23363e-17
      3315.17  6.88211e-17  2.25923e-17
      3317.91  1.06679e-16  2.48078e-17
      3320.66  1.22992e-16  2.25730e-17
      3323.41  1.24636e-16  2.27806e-17
      3326.16  1.19392e-16  2.30271e-17
      3328.90  6.40381e-17  3.14253e-17
      3331.65  1.17594e-16  2.33112e-17
      3334.40  5.89723e-17  2.28562e-17
      3337.15  1.11130e-16  2.43668e-17
      3339.89  9.43375e-17  2.28209e-17
      3342.64  1.09605e-16  2.16826e-17
      3345.39  5.52862e-17  2.21272e-17
      3348.14  1.14928e-16  2.39331e-17
      3350.88  2.78416e-17  2.79369e-17
      3353.63  5.60983e-17  1.71914e-16
      3356.38  8.43549e-17  2.07890e-17
      3359.13  1.12614e-16  2.26501e-17
      3361.87  1.23996e-16  3.39978e-17
      3364.62  1.01554e-16  2.34343e-17
      3367.37  8.71139e-17  2.36805e-17
      3370.12  3.31804e-17  2.02310e-17
      3372.87  8.25300e-17  2.06640e-17
      3375.61  7.17522e-17  2.14605e-17
      3378.36  1.31944e-16  2.11159e-17
      3381.11  5.32546e-17  2.07261e-17
      3383.86  2.72750e-17  2.12256e-17
      3386.60  1.60569e-16  2.30953e-17
      3389.35  5.68532e-17  2.35371e-17
      3392.10  5.31362e-17  2.74976e-17
      3394.85  4.03308e-17  7.23354e-17
      3397.60  7.16848e-17  1.96916e-17
      3400.34  5.79511e-17  3.15390e-17
      3403.09  6.72899e-17  2.31242e-17
      3405.84  6.31682e-17  1.93689e-17
      3408.59  7.39373e-17  1.88113e-17
      3411.33  7.30523e-17  1.90263e-17
      3414.08  3.92840e-17  2.13768e-17
      3416.83  4.87081e-17  4.74812e-17
      3419.58  8.14995e-17  2.22706e-17
      3422.33  1.13131e-16  2.42029e-17
      3425.07  1.41397e-17  4.15216e-17
      3427.82  5.38800e-17  2.18464e-17
      3430.57  2.99612e-17  1.97618e-17
      3433.32  7.53877e-17  2.18098e-17
      3436.07  8.47678e-17  1.95270e-17
      3438.81  4.22937e-17  2.84457e-17
      3441.56  8.91106e-17  2.63937e-17
      3444.31  6.99258e-17  2.07872e-17
      3447.06  4.34441e-17  1.90474e-17
      3449.81  5.12408e-17  1.80945e-17
      3452.55  7.01573e-17  1.92798e-17
      3455.30  5.01443e-17  3.71426e-17
      3458.05  6.86557e-17  2.11602e-17
      3460.80  7.21541e-17  1.98468e-17
      3463.55  6.97615e-17  1.92026e-17
      3466.29  5.25251e-17  1.96273e-17
      3469.04  6.94139e-17  1.80119e-17
      3471.79  5.43650e-17  1.90603e-17
      3474.54  8.99592e-17  1.90932e-17
      3477.29  7.73328e-17  1.99948e-17
      3480.03  7.26545e-17  2.00245e-17
      3482.78  5.67060e-17  1.88095e-17
      3485.53  7.91611e-17  1.80798e-17
      3488.28  5.73099e-17  1.92018e-17
      3491.03  8.11649e-17  1.97524e-17
      3493.78  1.10399e-16  2.12337e-17
      3496.52  8.49716e-17  2.20735e-17
      3499.27  2.53344e-17  1.93685e-17
      3502.02  4.18480e-17  1.98953e-17
      3504.77  4.19540e-17  1.81963e-17
      3507.52  8.33286e-17  1.76977e-17
      3510.26  6.46234e-17  1.97974e-17
      3513.01  4.45738e-17  1.79142e-17
      3515.76  8.38858e-17  1.86402e-17
      3518.51  5.82554e-17  1.85111e-17
      3521.26  1.10665e-16  2.01382e-17
      3524.01  9.41515e-17  1.80409e-17
      3526.75  7.48993e-17  1.77795e-17
      3529.50  5.26682e-17  1.76851e-17
      3532.25  1.04609e-16  1.95229e-17
      3535.00  6.52081e-17  1.89031e-17
      3537.75  7.79795e-17  1.80867e-17
      3540.50  9.07510e-17  4.01205e-17
      3543.24  1.03522e-16  1.90109e-17
      3545.99  8.65511e-17  1.74847e-17
      3548.74  8.33118e-17  1.74311e-17
      3551.49  1.40098e-16  2.28338e-17
      3554.24  7.16555e-17  1.77989e-17
      3556.99  9.32795e-17  1.74104e-17
      3559.73  9.58051e-17  2.35985e-17
      3562.48  9.78633e-17  1.66650e-17
      3565.23  9.99217e-17  1.67757e-17
      3567.98  1.01980e-16  1.72967e-17
      3570.73  1.10987e-16  1.96079e-17
      3573.48  1.18758e-16  1.82606e-17
      3576.22  9.09563e-17  1.68370e-17
      3578.97  1.11606e-16  1.95894e-17
      3581.72  8.38318e-17  1.74787e-17
      3584.47  1.07870e-16  1.73564e-17
      3587.22  6.66159e-17  1.86753e-17
      3589.97  9.16567e-17  1.88621e-17
      3592.71  5.13652e-17  1.75944e-17
      3595.46  1.17494e-16  1.84353e-17
      3598.21  8.74075e-17  1.83075e-17
      3600.96  8.04204e-17  1.72468e-17
      3603.71  1.16787e-16  1.68668e-17
      3606.46  1.19056e-16  1.86883e-17
      3609.21  1.05292e-16  2.12437e-17
      3611.95  1.09766e-16  1.92911e-17
      3614.70  1.07369e-16  2.10714e-17
      3617.45  1.42296e-16  2.39623e-17
      3620.20  1.01173e-16  1.98007e-17
      3622.95  1.00719e-16  1.81836e-17
      3625.70  1.34606e-16  1.78685e-17
      3628.44  1.05273e-16  2.08709e-17
      3631.19  9.62930e-17  1.97283e-17
      3633.94  1.45533e-16  1.69879e-17
      3636.69  1.44888e-16  3.68427e-17
      3639.44  1.44243e-16  1.73772e-17
      3642.19  1.43599e-16  1.77395e-17
      3644.94  8.72528e-17  1.67542e-17
      3647.68  1.22295e-16  1.73642e-17
      3650.43  1.41610e-16  1.69350e-17
      3653.18  1.04779e-16  1.86581e-17
      3655.93  1.28077e-16  1.92893e-17
      3658.68  1.42790e-16  2.73212e-17
      3661.43  1.61958e-16  1.82173e-17
      3664.18  1.45207e-16  1.95197e-17
      3666.92  1.69657e-16  1.79385e-17
      3669.67  1.11885e-16  2.17024e-17
      3672.42  1.67545e-16  1.89838e-17
      3675.17  1.43583e-16  1.79271e-17
      3677.92  1.58176e-16  3.37269e-17
      3680.67  2.07411e-16  4.45737e-17
      3683.42  1.95397e-16  1.84420e-17
      3686.16  1.42684e-16  1.83809e-17
      3688.91  1.97314e-16  2.09039e-17
      3691.66  2.51900e-16  1.87015e-17
      3694.41  1.75911e-16  1.71693e-17
      3697.16  2.04617e-16  1.77261e-17
      3699.91  2.32301e-16  3.41450e-17
      3702.66  2.31164e-16  3.60561e-17
      3705.40  2.30027e-16  1.91935e-16
      3708.15  2.28890e-16  2.04370e-17
      3710.90  2.27752e-16  2.05288e-17
      3713.65  1.99051e-16  1.59070e-17
      3716.40  2.16759e-16  1.61723e-17
      3719.15  2.13371e-16  1.57485e-17
      3721.90  2.29567e-16  1.60178e-17
      3724.65  2.49133e-16  1.68729e-17
      3727.39  2.31874e-16  1.62188e-17
      3730.14  2.14501e-16  1.67712e-17
      3732.89  2.50500e-16  2.13754e-17
      3735.64  2.16238e-16  1.88386e-17
      3738.39  2.87526e-16  2.26241e-17
      3741.14  2.56598e-16  1.60278e-17
      3743.89  2.85048e-16  1.72050e-17
      3746.63  2.72729e-16  1.71560e-17
      3749.38  2.39607e-16  1.72521e-17
      3752.13  2.44142e-16  1.59558e-17
      3754.88  2.70671e-16  1.59018e-17
      3757.63  2.78151e-16  2.20498e-17
      3760.38  2.71338e-16  2.90675e-17
      3763.13  2.65817e-16  1.53288e-17
      3765.88  2.29704e-16  2.74144e-17
      3768.62  2.28318e-16  1.53917e-17
      3771.37  2.57210e-16  1.92145e-17
      3774.12  2.64842e-16  1.60800e-17
      3776.87  2.45164e-16  1.56051e-17
      3779.62  2.35654e-16  1.66022e-17
      3782.37  2.54778e-16  1.68644e-17
      3785.12  2.38409e-16  5.76983e-17
      3787.86  2.30542e-16  1.55932e-17
      3790.61  2.55610e-16  1.62512e-17
      3793.36  2.63401e-16  2.20739e-17
      3796.11  2.64258e-16  1.48371e-17
      3798.86  2.21022e-16  1.78905e-17
      3801.61  3.02476e-16  1.53390e-17
      3804.36  2.29274e-16  1.62887e-17
      3807.11  2.80578e-16  1.59606e-17
      3809.85  2.62276e-16  1.46106e-17
      3812.60  2.58087e-16  1.50791e-17
      3815.35  2.85972e-16  1.63757e-17
      3818.10  2.75992e-16  1.44484e-17
      3820.85  2.67486e-16  1.55819e-17
      3823.60  2.89827e-16  1.69706e-17
      3826.35  2.77099e-16  1.62312e-17
      3829.10  3.17013e-16  1.65034e-17
      3831.84  2.38111e-16  1.91347e-17
      3834.59  2.84842e-16  1.60812e-17
      3837.34  2.90885e-16  1.44511e-17
      3840.09  2.62427e-16  1.35888e-17
      3842.84  2.64538e-16  1.39527e-17
      3845.59  3.00161e-16  1.41514e-17
      3848.34  2.75530e-16  1.37451e-17
      3851.09  2.86297e-16  1.71698e-17
      3853.83  2.64384e-16  1.37190e-17
      3856.58  2.40877e-16  1.97942e-17
      3859.33  2.36670e-16  1.36991e-17
      3862.08  2.38947e-16  1.33467e-17
      3864.83  2.14739e-16  1.60079e-17
      3867.58  2.34882e-16  1.37942e-17
      3870.33  2.04255e-16  1.56469e-17
      3873.08  2.09492e-16  1.28453e-17
      3875.82  2.22441e-16  3.34834e-17
      3878.57  1.98880e-16  1.23062e-17
      3881.32  1.83083e-16  1.19842e-17
      3884.07  1.54583e-16  2.95313e-17
      3886.82  1.62393e-16  1.17682e-17
      3889.57  1.62094e-16  1.19433e-17
      3892.32  1.67947e-16  1.16157e-17
      3895.06  1.44228e-16  1.11275e-17
      3897.81  1.51799e-16  1.14395e-17
      3900.56  1.42349e-16  1.15209e-17
      3903.31  1.62114e-16  1.24328e-17
      3906.06  1.20779e-16  1.25282e-17
      3908.81  1.31864e-16  1.15058e-17
      3911.56  1.27080e-16  1.10129e-17
      3914.31  1.23907e-16  1.06995e-17
      3917.05  1.02550e-16  1.04257e-17
      3919.80  1.17291e-16  1.12003e-17
      3922.55  1.12238e-16  2.76884e-17
      3925.30  1.07186e-16  1.11860e-17
      3928.05  9.83553e-17  1.10742e-17
      3930.80  1.16347e-16  1.14170e-17
      3933.55  1.05599e-16  1.47107e-17
      3936.30  8.70564e-17  1.03777e-17
      3939.04  9.92307e-17  1.08398e-17
      3941.79  1.16610e-16  1.19188e-17
      3944.54  1.06338e-16  1.14418e-17
      3947.29  1.23517e-16  1.07330e-17
      3950.04  8.44215e-17  9.57705e-18
      3952.79  9.27792e-17  9.54236e-18
      3955.54  9.84591e-17  1.00168e-17
      3958.29  9.41544e-17  9.65358e-18
      3961.03  9.46663e-17  9.98784e-18
      3963.78  8.91267e-17  9.56484e-18
      3966.53  9.45567e-17  9.89730e-18
      3969.28  6.62392e-17  1.03454e-17
      3972.03  8.96577e-17  9.88469e-18
      3974.78  8.78772e-17  1.26048e-17
      3977.53  9.53399e-17  1.10728e-17
      3980.27  1.17926e-16  1.59722e-17
      3983.02  9.29577e-17  1.37660e-17
      3985.77  1.18448e-16  1.06051e-17
      3988.52  8.53157e-17  2.28119e-17
      3991.27  1.30438e-16  1.02424e-17
      3994.02  1.25567e-16  9.73034e-18
      3996.77  1.16594e-16  1.25701e-17
      3999.52  1.03225e-16  9.45048e-18
      4002.26  1.43345e-16  1.23910e-17
      4005.01  1.31305e-16  1.02404e-17
      4007.76  1.47222e-16  1.02366e-17
      4010.51  1.42722e-16  1.01089e-17
      4013.26  1.62444e-16  1.00945e-17
      4016.01  1.75201e-16  1.36209e-17
      4018.76  1.68126e-16  1.06674e-17
      4021.50  1.88430e-16  1.14513e-17
      4024.25  1.55933e-16  1.22392e-17
      4027.00  1.53680e-16  1.11777e-17
      4029.75  1.98493e-16  1.10613e-17
      4032.50  1.98922e-16  4.15167e-17
      4035.25  1.99352e-16  1.01718e-17
      4038.00  2.18364e-16  1.04572e-17
      4040.74  2.23819e-16  1.06773e-17
      4043.49  2.54889e-16  1.31135e-17
      4046.24  2.40546e-16  1.11192e-17
      4048.99  2.25518e-16  2.00279e-17
      4051.74  2.68113e-16  1.34159e-17
      4054.49  2.26399e-16  2.68971e-17
      4057.24  2.63641e-16  1.64149e-17
      4059.98  2.94272e-16  1.29421e-17
      4062.73  2.81529e-16  1.42664e-17
      4065.48  3.10425e-16  1.57794e-17
      4068.23  3.42898e-16  1.20603e-17
      4070.98  3.25113e-16  1.18947e-17
      4073.73  3.60676e-16  1.29332e-17
      4076.48  3.77479e-16  1.22996e-17
      4079.22  3.62953e-16  1.18751e-17
      4081.97  3.74081e-16  1.26068e-17
      4084.72  3.72643e-16  1.22287e-17
      4087.47  3.79518e-16  1.28808e-17
      4090.22  3.96248e-16  2.05966e-17
      4092.97  4.17453e-16  1.31306e-17
      4095.72  4.33353e-16  1.37847e-17
      4098.46  3.84080e-16  1.66370e-17
      4101.21  4.01129e-16  2.07844e-17
      4103.96  4.01733e-16  1.31622e-17
      4106.71  4.01838e-16  1.38475e-17
      4109.46  4.56026e-16  1.48602e-17
      4112.21  4.63611e-16  1.53824e-17
      4114.96  4.41290e-16  1.46693e-17
      4117.70  4.25045e-16  1.44795e-17
      4120.45  4.42340e-16  1.28138e-17
      4123.20  4.55444e-16  1.45551e-17
      4125.95  4.03493e-16  1.40196e-17
      4128.70  4.43568e-16  1.49069e-17
      4131.45  4.62854e-16  1.28792e-17
      4134.19  4.30093e-16  1.38817e-17
      4136.94  4.15316e-16  1.36170e-17
      4139.69  4.25111e-16  1.34679e-17
      4142.44  3.94371e-16  1.56928e-17
      4145.19  3.84876e-16  1.54257e-17
      4147.94  3.94956e-16  1.48854e-17
      4150.68  3.87809e-16  1.28683e-17
      4153.43  3.81721e-16  1.51181e-17
      4156.18  4.10410e-16  1.20492e-17
      4158.93  4.20147e-16  1.20174e-17
      4161.68  3.51488e-16  1.19191e-17
      4164.43  3.67694e-16  1.24615e-17
      4167.17  3.52668e-16  2.28512e-17
      4169.92  3.37644e-16  1.37440e-17
      4172.67  3.22621e-16  1.64988e-17
      4175.42  2.98508e-16  1.31625e-17
      4178.17  3.38717e-16  1.20998e-17
      4180.92  3.19822e-16  1.19049e-17
      4183.66  3.06587e-16  1.61310e-17
      4186.41  3.26308e-16  1.41603e-17
      4189.16  3.01595e-16  1.27786e-17
      4191.91  3.05925e-16  1.23545e-17
      4194.66  3.16085e-16  1.25682e-17
      4197.41  3.18306e-16  1.20412e-17
      4200.15  3.26158e-16  1.23121e-17
      4202.90  3.19709e-16  1.20105e-17
      4205.65  3.00890e-16  1.06391e-17
      4208.40  3.12791e-16  1.07615e-17
      4211.15  3.10790e-16  1.20910e-17
      4213.90  3.14031e-16  1.11129e-17
      4216.64  3.11758e-16  1.91273e-17
      4219.39  2.66620e-16  1.43173e-17
      4222.14  2.88003e-16  1.17806e-17
      4224.89  3.03482e-16  1.30635e-17
      4227.64  3.34038e-16  1.09862e-17
      4230.38  3.24237e-16  1.05797e-17
      4233.13  3.14032e-16  1.05121e-17
      4235.88  2.87091e-16  1.26415e-17
      4238.63  3.06306e-16  1.19010e-17
      4241.38  3.52131e-16  1.20524e-17
      4244.12  3.31367e-16  1.19813e-17
      4246.87  3.28305e-16  1.09725e-17
      4249.62  3.64025e-16  1.47674e-17
      4252.37  3.48894e-16  1.09651e-17
      4255.12  3.52317e-16  1.13370e-17
      4257.86  3.58458e-16  1.15070e-17
      4260.61  3.32011e-16  1.15912e-17
      4263.36  3.46937e-16  1.14656e-17
      4266.11  3.68425e-16  1.11316e-17
      4268.86  3.62114e-16  1.67398e-17
      4271.60  3.55749e-16  1.22962e-17
      4274.35  3.50380e-16  1.21175e-17
      4277.10  3.82209e-16  1.14351e-17
      4279.85  3.76331e-16  1.10829e-17
      4282.60  3.90675e-16  1.12074e-17
      4285.35  3.86976e-16  1.11488e-17
      4288.09  3.80124e-16  1.18874e-17
      4290.84  3.69027e-16  1.34689e-17
      4293.59  4.03218e-16  1.14405e-17
      4296.34  3.85393e-16  1.16857e-17
      4299.08  4.16863e-16  1.12731e-17
      4301.83  4.26310e-16  1.15000e-17
      4304.58  4.09234e-16  1.16278e-17
      4307.33  3.95137e-16  1.23622e-17
      4310.08  3.94528e-16  1.29939e-17
      4312.82  4.19928e-16  1.13185e-17
      4315.57  4.10807e-16  1.16050e-17
      4318.32  3.89731e-16  1.16453e-17
      4321.07  4.03123e-16  1.27941e-17
      4323.82  3.97865e-16  2.56882e-17
      4326.56  4.12527e-16  1.23851e-17
      4329.31  3.96575e-16  1.25905e-17
      4332.06  3.99629e-16  1.13170e-17
      4334.81  3.69081e-16  1.07172e-17
      4337.55  3.64500e-16  1.13885e-17
      4340.30  3.85698e-16  1.16149e-17
      4343.05  3.57865e-16  2.00410e-17
      4345.80  3.85929e-16  1.23666e-17
      4348.55  3.69938e-16  1.11234e-17
      4351.29  3.92454e-16  1.13965e-17
      4354.04  3.66181e-16  1.37505e-17
      4356.79  3.83490e-16  1.24812e-17
      4359.54  3.79596e-16  1.26304e-17
      4362.28  3.60836e-16  1.12050e-17
      4365.03  3.63236e-16  1.14420e-17
      4367.78  3.58208e-16  1.16000e-17
      4370.53  3.79361e-16  1.06441e-17
      4373.27  3.85228e-16  1.12410e-17
      4376.02  3.72145e-16  1.27610e-17
      4378.77  3.78442e-16  1.14638e-17
      4381.52  3.72512e-16  1.12289e-17
      4384.26  3.80270e-16  1.07735e-17
      4387.01  3.94284e-16  1.09286e-17
      4389.76  3.62420e-16  1.04046e-17
      4392.51  3.77234e-16  1.29084e-17
      4395.25  3.69104e-16  1.08461e-17
      4398.00  3.88122e-16  1.14215e-17
      4400.75  3.82151e-16  1.11766e-17
      4403.50  3.69419e-16  1.23637e-17
      4406.24  3.73301e-16  1.28616e-17
      4408.99  3.66785e-16  1.20011e-17
      4411.74  3.75200e-16  1.25390e-17
      4414.49  3.85669e-16  1.13058e-17
      4417.23  3.97813e-16  1.07263e-17
      4419.98  3.85721e-16  1.06519e-17
      4422.73  3.79142e-16  1.13376e-17
      4425.48  3.98963e-16  1.15704e-17
      4428.22  3.61979e-16  1.02351e-17
      4430.97  3.72225e-16  1.11581e-17
      4433.72  3.22977e-16  1.11377e-17
      4436.47  3.73508e-16  1.17003e-17
      4439.21  3.93198e-16  1.19992e-17
      4441.96  3.33880e-16  1.23395e-17
      4444.71  3.37223e-16  1.06479e-17
      4447.46  3.59583e-16  1.20921e-17
      4450.20  3.40919e-16  1.02987e-17
      4452.95  3.23007e-16  1.05422e-17
      4455.70  3.13469e-16  1.01204e-17
      4458.44  3.21239e-16  9.69743e-18
      4461.19  3.28078e-16  1.01103e-17
      4463.94  3.50120e-16  1.07432e-17
      4466.69  3.17624e-16  9.64788e-18
      4469.43  3.31772e-16  9.83668e-18
      4472.18  3.13264e-16  9.74584e-18
      4474.93  3.06343e-16  1.07418e-17
      4477.67  3.08412e-16  9.67725e-18
      4480.42  2.96506e-16  9.88605e-18
      4483.17  2.71749e-16  9.63340e-18
      4485.92  2.99323e-16  9.38532e-18
      4488.66  2.54616e-16  1.01650e-17
      4491.41  2.76644e-16  9.54196e-18
      4494.16  2.71982e-16  1.03906e-17
      4496.90  2.69084e-16  9.19623e-18
      4499.65  2.48438e-16  8.97908e-18
      4502.40  2.79000e-16  9.72030e-18
      4505.14  2.57877e-16  8.96254e-18
      4507.89  2.58825e-16  1.09720e-17
      4510.64  2.49447e-16  1.08568e-17
      4513.39  2.34802e-16  1.12968e-17
      4516.13  2.44227e-16  1.04190e-17
      4518.88  2.39377e-16  9.77199e-18
      4521.63  2.43728e-16  9.06812e-18
      4524.37  2.49156e-16  1.24877e-17
      4527.12  2.36333e-16  9.13350e-18
      4529.87  2.33518e-16  8.95571e-18
      4532.61  2.29320e-16  8.78052e-18
      4535.36  2.09879e-16  9.02202e-18
      4538.11  2.11715e-16  8.51595e-18
      4540.85  2.15402e-16  9.42603e-18
      4543.60  2.20272e-16  1.56975e-17
      4546.35  2.33575e-16  1.03184e-17
      4549.09  2.15471e-16  8.70966e-18
      4551.84  2.14155e-16  8.91467e-18
      4554.59  2.08605e-16  8.37262e-18
      4557.33  2.02319e-16  8.46696e-18
      4560.08  1.85226e-16  1.01692e-17
      4562.83  2.00241e-16  9.58078e-18
      4565.57  1.89647e-16  9.57114e-18
      4568.32  2.03836e-16  8.97046e-18
      4571.07  2.08200e-16  8.95362e-18
      4573.81  2.14665e-16  8.66031e-18
      4576.56  2.21985e-16  9.45116e-18
      4579.31  2.20405e-16  8.75988e-18
      4582.05  2.13101e-16  9.68015e-18
      4584.80  2.23771e-16  9.04277e-18
      4587.55  2.00309e-16  8.31721e-18
      4590.29  2.04330e-16  8.28280e-18
      4593.04  2.08545e-16  8.50314e-18
      4595.79  2.03879e-16  8.46489e-18
      4598.53  1.97323e-16  9.64427e-18
      4601.28  2.04357e-16  9.12754e-18
      4604.02  1.98976e-16  8.35594e-18
      4606.77  2.06550e-16  8.54438e-18
      4609.52  2.14626e-16  8.46740e-18
      4612.26  2.10607e-16  8.29413e-18
      4615.01  2.01745e-16  9.78996e-18
      4617.76  2.26838e-16  8.99685e-18
      4620.50  2.22323e-16  8.49235e-18
      4623.25  2.05568e-16  9.38175e-18
      4626.00  2.24471e-16  1.02936e-17
      4628.74  2.31012e-16  1.00144e-17
      4631.49  2.45440e-16  8.89966e-18
      4634.23  2.49644e-16  8.92098e-18
      4636.98  2.51231e-16  9.13160e-18
      4639.73  2.38647e-16  9.15976e-18
      4642.47  2.61003e-16  9.39416e-18
      4645.22  2.58300e-16  9.75811e-18
      4647.96  2.61784e-16  9.01239e-18
      4650.71  2.56448e-16  8.82000e-18
      4653.46  2.63909e-16  9.30992e-18
      4656.20  2.66955e-16  1.05937e-17
      4658.95  2.71812e-16  1.03724e-17
      4661.70  2.88655e-16  9.61883e-18
      4664.44  2.97485e-16  9.31911e-18
      4667.19  2.96019e-16  9.60147e-18
      4669.93  3.33830e-16  1.40052e-17
      4672.68  3.11841e-16  1.40320e-17
      4675.42  3.04675e-16  1.02613e-17
      4678.17  3.17860e-16  1.01966e-17
      4680.92  3.48655e-16  1.04635e-17
      4683.66  2.95261e-16  1.00301e-17
      4686.41  3.28553e-16  1.07852e-17
      4689.15  3.39052e-16  1.10295e-17
      4691.90  3.46927e-16  1.13088e-17
      4694.65  3.26631e-16  9.80592e-18
      4697.39  3.19434e-16  9.54705e-18
      4700.14  3.04830e-16  9.33257e-18
      4702.88  3.10305e-16  9.63845e-18
      4705.63  3.49247e-16  1.06814e-17
      4708.37  3.52561e-16  1.11225e-17
      4711.12  3.25928e-16  1.09764e-17
      4713.87  2.99178e-16  1.09987e-17
      4716.61  3.26572e-16  1.03759e-17
      4719.36  3.46461e-16  1.01331e-17
      4722.10  3.49656e-16  9.86689e-18
      4724.85  3.34371e-16  1.15376e-17
      4727.59  3.60494e-16  1.15753e-17
      4730.34  3.22781e-16  1.08136e-17
      4733.08  3.70218e-16  1.11996e-17
      4735.83  3.67753e-16  1.15739e-17
      4738.58  3.90252e-16  1.17395e-17
      4741.32  3.15683e-16  1.24652e-17
      4744.07  3.62622e-16  1.18792e-17
      4746.81  3.69812e-16  1.06183e-17
      4749.56  3.65911e-16  1.17287e-17
      4752.30  3.89082e-16  1.01736e-17
      4755.05  3.80382e-16  1.06677e-17
      4757.79  3.81166e-16  1.10150e-17
      4760.54  3.76046e-16  1.04048e-17
      4763.28  3.78585e-16  1.03202e-17
      4766.03  3.89292e-16  1.04655e-17
      4768.77  3.73182e-16  1.12625e-17
      4771.52  3.97089e-16  1.23076e-17
      4774.26  4.13502e-16  1.10237e-17
      4777.01  3.78946e-16  1.05349e-17
      4779.75  3.43393e-16  1.28460e-17
      4782.50  3.68426e-16  1.79155e-17
      4785.25  3.89338e-16  1.06804e-17
      4787.99  3.71163e-16  1.06918e-17
      4790.74  3.96519e-16  1.05958e-17
      4793.48  3.83474e-16  1.01352e-17
      4796.23  3.84780e-16  1.02233e-17
      4798.97  4.07935e-16  1.22974e-17
      4801.72  3.70109e-16  1.47184e-17
      4804.46  3.72147e-16  1.57088e-17
      4807.21  3.88998e-16  1.55669e-17
      4809.95  3.58999e-16  1.24145e-17
      4812.69  3.59381e-16  1.61297e-17
      4815.44  3.55783e-16  1.03194e-17
      4818.18  3.44756e-16  1.15958e-17
      4820.93  3.74458e-16  1.39435e-17
      4823.67  3.55868e-16  1.21432e-17
      4826.42  3.55735e-16  1.26248e-17
      4829.16  3.79201e-16  1.16729e-17
      4831.91  3.68082e-16  1.03604e-17
      4834.65  3.68932e-16  1.00020e-17
      4837.40  3.62283e-16  1.02957e-17
      4840.14  3.32760e-16  1.06308e-17
      4842.89  3.31656e-16  1.07059e-17
      4845.63  3.51822e-16  1.39325e-17
      4848.38  3.44589e-16  1.04679e-17
      4851.12  3.42364e-16  1.00254e-17
      4853.87  3.37004e-16  1.09264e-17
      4856.61  3.41209e-16  1.01381e-17
      4859.35  3.38153e-16  1.02526e-17
      4862.10  3.27346e-16  9.57618e-18
      4864.84  3.17957e-16  1.49572e-17
      4867.59  3.41382e-16  1.08342e-17
      4870.33  3.41020e-16  9.85377e-18
      4873.08  3.26411e-16  9.57679e-18
      4875.82  3.38950e-16  1.01241e-17
      4878.57  3.31213e-16  1.00230e-17
      4881.31  3.30489e-16  1.08625e-17
      4884.05  3.34870e-16  1.03990e-17
      4886.80  3.00862e-16  1.00293e-17
      4889.54  3.13095e-16  9.43436e-18
      4892.29  3.18787e-16  9.66403e-18
      4895.03  2.98423e-16  1.03202e-17
      4897.77  2.99848e-16  1.06177e-17
      4900.52  2.92652e-16  1.10796e-17
      4903.26  2.85026e-16  9.17239e-18
      4906.01  2.22029e-16  1.59858e-17
      4908.75  2.88708e-16  8.98012e-18
      4911.50  3.17418e-16  9.42209e-18
      4914.24  2.64914e-16  1.20116e-17
      4916.98  2.48428e-16  1.07661e-17
      4919.73  2.79850e-16  9.14255e-18
      4922.47  2.45667e-16  8.47429e-18
      4925.22  2.46000e-16  8.59262e-18
      4927.96  2.50871e-16  8.78262e-18
      4930.70  2.37607e-16  9.17185e-18
      4933.45  2.64214e-16  9.37179e-18
      4936.19  2.38926e-16  8.45025e-18
      4938.93  2.38460e-16  8.60809e-18
      4941.68  2.32693e-16  8.73481e-18
      4944.42  2.26925e-16  2.11544e-17
      4947.17  2.21158e-16  8.41141e-18
      4949.91  2.44346e-16  8.54848e-18
      4952.65  2.21965e-16  8.58477e-18
      4955.40  2.14127e-16  8.61124e-18
      4958.14  2.42382e-16  1.00696e-17
      4960.88  2.24736e-16  8.41814e-18
      4963.63  2.11862e-16  8.91190e-18
      4966.37  2.34885e-16  8.68434e-18
      4969.11  2.16188e-16  8.77700e-18
      4971.86  2.24966e-16  1.22812e-17
      4974.60  2.29310e-16  8.76899e-18
      4977.35  2.15477e-16  8.12713e-18
      4980.09  2.26551e-16  8.43741e-18
      4982.83  2.25231e-16  8.47314e-18
      4985.58  2.16122e-16  9.18688e-18
      4988.32  2.11750e-16  8.47392e-18
      4991.06  2.17250e-16  8.59979e-18
      4993.81  2.18574e-16  8.12115e-18
      4996.55  2.23572e-16  8.49713e-18
      4999.29  2.18366e-16  9.65976e-18
      5002.03  2.06965e-16  9.44885e-18
      5004.78  2.09508e-16  9.03723e-18
      5007.52  2.16367e-16  8.51934e-18
      5010.26  2.23527e-16  8.21895e-18
      5013.01  2.18279e-16  8.13627e-18
      5015.75  2.10695e-16  8.10135e-18
      5018.49  2.18376e-16  8.53605e-18
      5021.24  2.02887e-16  8.40521e-18
      5023.98  2.01363e-16  8.42512e-18
      5026.72  1.96264e-16  7.81100e-18
      5029.47  1.80647e-16  7.72006e-18
      5032.21  2.00804e-16  8.40514e-18
      5034.95  1.87936e-16  7.75166e-18
      5037.69  1.91672e-16  7.79042e-18
      5040.44  1.88916e-16  9.13634e-18
      5043.18  1.85601e-16  7.73863e-18
      5045.92  1.81098e-16  7.85045e-18
      5048.67  1.59922e-16  7.97730e-18
      5051.41  1.78631e-16  1.02409e-17
      5054.15  1.73886e-16  8.33050e-18
      5056.89  1.80647e-16  8.31580e-18
      5059.64  1.95726e-16  9.34158e-18
      5062.38  1.89631e-16  7.82502e-18
      5065.12  1.67374e-16  7.59890e-18
      5067.86  1.75956e-16  7.53101e-18
      5070.61  1.68675e-16  1.45994e-17
      5073.35  1.96265e-16  9.28658e-18
      5076.09  1.73862e-16  7.91265e-18
      5078.83  1.65515e-16  8.43356e-18
      5081.58  1.68711e-16  7.57784e-18
      5084.32  1.86173e-16  7.52087e-18
      5087.06  1.84662e-16  8.67248e-18
      5089.80  1.83152e-16  7.66814e-18
      5092.54  1.81642e-16  1.54832e-17
      5095.29  1.80132e-16  7.86737e-18
      5098.03  1.97187e-16  7.78774e-18
      5100.77  1.66488e-16  7.42388e-18
      5103.51  1.86319e-16  7.87199e-18
      5106.26  1.86294e-16  8.52003e-18
      5109.00  1.66777e-16  1.62336e-17
      5111.74  1.89493e-16  7.62010e-18
      5114.48  1.93648e-16  7.58482e-18
      5117.22  1.91765e-16  8.06879e-18
      5119.97  1.83314e-16  7.83655e-18
      5122.71  1.83280e-16  7.78424e-18
      5125.45  1.54877e-16  9.05566e-18
      5128.19  1.62339e-16  7.51876e-18
      5130.93  1.75124e-16  8.00762e-18
      5133.68  1.87906e-16  7.78576e-18
      5136.42  2.00689e-16  9.31082e-18
      5139.16  2.13471e-16  9.02361e-18
      5141.90  1.88596e-16  8.36501e-18
      5144.64  2.10359e-16  8.21015e-18
      5147.38  2.12644e-16  8.02313e-18
      5150.13  2.10418e-16  7.87669e-18
      5152.87  2.20166e-16  7.88708e-18
      5155.61  2.00613e-16  1.09633e-17
      5158.35  1.87188e-16  1.25393e-17
      5161.09  2.08510e-16  9.26751e-18
      5163.83  2.12718e-16  8.31584e-18
      5166.58  2.25060e-16  8.05757e-18
      5169.32  2.46633e-16  9.26764e-18
      5172.06  2.31046e-16  8.73386e-18
      5174.80  2.17794e-16  7.84837e-18
      5177.54  1.89237e-16  8.07167e-18
      5180.28  1.93917e-16  9.55094e-18
      5183.02  1.73687e-16  9.61343e-18
      5185.77  1.93586e-16  1.48496e-17
      5188.51  2.04463e-16  7.61175e-18
      5191.25  2.08797e-16  8.66002e-18
      5193.99  1.87704e-16  7.93212e-18
      5196.73  1.88871e-16  8.15409e-18
      5199.47  1.82802e-16  1.20660e-17
      5202.21  1.72299e-16  8.18127e-18
      5204.95  1.94889e-16  8.38278e-18
      5207.69  1.76978e-16  7.72006e-18
      5210.44  1.74964e-16  9.57880e-18
      5213.18  1.75471e-16  8.05561e-18
      5215.92  1.80807e-16  8.04226e-18
      5218.66  1.68563e-16  8.23004e-18
      5221.40  1.83044e-16  8.57119e-18
      5224.14  1.74527e-16  8.43869e-18
      5226.88  1.65737e-16  7.37762e-18
      5229.62  1.77851e-16  9.56383e-18
      5232.36  1.69666e-16  8.37850e-18
      5235.10  1.65952e-16  8.81913e-18
      5237.84  1.53408e-16  9.73356e-18
      5240.58  1.72184e-16  8.23242e-18
      5243.32  1.69488e-16  7.87205e-18
      5246.06  1.77467e-16  7.68739e-18
      5248.81  1.77770e-16  7.44985e-18
      5251.55  1.82846e-16  7.84534e-18
      5254.29  1.75175e-16  7.78133e-18
      5257.03  1.74339e-16  7.53885e-18
      5259.77  1.73678e-16  7.73685e-18
      5262.51  1.70879e-16  8.94571e-18
      5265.25  1.74766e-16  7.43292e-18
      5267.99  1.87079e-16  7.57093e-18
      5270.73  1.76167e-16  7.65259e-18
      5273.47  1.77393e-16  7.48536e-18
      5276.21  1.80730e-16  7.69950e-18
      5278.95  1.86961e-16  7.67132e-18
      5281.69  1.81403e-16  9.61932e-18
      5284.43  1.78444e-16  8.98725e-18
      5287.17  1.95362e-16  8.34052e-18
      5289.91  1.91433e-16  7.79604e-18
      5292.65  1.96220e-16  8.07793e-18
      5295.39  1.91844e-16  8.39423e-18
      5298.13  1.87316e-16  7.97906e-18
      5300.87  1.92817e-16  7.85922e-18
      5303.61  2.04865e-16  8.28813e-18
      5306.35  2.10035e-16  8.12579e-18
      5309.09  1.99022e-16  8.00808e-18
      5311.83  1.84057e-16  8.09841e-18
      5314.57  2.13489e-16  8.07559e-18
      5317.31  2.19974e-16  8.01989e-18
      5320.05  2.08773e-16  8.12668e-18
      5322.79  2.16045e-16  8.10776e-18
      5325.53  2.17143e-16  8.31977e-18
      5328.27  1.96854e-16  1.03728e-17
      5331.01  1.94314e-16  8.25596e-18
      5333.75  2.26415e-16  8.17555e-18
      5336.49  2.14244e-16  7.94508e-18
      5339.23  2.09500e-16  1.09611e-17
      5341.96  2.26469e-16  1.03610e-17
      5344.70  2.23787e-16  8.27834e-18
      5347.44  2.26458e-16  8.21514e-18
      5350.18  2.36414e-16  8.37900e-18
      5352.92  2.33994e-16  1.45012e-17
      5355.66  2.48758e-16  9.09052e-18
      5358.40  2.68925e-16  9.47764e-18
      5361.14  2.54875e-16  9.45967e-18
      5363.88  2.50565e-16  9.31248e-18
      5366.62  2.57826e-16  8.58041e-18
      5369.36  2.72473e-16  8.64222e-18
      5372.10  2.56475e-16  9.75169e-18
      5374.83  2.60084e-16  9.57697e-18
      5377.57  2.78441e-16  8.76765e-18
      5380.31  2.76501e-16  8.99791e-18
      5383.05  2.79774e-16  8.89832e-18
      5385.79  2.63212e-16  8.87386e-18
      5388.53  2.71757e-16  8.58733e-18
      5391.27  2.76852e-16  8.68961e-18
      5394.01  2.71637e-16  8.69201e-18
      5396.75  2.71300e-16  8.90232e-18
      5399.48  2.81532e-16  8.88971e-18
      5402.22  2.84107e-16  9.81241e-18
      5404.96  2.86683e-16  9.61305e-18
      5407.70  2.89259e-16  8.94508e-18
      5410.44  2.91834e-16  9.05058e-18
      5413.18  2.82560e-16  9.78579e-18
      5415.92  2.62901e-16  9.80342e-18
      5418.65  2.86265e-16  9.91189e-18
      5421.39  2.91759e-16  9.45713e-18
      5424.13  2.57166e-16  2.34284e-17
      5426.87  2.89131e-16  1.01887e-17
      5429.61  3.02413e-16  1.11107e-17
      5432.34  3.03668e-16  1.04610e-17
      5435.08  2.87086e-16  1.05217e-17
      5437.82  2.90909e-16  1.02497e-17
      5440.56  3.03460e-16  9.31978e-18
      5443.30  2.91493e-16  9.07412e-18
      5446.04  3.01925e-16  9.21155e-18
      5448.77  2.90732e-16  9.36099e-18
      5451.51  2.95942e-16  9.92850e-18
      5454.25  2.97809e-16  9.62096e-18
      5456.99  2.77624e-16  8.89646e-18
      5459.73  2.99709e-16  9.19732e-18
      5462.46  2.81077e-16  1.06377e-17
      5465.20  2.66000e-16  9.65754e-18
      5467.94  2.98778e-16  9.15321e-18
      5470.68  3.03486e-16  1.05919e-17
      5473.41  3.01854e-16  1.07618e-17
      5476.15  2.81893e-16  1.01469e-17
      5478.89  2.85500e-16  8.92953e-18
      5481.63  2.78115e-16  9.29878e-18
      5484.36  2.99835e-16  9.85620e-18
      5487.10  2.83060e-16  8.94620e-18
      5489.84  2.80788e-16  9.37102e-18
      5492.58  2.93696e-16  9.30520e-18
      5495.31  2.70962e-16  9.80421e-18
      5498.05  2.85652e-16  9.77729e-18
      5500.79  2.82952e-16  1.05418e-17
      5503.53  2.76459e-16  9.32772e-18
      5506.26  2.84353e-16  9.07104e-18
      5509.00  2.60057e-16  9.00025e-18
      5511.74  2.50282e-16  8.60971e-18
      5514.47  2.47237e-16  8.81330e-18
      5517.21  2.40856e-16  8.58551e-18
      5519.95  2.41843e-16  8.57787e-18
      5522.69  2.40152e-16  8.70485e-18
      5525.42  2.38462e-16  1.59083e-17
      5528.16  2.36772e-16  8.53275e-18
      5530.90  2.14620e-16  8.72538e-18
      5533.63  2.32189e-16  8.70349e-18
      5536.37  2.10111e-16  8.41654e-18
      5539.11  2.18395e-16  8.37150e-18
      5541.84  2.15152e-16  8.76843e-18
      5544.58  2.08920e-16  8.43245e-18
      5547.32  2.06022e-16  8.44798e-18
      5550.05  1.89975e-16  7.92033e-18
      5552.79  1.86927e-16  8.21052e-18
      5555.53  1.83879e-16  2.87799e-17
      5558.26  1.80830e-16  7.74685e-18
      5561.00  1.87990e-16  8.06332e-18
      5563.74  1.91786e-16  8.84103e-18
      5566.47  1.74233e-16  7.93676e-18
      5569.21  1.92555e-16  8.26081e-18
      5571.94  1.88556e-16  7.96791e-18
      5574.68  1.76774e-16  7.76768e-18
      5577.42  2.10121e-16  9.04765e-18
      5580.15  2.06517e-16  8.57180e-18
      5582.89  1.82969e-16  9.03999e-18
      5585.62  1.60673e-16  9.78335e-18
      5588.36  1.87193e-16  8.84999e-18
      5591.10  2.05738e-16  9.63692e-18
      5593.83  1.85820e-16  8.86130e-18
      5596.57  1.99261e-16  8.14466e-18
      5599.30  1.55655e-16  1.49101e-17
      5602.04  1.96486e-16  8.05276e-18
      5604.78  2.10359e-16  8.47116e-18
      5607.51  2.31929e-16  1.04837e-17
      5610.25  2.09076e-16  9.95812e-18
      5612.98  1.98208e-16  8.09224e-18
      5615.72  1.98361e-16  8.00250e-18
      5618.45  2.10256e-16  8.32919e-18
      5621.19  2.15089e-16  9.42279e-18
      5623.93  2.06127e-16  1.08714e-17
      5626.66  2.06726e-16  9.42435e-18
      5629.40  1.92324e-16  9.21923e-18
      5632.13  2.02564e-16  8.66320e-18
      5634.87  1.96286e-16  8.69092e-18
      5637.60  1.72847e-16  1.27934e-17
      5640.34  1.89783e-16  7.98556e-18
      5643.07  1.99836e-16  8.46542e-18
      5645.81  2.05703e-16  8.21203e-18
      5648.54  2.19819e-16  9.45127e-18
      5651.28  2.06155e-16  8.25578e-18
      5654.01  2.17754e-16  8.81824e-18
      5656.75  1.83486e-16  7.99259e-18
      5659.48  1.79245e-16  8.15217e-18
      5662.22  1.91548e-16  8.93396e-18
      5664.95  2.21557e-16  8.97951e-18
      5667.69  2.06182e-16  8.48936e-18
      5670.42  1.91438e-16  8.14815e-18
      5673.16  1.96053e-16  8.93304e-18
      5675.89  1.89646e-16  8.19165e-18
      5678.63  2.14984e-16  9.03215e-18
      5681.36  2.06583e-16  9.25218e-18
      5684.10  2.05910e-16  9.06332e-18
      5686.83  1.93110e-16  8.35881e-18
      5689.57  2.14231e-16  1.31662e-17
      5692.30  1.82442e-16  1.11070e-17
      5695.03  1.71920e-16  9.46274e-18
      5697.77  2.01245e-16  8.97113e-18
      5700.50  3.02392e-16  1.76744e-17
