      2888.63 -4.56124e-15  3.25679e-15
      2891.38  2.50935e-15  2.06732e-15
      2894.12 -2.29455e-15  1.62495e-15
      2896.87  1.02198e-15  1.22158e-15
      2899.61  8.67320e-16  1.03388e-15
      2902.36 -9.89744e-16  9.59079e-16
      2905.10  7.26073e-16  8.02059e-16
      2907.85  1.16291e-15  7.15348e-16
      2910.59 -1.13487e-15  1.50902e-15
      2913.34  1.67918e-16  5.62038e-16
      2916.08 -2.90389e-16  5.21259e-16
      2918.83 -2.33201e-16  4.45218e-16
      2921.57  2.60425e-16  3.92424e-16
      2924.31  2.80122e-16  3.97200e-16
      2927.06 -8.26458e-16  4.74291e-16
      2929.80  3.04105e-16  2.91684e-16
      2932.55 -3.57137e-16  4.11196e-16
      2935.29  9.04941e-16  3.78150e-16
      2938.04 -2.32609e-15  1.11773e-15
      2940.78  1.55051e-16  1.69216e-16
      2943.53  3.42217e-16  1.74865e-16
      2946.27  2.18872e-16  1.77549e-16
      2949.02  6.33688e-17  1.51033e-16
      2951.76  2.82198e-17  1.13461e-16
      2954.51  1.73082e-16  1.10162e-16
      2957.26  2.02076e-16  1.00897e-16
      2960.00 -2.77106e-17  1.57460e-16
      2962.75  1.83879e-16  7.91142e-17
      2965.49  2.02011e-16  7.58205e-17
      2968.24  1.16417e-16  7.12389e-17
      2970.98  1.82787e-16  6.65035e-17
      2973.73  1.17144e-16  6.55807e-17
      2976.47  2.59513e-16  6.25310e-17
      2979.22  1.33788e-16  6.04981e-17
      2981.96  1.60145e-16  6.45397e-17
      2984.71  1.86502e-16  7.12409e-17
      2987.45  2.12860e-16  1.00687e-16
      2990.20  2.39217e-16  6.05965e-17
      2992.94  2.65574e-16  6.66161e-17
      2995.69  2.22610e-16  6.61399e-17
      2998.43  3.14548e-16  5.70181e-17
      3001.18  2.25291e-16  6.30208e-17
      3003.93  1.77545e-16  5.69736e-17
      3006.67  3.22054e-16  1.52521e-16
      3009.42  2.44614e-16  5.46614e-17
      3012.16  1.74279e-16  5.62427e-17
      3014.91  1.87880e-16  5.67319e-17
      3017.65  2.01481e-16  2.17229e-16
      3020.40  2.15082e-16  5.02377e-17
      3023.14  1.61504e-16  4.80086e-17
      3025.89  2.39535e-16  4.95775e-17
      3028.64  2.86831e-16  4.87781e-17
      3031.38  1.54480e-16  4.62550e-17
      3034.13  1.92419e-16  4.71429e-17
      3036.87  3.49614e-16  4.91579e-17
      3039.62  1.97757e-16  8.04394e-17
      3042.36  2.97270e-16  4.88225e-17
      3045.11  3.28329e-16  4.56810e-17
      3047.86  3.30706e-16  4.58611e-17
      3050.60  1.48218e-16  4.81794e-17
      3053.35  2.91676e-16  4.38386e-17
      3056.09  2.81573e-16  4.20022e-17
      3058.84  2.17877e-16  5.59145e-17
      3061.59  1.98541e-16  4.03414e-17
      3064.33  2.76297e-16  4.05690e-17
      3067.08  2.92484e-16  4.09317e-17
      3069.82  2.31757e-16  3.89639e-17
      3072.57  2.27802e-16  3.81453e-17
      3075.31  3.18325e-16  3.88545e-17
      3078.06  2.89793e-16  4.33149e-17
      3080.81  2.71410e-16  4.29007e-17
      3083.55  1.87788e-16  7.40154e-17
      3086.30  2.61988e-16  3.73435e-17
      3089.05  2.62414e-16  5.03525e-17
      3091.79  3.50998e-16  4.02902e-17
      3094.54  2.47464e-16  6.00262e-17
      3097.28  1.15911e-16  7.21998e-17
      3100.03  2.64276e-16  3.79564e-17
      3102.78  3.87080e-16  3.80493e-17
      3105.52  3.01788e-16  4.32869e-17
      3108.27  1.86436e-16  3.74847e-17
      3111.01  2.89596e-16  3.90017e-17
      3113.76  3.29580e-16  3.92537e-17
      3116.51  3.70052e-16  8.57280e-17
      3119.25  3.27184e-16  3.70195e-17
      3122.00  3.44664e-16  3.68787e-17
      3124.75  3.44179e-16  3.59759e-17
      3127.49  3.13464e-16  3.89016e-17
      3130.24  2.26791e-16  3.78266e-17
      3132.98  3.59876e-16  3.60247e-17
      3135.73  2.20019e-16  4.10450e-17
      3138.48  2.76849e-16  4.05531e-17
      3141.22  2.59178e-16  2.40732e-16
      3143.97  2.31254e-16  1.16908e-16
      3146.72  3.15510e-16  3.53915e-17
      3149.46  2.75968e-16  4.18098e-17
      3152.21  2.35177e-16  3.52366e-17
      3154.96  2.82250e-16  4.13564e-17
      3157.70  1.94242e-16  3.37017e-17
      3160.45  2.87655e-16  4.41058e-17
      3163.20  2.86737e-16  6.67268e-17
      3165.94  2.85820e-16  2.98128e-17
      3168.69  2.84902e-16  3.32753e-17
      3171.44  2.83985e-16  3.28905e-17
      3174.18  2.47661e-16  3.31683e-17
      3176.93  2.62746e-16  3.40339e-17
      3179.68  2.72774e-16  4.20965e-17
      3182.42  2.67442e-16  3.45314e-17
      3185.17  2.77421e-16  3.31783e-17
      3187.92  2.60996e-16  5.48069e-17
      3190.66  2.70564e-16  3.14878e-17
      3193.41  2.78022e-16  3.01427e-17
      3196.16  2.36363e-16  3.15308e-17
      3198.90  2.94921e-16  3.31817e-17
      3201.65  3.29847e-16  3.12487e-17
      3204.40  2.48167e-16  2.98472e-17
      3207.14  3.23152e-16  3.55345e-17
      3209.89  3.31118e-16  3.12818e-17
      3212.64  3.46869e-16  3.00492e-17
      3215.38  2.75926e-16  3.42270e-17
      3218.13  2.78129e-16  2.96757e-17
      3220.88  3.28652e-16  3.05145e-17
      3223.62  3.00120e-16  2.91125e-17
      3226.37  3.15699e-16  2.96279e-17
      3229.12  3.07458e-16  2.86427e-17
      3231.86  3.10849e-16  2.82124e-17
      3234.61  2.76466e-16  2.82954e-17
      3237.36  3.20443e-16  2.93026e-17
      3240.10  2.76537e-16  5.49866e-17
      3242.85  3.43911e-16  3.01830e-17
      3245.60  3.34283e-16  2.80606e-17
      3248.35  2.61309e-16  2.84359e-17
      3251.09  3.33835e-16  2.98668e-17
      3253.84  2.95010e-16  2.85611e-17
      3256.59  3.12716e-16  3.42236e-17
      3259.33  3.60945e-16  2.85199e-17
      3262.08  2.62301e-16  2.58135e-17
      3264.83  3.05916e-16  2.84593e-17
      3267.58  3.30931e-16  3.14185e-17
      3270.32  3.35493e-16  2.72027e-17
      3273.07  2.86647e-16  2.95850e-17
      3275.82  3.52097e-16  3.16078e-17
      3278.56  3.47994e-16  2.65248e-17
      3281.31  3.12606e-16  2.75298e-17
      3284.06  3.26466e-16  3.34580e-17
      3286.81  4.32549e-16  3.42361e-17
      3289.55  3.37806e-16  2.80605e-17
      3292.30  2.93821e-16  2.73116e-17
      3295.05  4.23434e-16  3.11204e-17
      3297.79  3.22794e-16  2.65957e-17
      3300.54  3.58066e-16  2.82813e-17
      3303.29  2.76989e-16  2.84834e-17
      3306.04  3.18049e-16  2.58913e-17
      3308.78  3.12663e-16  2.53348e-17
      3311.53  2.80094e-16  2.84459e-17
      3314.28  3.22670e-16  3.02275e-17
      3317.03  3.34165e-16  2.52897e-17
      3319.77  3.22857e-16  2.53599e-17
      3322.52  3.13602e-16  2.53239e-17
      3325.27  2.81081e-16  3.76219e-17
      3328.02  3.50753e-16  2.65446e-17
      3330.76  2.88722e-16  2.62397e-17
      3333.51  3.71956e-16  2.80362e-17
      3336.26  3.32100e-16  2.61296e-17
      3339.00  3.48321e-16  2.53432e-17
      3341.75  3.45889e-16  2.68940e-17
      3344.50  3.43456e-16  2.64486e-17
      3347.25  3.41023e-16  3.52654e-17
      3349.99  3.38591e-16  2.20762e-16
      3352.74  3.36158e-16  2.39538e-17
      3355.49  3.33725e-16  2.47159e-17
      3358.24  3.03566e-16  3.66258e-17
      3360.98  2.88268e-16  2.46750e-17
      3363.73  3.38424e-16  2.70245e-17
      3366.48  3.21454e-16  2.41928e-17
      3369.23  3.28976e-16  2.48514e-17
      3371.98  3.07334e-16  2.53264e-17
      3374.72  3.26458e-16  2.48650e-17
      3377.47  3.11597e-16  2.40881e-17
      3380.22  3.61469e-16  2.61687e-17
      3382.97  3.33383e-16  2.50253e-17
      3385.71  3.12910e-16  2.47755e-17
      3388.46  3.12312e-16  3.18994e-17
      3391.21  3.11713e-16  2.32770e-16
      3393.96  3.11115e-16  2.28455e-17
      3396.70  3.48516e-16  3.42441e-17
      3399.45  2.46860e-16  3.05577e-17
      3402.20  2.41995e-16  2.18082e-17
      3404.95  2.62580e-16  2.14296e-17
      3407.69  3.44458e-16  2.33583e-17
      3410.44  2.48675e-16  2.60904e-17
      3413.19  1.17352e-16  5.35422e-17
      3415.94  3.22055e-16  2.42412e-17
      3418.69  1.21222e-16  2.66541e-17
      3421.43  2.99773e-16  4.60781e-17
      3424.18  2.40929e-16  2.61457e-17
      3426.93  3.06294e-16  2.35320e-17
      3429.68  2.34252e-16  2.48605e-17
      3432.42  2.88904e-16  2.38924e-17
      3435.17  3.14029e-16  3.83048e-17
      3437.92  3.56723e-16  3.67517e-17
      3440.67  2.64451e-16  2.10609e-17
      3443.42  2.90638e-16  2.16062e-17
      3446.16  2.64568e-16  2.10338e-17
      3448.91  2.40068e-16  2.08514e-17
      3451.66  2.71384e-16  4.10392e-17
      3454.41  2.61136e-16  2.28773e-17
      3457.16  2.89925e-16  2.11180e-17
      3459.90  2.51116e-16  2.07741e-17
      3462.65  2.68234e-16  2.33195e-17
      3465.40  3.26602e-16  2.12836e-17
      3468.15  2.38513e-16  2.10921e-17
      3470.90  2.34563e-16  2.12460e-17
      3473.64  2.93463e-16  2.13316e-17
      3476.39  2.91312e-16  2.03915e-17
      3479.14  3.10949e-16  2.08618e-17
      3481.89  2.97965e-16  2.05381e-17
      3484.64  2.91741e-16  2.05957e-17
      3487.38  2.97616e-16  2.03826e-17
      3490.13  3.03491e-16  2.13652e-17
      3492.88  3.09366e-16  6.20813e-17
      3495.63  3.15240e-16  2.02018e-17
      3498.38  3.21115e-16  2.36400e-17
      3501.12  3.26990e-16  2.35089e-17
      3503.87  3.37976e-16  2.18296e-17
      3506.62  3.28540e-16  2.46699e-17
      3509.37  2.98135e-16  2.00182e-17
      3512.12  3.45595e-16  2.10800e-17
      3514.86  3.31455e-16  2.11795e-17
      3517.61  3.51050e-16  2.31124e-17
      3520.36  3.69667e-16  2.09995e-17
      3523.11  3.62977e-16  2.15883e-17
      3525.86  3.47495e-16  2.10706e-17
      3528.60  3.78281e-16  2.30087e-17
      3531.35  3.58894e-16  2.11454e-17
      3534.10  3.39504e-16  2.09402e-17
      3536.85  3.20117e-16  3.77969e-17
      3539.60  3.00728e-16  2.01433e-17
      3542.34  3.47047e-16  2.07337e-17
      3545.09  3.39762e-16  2.07710e-17
      3547.84  3.41153e-16  2.65137e-17
      3550.59  3.84712e-16  2.04806e-17
      3553.34  3.08366e-16  2.00728e-17
      3556.09  3.51321e-16  2.65335e-17
      3558.83  3.82467e-16  2.05245e-17
      3561.58  3.62137e-16  2.06299e-17
      3564.33  3.47064e-16  2.28566e-17
      3567.08  3.54848e-16  2.08582e-17
      3569.83  3.72387e-16  2.03289e-17
      3572.58  4.29177e-16  2.30621e-17
      3575.32  3.82664e-16  2.42732e-17
      3578.07  3.81976e-16  2.13899e-17
      3580.82  3.70638e-16  2.05348e-17
      3583.57  4.03453e-16  2.26540e-17
      3586.32  3.77694e-16  2.30108e-17
      3589.06  4.52366e-16  2.10155e-17
      3591.81  3.85862e-16  2.22658e-17
      3594.56  3.70932e-16  2.40121e-17
      3597.31  4.34966e-16  2.21554e-17
      3600.06  4.12086e-16  2.02145e-17
      3602.81  4.21004e-16  2.18163e-17
      3605.55  3.69847e-16  2.74707e-17
      3608.30  4.11548e-16  2.33847e-17
      3611.05  3.88707e-16  2.44276e-17
      3613.80  3.24729e-16  2.54086e-17
      3616.55  4.11272e-16  2.28174e-17
      3619.30  4.06644e-16  2.21375e-17
      3622.04  4.24766e-16  2.03443e-17
      3624.79  4.31769e-16  2.41053e-17
      3627.54  4.60480e-16  2.41393e-17
      3630.29  4.63397e-16  2.12934e-17
      3633.04  3.53133e-16  4.39122e-17
      3635.79  4.68872e-16  2.15573e-17
      3638.54  4.76212e-16  2.10841e-17
      3641.28  4.58513e-16  2.06356e-17
      3644.03  4.75136e-16  2.15617e-17
      3646.78  4.55539e-16  2.04008e-17
      3649.53  4.93829e-16  2.04890e-17
      3652.28  4.26854e-16  2.04011e-17
      3655.03  3.97019e-16  3.11339e-17
      3657.77  4.55500e-16  2.04630e-17
      3660.52  4.73414e-16  2.18538e-17
      3663.27  4.37502e-16  1.94590e-17
      3666.02  4.27597e-16  2.44631e-17
      3668.77  4.22644e-16  1.92068e-17
      3671.52  4.87117e-16  2.06338e-17
      3674.26  3.86203e-16  3.78237e-17
      3677.01  4.78518e-16  4.31919e-17
      3679.76  4.98444e-16  2.04251e-17
      3682.51  4.68177e-16  2.12284e-17
      3685.26  5.43998e-16  2.99025e-17
      3688.01  5.02621e-16  1.97846e-17
      3690.76  5.22987e-16  2.01426e-17
      3693.50  5.41719e-16  2.09569e-17
      3696.25  6.18225e-16  2.24075e-17
      3699.00  5.69698e-16  2.96518e-17
      3701.75  5.38903e-16  1.72407e-16
      3704.50  5.08106e-16  2.47190e-17
      3707.25  5.93294e-16  2.47047e-17
      3709.99  5.75758e-16  2.03403e-17
      3712.74  5.71056e-16  2.03763e-17
      3715.49  5.44314e-16  1.97432e-17
      3718.24  5.75587e-16  1.99946e-17
      3720.99  5.77622e-16  2.06533e-17
      3723.74  5.84216e-16  2.03305e-17
      3726.49  5.81071e-16  1.98535e-17
      3729.23  5.78339e-16  1.99261e-17
      3731.98  5.88595e-16  2.08829e-17
      3734.73  6.05909e-16  2.52131e-17
      3737.48  6.15563e-16  1.96934e-17
      3740.23  6.40714e-16  2.11925e-17
      3742.98  5.97016e-16  2.01012e-17
      3745.73  6.14893e-16  2.03271e-17
      3748.47  6.36334e-16  2.04207e-17
      3751.22  6.46372e-16  2.03629e-17
      3753.97  6.16866e-16  3.00975e-17
      3756.72  6.71967e-16  3.39586e-17
      3759.47  6.22744e-16  1.92011e-17
      3762.22  6.31661e-16  3.38495e-17
      3764.97  6.32434e-16  2.22578e-17
      3767.71  6.33207e-16  2.28666e-17
      3770.46  6.33979e-16  2.02011e-17
      3773.21  6.23319e-16  1.90495e-17
      3775.96  6.14111e-16  1.99390e-17
      3778.71  6.53937e-16  1.94087e-17
      3781.46  5.70148e-16  4.01175e-17
      3784.21  6.22636e-16  1.91808e-17
      3786.95  5.94266e-16  1.93452e-17
      3789.70  6.07082e-16  2.53518e-17
      3792.45  5.67358e-16  1.84415e-17
      3795.20  5.51384e-16  2.24808e-17
      3797.95  5.49314e-16  1.75402e-17
      3800.70  5.36458e-16  1.72361e-17
      3803.45  5.26898e-16  1.84499e-17
      3806.19  4.94836e-16  1.71795e-17
      3808.94  4.76396e-16  1.75903e-17
      3811.69  4.84925e-16  1.80261e-17
      3814.44  4.32548e-16  1.60051e-17
      3817.19  4.41251e-16  1.64169e-17
      3819.94  4.04674e-16  1.67444e-17
      3822.69  3.98511e-16  1.74955e-17
      3825.43  4.37140e-16  1.56975e-17
      3828.18  4.04928e-16  1.58687e-17
      3830.93  3.58837e-16  1.55121e-17
      3833.68  3.61427e-16  1.54979e-17
      3836.43  3.28667e-16  1.43135e-17
      3839.18  3.17947e-16  1.45322e-17
      3841.93  3.28789e-16  1.42146e-17
      3844.67  3.08175e-16  1.40897e-17
      3847.42  3.01576e-16  1.39174e-17
      3850.17  2.71953e-16  1.35391e-17
      3852.92  2.31298e-16  1.97466e-17
      3855.67  2.66749e-16  1.33894e-17
      3858.42  2.54369e-16  1.35449e-17
      3861.17  2.57186e-16  1.60344e-17
      3863.91  2.28303e-16  1.28441e-17
      3866.66  2.57712e-16  1.38361e-17
      3869.41  2.24302e-16  1.32835e-17
      3872.16  1.58215e-16  5.18322e-17
      3874.91  2.28688e-16  1.29886e-17
      3877.66  2.20080e-16  1.29187e-17
      3880.41  2.23939e-16  1.46342e-17
      3883.15  2.25078e-16  1.20860e-17
      3885.90  2.16439e-16  1.25377e-17
      3888.65  2.18848e-16  1.21760e-17
      3891.40  2.03848e-16  1.17263e-17
      3894.15  1.54880e-16  1.21832e-17
      3896.90  2.09799e-16  1.18350e-17
      3899.65  2.25717e-16  1.33369e-17
      3902.40  2.01949e-16  1.16318e-17
      3905.14  2.10319e-16  1.16033e-17
      3907.89  1.88450e-16  1.14118e-17
      3910.64  2.31172e-16  1.71918e-17
      3913.39  2.00505e-16  1.21940e-17
      3916.14  2.00993e-16  1.25492e-17
      3918.89  1.72751e-16  1.94932e-17
      3921.64  2.13084e-16  1.22246e-17
      3924.38  2.25696e-16  1.29123e-17
      3927.13  2.27434e-16  1.17278e-17
      3929.88  2.27234e-16  1.38536e-17
      3932.63  2.69634e-16  1.20345e-17
      3935.38  2.45482e-16  1.25539e-17
      3938.13  2.66430e-16  1.28522e-17
      3940.88  3.22734e-16  1.28003e-17
      3943.62  2.84960e-16  1.21966e-17
      3946.37  3.05514e-16  1.22101e-17
      3949.12  3.14610e-16  1.21422e-17
      3951.87  3.07400e-16  1.88349e-17
      3954.62  3.46449e-16  1.26762e-17
      3957.37  3.32079e-16  1.23786e-17
      3960.11  3.32833e-16  1.25388e-17
      3962.86  3.33903e-16  1.27381e-17
      3965.61  3.39273e-16  1.25153e-17
      3968.36  3.41704e-16  1.29708e-17
      3971.11  3.45952e-16  1.41315e-17
      3973.86  4.03054e-16  1.30998e-17
      3976.61  3.15054e-16  1.79728e-17
      3979.35  3.40173e-16  1.42261e-17
      3982.10  3.36270e-16  1.21629e-17
      3984.85  3.05852e-16  2.58455e-17
      3987.60  3.53147e-16  1.26721e-17
      3990.35  3.28819e-16  1.20564e-17
      3993.10  3.41345e-16  1.61771e-17
      3995.85  3.15315e-16  1.21456e-17
      3998.59  3.57912e-16  1.49193e-17
      4001.34  3.53412e-16  1.27367e-17
      4004.09  3.46667e-16  1.24266e-17
      4006.84  3.80297e-16  1.28005e-17
      4009.59  3.98597e-16  1.27319e-17
      4012.34  4.16755e-16  1.85455e-17
      4015.09  4.15991e-16  1.36522e-17
      4017.83  3.86087e-16  1.33969e-17
      4020.58  4.24195e-16  1.29623e-17
      4023.33  4.02296e-16  1.27324e-17
      4026.08  4.25055e-16  1.33677e-17
      4028.83  4.23107e-16  3.78719e-17
      4031.58  4.50328e-16  1.28052e-17
      4034.32  4.59398e-16  1.29766e-17
      4037.07  4.72411e-16  1.31889e-17
      4039.82  4.70928e-16  1.56430e-17
      4042.57  5.25529e-16  1.39216e-17
      4045.32  4.91185e-16  1.91642e-17
      4048.07  5.46129e-16  1.52942e-17
      4050.82  5.66290e-16  4.17843e-17
      4053.56  5.86453e-16  1.94942e-17
      4056.31  6.06614e-16  1.63521e-17
      4059.06  6.07186e-16  1.84499e-17
      4061.81  5.82424e-16  1.56458e-17
      4064.56  6.71144e-16  1.47305e-17
      4067.31  6.75421e-16  1.47116e-17
      4070.05  6.87987e-16  1.46732e-17
      4072.80  7.35589e-16  1.51296e-17
      4075.55  6.99435e-16  1.48178e-17
      4078.30  7.20137e-16  1.47988e-17
      4081.05  7.28809e-16  1.53617e-17
      4083.80  7.62270e-16  1.53916e-17
      4086.55  7.29684e-16  2.85327e-17
      4089.29  7.96629e-16  1.54163e-17
      4092.04  7.98958e-16  1.55538e-17
      4094.79  7.66712e-16  1.89912e-17
      4097.54  7.40938e-16  2.19829e-17
      4100.29  7.97635e-16  1.55006e-17
      4103.04  7.70987e-16  1.52186e-17
      4105.78  7.84566e-16  1.57715e-17
      4108.53  7.72019e-16  1.53042e-17
      4111.28  7.95000e-16  1.53245e-17
      4114.03  7.68101e-16  1.52300e-17
      4116.78  7.90119e-16  1.57931e-17
      4119.53  7.98771e-16  1.73807e-17
      4122.27  7.68905e-16  1.52207e-17
      4125.02  8.30571e-16  1.96696e-17
      4127.77  7.85384e-16  1.57905e-17
      4130.52  7.76442e-16  1.61075e-17
      4133.27  7.77203e-16  1.50149e-17
      4136.02  8.30115e-16  1.68777e-17
      4138.76  8.27211e-16  1.82075e-17
      4141.51  7.82346e-16  1.49519e-17
      4144.26  8.56705e-16  1.59177e-17
      4147.01  8.30179e-16  1.59032e-17
      4149.76  8.47124e-16  1.88828e-17
      4152.50  8.36881e-16  1.59452e-17
      4155.25  8.37423e-16  1.69433e-17
      4158.00  7.87964e-16  1.70437e-17
      4160.75  8.19015e-16  1.72737e-17
      4163.50  8.25550e-16  1.65858e-17
      4166.25  8.09709e-16  1.58100e-17
      4168.99  7.86684e-16  1.52541e-17
      4171.74  7.84335e-16  1.47805e-17
      4174.49  7.54520e-16  1.73799e-17
      4177.24  7.22805e-16  1.71481e-17
      4179.99  7.02844e-16  2.00504e-17
      4182.73  6.96005e-16  1.40523e-17
      4185.48  6.93722e-16  1.49506e-17
      4188.23  6.86078e-16  1.39943e-17
      4190.98  6.98629e-16  1.46974e-17
      4193.73  6.60135e-16  1.38304e-17
      4196.48  6.62706e-16  1.44563e-17
      4199.22  6.61968e-16  1.56577e-17
      4201.97  6.06308e-16  1.52297e-17
      4204.72  6.32968e-16  1.43326e-17
      4207.47  6.72416e-16  1.51001e-17
      4210.22  6.61671e-16  1.48241e-17
      4212.96  6.50079e-16  2.14494e-17
      4215.71  6.80149e-16  1.60645e-17
      4218.46  6.76940e-16  1.42727e-17
      4221.21  6.63734e-16  1.61222e-17
      4223.96  6.99038e-16  1.39386e-17
      4226.70  7.28533e-16  1.39949e-17
      4229.45  7.02727e-16  1.37857e-17
      4232.20  7.20828e-16  1.44106e-17
      4234.95  7.31702e-16  1.46197e-17
      4237.70  7.41799e-16  1.43845e-17
      4240.44  7.59221e-16  1.44479e-17
      4243.19  7.68381e-16  1.43695e-17
      4245.94  7.65219e-16  1.75506e-17
      4248.69  7.65363e-16  1.49641e-17
      4251.44  7.71212e-16  1.52076e-17
      4254.18  8.00462e-16  1.50497e-17
      4256.93  7.94773e-16  1.45731e-17
      4259.68  8.19124e-16  1.49978e-17
      4262.43  8.02080e-16  1.45353e-17
      4265.18  8.50541e-16  2.02401e-17
      4267.92  7.93322e-16  1.55846e-17
      4270.67  8.12754e-16  1.50100e-17
      4273.42  8.49061e-16  1.57656e-17
      4276.17  7.93068e-16  1.44840e-17
      4278.92  7.89835e-16  1.42544e-17
      4281.66  7.65385e-16  1.61312e-17
      4284.41  8.13999e-16  1.53266e-17
      4287.16  7.98031e-16  1.44029e-17
      4289.91  7.94316e-16  1.43389e-17
      4292.65  7.82200e-16  1.44611e-17
      4295.40  7.59573e-16  1.60955e-17
      4298.15  7.86775e-16  1.62055e-17
      4300.90  7.64693e-16  1.43722e-17
      4303.65  7.79349e-16  1.40946e-17
      4306.39  7.68595e-16  1.40062e-17
      4309.14  7.62286e-16  1.39306e-17
      4311.89  7.54105e-16  1.42641e-17
      4314.64  7.29160e-16  1.39902e-17
      4317.38  7.36839e-16  1.40254e-17
      4320.13  6.93391e-16  2.46802e-17
      4322.88  6.78677e-16  1.37711e-17
      4325.63  7.25686e-16  1.39559e-17
      4328.37  7.05160e-16  1.38073e-17
      4331.12  7.08583e-16  1.34140e-17
      4333.87  7.25793e-16  1.36627e-17
      4336.62  6.83142e-16  1.39723e-17
      4339.37  7.10033e-16  1.91846e-17
      4342.11  7.16548e-16  1.43896e-17
      4344.86  6.68281e-16  1.29331e-17
      4347.61  6.68695e-16  1.30218e-17
      4350.36  6.65070e-16  1.32203e-17
      4353.10  6.60252e-16  1.37242e-17
      4355.85  6.83608e-16  1.34115e-17
      4358.60  6.71564e-16  1.34272e-17
      4361.35  6.80559e-16  1.29805e-17
      4364.09  6.57437e-16  1.38909e-17
      4366.84  6.40748e-16  1.40905e-17
      4369.59  6.83664e-16  1.53889e-17
      4372.34  6.65008e-16  1.57822e-17
      4375.08  7.09304e-16  1.39200e-17
      4377.83  7.08052e-16  1.39987e-17
      4380.58  7.06799e-16  1.34660e-17
      4383.33  7.05546e-16  1.40542e-17
      4386.07  7.04293e-16  1.31824e-17
      4388.82  6.89364e-16  1.31821e-17
      4391.57  6.94392e-16  1.33450e-17
      4394.31  6.48162e-16  1.25565e-17
      4397.06  6.87528e-16  1.30040e-17
      4399.81  6.71435e-16  1.28139e-17
      4402.56  6.37964e-16  1.41628e-17
      4405.30  6.52090e-16  1.28399e-17
      4408.05  6.46890e-16  1.30782e-17
      4410.80  6.55031e-16  1.27783e-17
      4413.55  6.28323e-16  1.24086e-17
      4416.29  6.37790e-16  1.26169e-17
      4419.04  6.37590e-16  1.29097e-17
      4421.79  6.24109e-16  1.39454e-17
      4424.54  5.73508e-16  1.18575e-17
      4427.28  5.98229e-16  1.26602e-17
      4430.03  6.08302e-16  1.24107e-17
      4432.78  5.88829e-16  1.30621e-17
      4435.52  5.97965e-16  1.39870e-17
      4438.27  5.86226e-16  1.20534e-17
      4441.02  5.66740e-16  1.18591e-17
      4443.77  5.48054e-16  1.18380e-17
      4446.51  5.35062e-16  1.19551e-17
      4449.26  5.57695e-16  1.16986e-17
      4452.01  5.40199e-16  1.20214e-17
      4454.75  5.31381e-16  1.13792e-17
      4457.50  5.13523e-16  1.15762e-17
      4460.25  5.38599e-16  1.15762e-17
      4463.00  5.06666e-16  1.12784e-17
      4465.74  4.79680e-16  1.10735e-17
      4468.49  4.85941e-16  1.11732e-17
      4471.24  5.01346e-16  1.27027e-17
      4473.98  4.73781e-16  1.10289e-17
      4476.73  4.74998e-16  1.07965e-17
      4479.48  4.68607e-16  1.07964e-17
      4482.22  4.64612e-16  1.07514e-17
      4484.97  4.53690e-16  1.09791e-17
      4487.72  4.57732e-16  1.07965e-17
      4490.47  4.62743e-16  1.07613e-17
      4493.21  4.22334e-16  1.05317e-17
      4495.96  4.22938e-16  1.06457e-17
      4498.71  4.40269e-16  1.10812e-17
      4501.45  4.38662e-16  1.04079e-17
      4504.20  4.08224e-16  1.31347e-17
      4506.95  4.31675e-16  1.24783e-17
      4509.69  4.15959e-16  1.05129e-17
      4512.44  3.95903e-16  1.17027e-17
      4515.19  4.13203e-16  1.14725e-17
      4517.93  4.11466e-16  1.13557e-17
      4520.68  3.89248e-16  1.16012e-17
      4523.43  3.92444e-16  1.02677e-17
      4526.17  4.00122e-16  1.01687e-17
      4528.92  3.97562e-16  1.14091e-17
      4531.67  3.51884e-16  1.14331e-17
      4534.41  4.29745e-16  1.06687e-17
      4537.16  4.08466e-16  1.13707e-17
      4539.91  4.32791e-16  1.78321e-17
      4542.65  4.09738e-16  1.27959e-17
      4545.40  4.22604e-16  1.11527e-17
      4548.15  4.24777e-16  1.09726e-17
      4550.89  4.22961e-16  1.04732e-17
      4553.64  4.30445e-16  1.04499e-17
      4556.39  3.96457e-16  1.41469e-17
      4559.13  4.23589e-16  1.04262e-17
      4561.88  4.39213e-16  1.03690e-17
      4564.63  4.42391e-16  1.10562e-17
      4567.37  4.33491e-16  1.05703e-17
      4570.12  4.55586e-16  1.05434e-17
      4572.87  4.50567e-16  1.12965e-17
      4575.61  4.62256e-16  1.05667e-17
      4578.36  4.59643e-16  1.11106e-17
      4581.10  4.84496e-16  1.17739e-17
      4583.85  4.39558e-16  1.23771e-17
      4586.60  4.70512e-16  1.17037e-17
      4589.34  4.59866e-16  1.07562e-17
      4592.09  4.66782e-16  1.07815e-17
      4594.84  4.68769e-16  1.07915e-17
      4597.58  4.48213e-16  1.06441e-17
      4600.33  4.54498e-16  1.08081e-17
      4603.08  4.53566e-16  1.21894e-17
      4605.82  5.01707e-16  1.24120e-17
      4608.57  4.55053e-16  1.06371e-17
      4611.31  4.89575e-16  1.09713e-17
      4614.06  4.64560e-16  1.07961e-17
      4616.81  4.96686e-16  1.09697e-17
      4619.55  5.06121e-16  1.15791e-17
      4622.30  4.78255e-16  1.22310e-17
      4625.04  4.86298e-16  1.11516e-17
      4627.79  4.91260e-16  1.11438e-17
      4630.54  4.55160e-16  1.15993e-17
      4633.28  5.07058e-16  1.15640e-17
      4636.03  5.03935e-16  1.27296e-17
      4638.78  4.94434e-16  1.12324e-17
      4641.52  4.94209e-16  1.08968e-17
      4644.27  5.21765e-16  1.12488e-17
      4647.01  4.99097e-16  1.08770e-17
      4649.76  5.24628e-16  1.14546e-17
      4652.50  5.04554e-16  1.19695e-17
      4655.25  5.44082e-16  1.13510e-17
      4658.00  5.40928e-16  1.13438e-17
      4660.74  5.44444e-16  1.12848e-17
      4663.49  5.62316e-16  1.17987e-17
      4666.23  5.74227e-16  3.46125e-17
      4668.98  5.29736e-16  1.12528e-17
      4671.73  5.24581e-16  1.12223e-17
      4674.47  5.47558e-16  1.12876e-17
      4677.22  5.74581e-16  1.30507e-17
      4679.96  5.64406e-16  1.36020e-17
      4682.71  5.73886e-16  1.29247e-17
      4685.45  5.48990e-16  1.14051e-17
      4688.20  5.58267e-16  1.38277e-17
      4690.95  5.57289e-16  1.23190e-17
      4693.69  5.56788e-16  1.15566e-17
      4696.44  5.60673e-16  1.24752e-17
      4699.18  5.54628e-16  1.17145e-17
      4701.93  5.79787e-16  1.20603e-17
      4704.67  5.68083e-16  1.16001e-17
      4707.42  5.76283e-16  1.17256e-17
      4710.17  5.72388e-16  1.16884e-17
      4712.91  5.61354e-16  1.17873e-17
      4715.66  5.55410e-16  1.14526e-17
      4718.40  5.61199e-16  1.16309e-17
      4721.15  5.64366e-16  1.21944e-17
      4723.89  5.59027e-16  1.19614e-17
      4726.64  5.68441e-16  1.18438e-17
      4729.38  5.78909e-16  1.20035e-17
      4732.13  5.62932e-16  1.17185e-17
      4734.87  5.74333e-16  1.29762e-17
      4737.62  5.77567e-16  1.18623e-17
      4740.36  5.99501e-16  1.22176e-17
      4743.11  5.87670e-16  1.18719e-17
      4745.86  5.92350e-16  1.17984e-17
      4748.60  6.04702e-16  1.18776e-17
      4751.35  6.08832e-16  1.21021e-17
      4754.09  6.03521e-16  1.26271e-17
      4756.84  6.08897e-16  1.22747e-17
      4759.58  5.81918e-16  1.19864e-17
      4762.33  5.69155e-16  1.18134e-17
      4765.07  5.96310e-16  1.20320e-17
      4767.82  5.79188e-16  1.32871e-17
      4770.56  5.77664e-16  1.16246e-17
      4773.31  5.66441e-16  1.15671e-17
      4776.05  5.52426e-16  1.21033e-17
      4778.80  5.68424e-16  1.39237e-17
      4781.54  5.57968e-16  1.16258e-17
      4784.29  5.25597e-16  1.16396e-17
      4787.03  5.58426e-16  1.15074e-17
      4789.78  5.61071e-16  1.14816e-17
      4792.52  5.42378e-16  1.22878e-17
      4795.27  5.41004e-16  1.51745e-17
      4798.01  5.56319e-16  1.14903e-17
      4800.76  5.57846e-16  1.22251e-17
      4803.50  5.48424e-16  1.19522e-17
      4806.25  5.42944e-16  1.17934e-17
      4808.99  5.40768e-16  1.56230e-17
      4811.74  5.60750e-16  1.14662e-17
      4814.48  5.39454e-16  1.16142e-17
      4817.23  5.71343e-16  1.33084e-17
      4819.97  5.63723e-16  1.19820e-17
      4822.71  5.20972e-16  1.33062e-17
      4825.46  5.43479e-16  1.33216e-17
      4828.20  5.72173e-16  1.15191e-17
      4830.95  5.92921e-16  1.18903e-17
      4833.69  5.74246e-16  1.15581e-17
      4836.44  5.61192e-16  1.15025e-17
      4839.18  5.65426e-16  1.14436e-17
      4841.93  5.55807e-16  1.35782e-17
      4844.67  5.55788e-16  1.14081e-17
      4847.42  5.65170e-16  1.15981e-17
      4850.16  5.99149e-16  1.25179e-17
      4852.90  5.63884e-16  1.15397e-17
      4855.65  5.99968e-16  1.18549e-17
      4858.39  6.01785e-16  1.20991e-17
      4861.14  5.65911e-16  1.72276e-17
      4863.88  5.56392e-16  1.27649e-17
      4866.63  5.47704e-16  1.33318e-17
      4869.37  5.33881e-16  1.30716e-17
      4872.11  5.27511e-16  1.23499e-17
      4874.86  5.30911e-16  1.14193e-17
      4877.60  5.01281e-16  1.12085e-17
      4880.35  5.16115e-16  1.12405e-17
      4883.09  5.04374e-16  1.09485e-17
      4885.84  4.78277e-16  1.06312e-17
      4888.58  4.48322e-16  1.10824e-17
      4891.32  4.68458e-16  1.06392e-17
      4894.07  4.64193e-16  1.08891e-17
      4896.81  4.72878e-16  1.12073e-17
      4899.56  4.67100e-16  1.07390e-17
      4902.30  4.36490e-16  1.68888e-17
      4905.04  4.65843e-16  1.04329e-17
      4907.79  4.60021e-16  1.05210e-17
      4910.53  4.68363e-16  1.06027e-17
      4913.28  4.78570e-16  1.05659e-17
      4916.02  4.70290e-16  1.07132e-17
      4918.76  4.77236e-16  1.06300e-17
      4921.51  4.65754e-16  1.07771e-17
      4924.25  4.57538e-16  1.05966e-17
      4926.99  4.60965e-16  1.09445e-17
      4929.74  4.45785e-16  1.04773e-17
      4932.48  4.69516e-16  1.04388e-17
      4935.23  4.53202e-16  1.05129e-17
      4937.97  4.65033e-16  1.06791e-17
      4940.71  4.73472e-16  2.58921e-17
      4943.46  4.53008e-16  1.02503e-17
      4946.20  4.36468e-16  1.02354e-17
      4948.94  4.76453e-16  1.08044e-17
      4951.69  4.65062e-16  1.07913e-17
      4954.43  4.50142e-16  1.27201e-17
      4957.17  4.41509e-16  1.03866e-17
      4959.92  4.50973e-16  1.04070e-17
      4962.66  4.44892e-16  1.03997e-17
      4965.40  4.26050e-16  1.10542e-17
      4968.15  4.20086e-16  1.35715e-17
      4970.89  4.21043e-16  9.96321e-18
      4973.63  3.88682e-16  9.72993e-18
      4976.38  4.06816e-16  9.81271e-18
      4979.12  4.14339e-16  9.94814e-18
      4981.86  3.84849e-16  1.08437e-17
      4984.61  3.79780e-16  1.00188e-17
      4987.35  3.77374e-16  1.00681e-17
      4990.09  3.74477e-16  1.04296e-17
      4992.84  3.30926e-16  9.56833e-18
      4995.58  3.44572e-16  9.93683e-18
      4998.32  3.69566e-16  9.42914e-18
      5001.07  3.42504e-16  9.17437e-18
      5003.81  3.57941e-16  1.07480e-17
      5006.55  3.58649e-16  1.11081e-17
      5009.30  3.77030e-16  1.05974e-17
      5012.04  3.61763e-16  1.03632e-17
      5014.78  3.72048e-16  9.67434e-18
      5017.52  4.05309e-16  9.68178e-18
      5020.27  3.83448e-16  1.02949e-17
      5023.01  4.00600e-16  1.16934e-17
      5025.75  4.43582e-16  1.35753e-17
      5028.50  4.44683e-16  1.24088e-17
      5031.24  4.47295e-16  1.11434e-17
      5033.98  3.94955e-16  9.89557e-18
      5036.72  4.12798e-16  9.93541e-18
      5039.47  4.09695e-16  1.01505e-17
      5042.21  4.13384e-16  9.99512e-18
      5044.95  4.19152e-16  9.81606e-18
      5047.69  4.36974e-16  1.12376e-17
      5050.44  3.97505e-16  1.00126e-17
      5053.18  4.08925e-16  9.81335e-18
      5055.92  4.05773e-16  1.10225e-17
      5058.66  4.07117e-16  9.82880e-18
      5061.41  3.73560e-16  1.17725e-17
      5064.15  3.61950e-16  9.33857e-18
      5066.89  3.52187e-16  1.67778e-17
      5069.63  3.61565e-16  1.05949e-17
      5072.38  3.48320e-16  9.11227e-18
      5075.12  3.35353e-16  9.08278e-18
      5077.86  3.48363e-16  9.38754e-18
      5080.60  3.23187e-16  8.81464e-18
      5083.35  3.22878e-16  1.01196e-17
      5086.09  3.20238e-16  9.16373e-18
      5088.83  2.93028e-16  1.54330e-17
      5091.57  3.04994e-16  9.26320e-18
      5094.31  3.02185e-16  9.07390e-18
      5097.06  2.89997e-16  8.68117e-18
      5099.80  2.94745e-16  8.89576e-18
      5102.54  2.80234e-16  9.62347e-18
      5105.28  3.06499e-16  1.74564e-17
      5108.02  2.75815e-16  8.40056e-18
      5110.77  2.74858e-16  8.18769e-18
      5113.51  2.82742e-16  8.46797e-18
      5116.25  2.79243e-16  8.39373e-18
      5118.99  2.93178e-16  9.80157e-18
      5121.73  3.13444e-16  8.91007e-18
      5124.48  3.06965e-16  8.81480e-18
      5127.22  3.16271e-16  8.95928e-18
      5129.96  3.18599e-16  8.87528e-18
      5132.70  3.40158e-16  9.16471e-18
      5135.44  3.68043e-16  1.07947e-17
      5138.18  3.68342e-16  1.08567e-17
      5140.93  3.80293e-16  1.03898e-17
      5143.67  3.67631e-16  9.35391e-18
      5146.41  3.83094e-16  9.37168e-18
      5149.15  3.46536e-16  9.01772e-18
      5151.89  3.66642e-16  9.59601e-18
      5154.63  3.64750e-16  1.15991e-17
      5157.38  3.69970e-16  1.11960e-17
      5160.12  4.13525e-16  1.10011e-17
      5162.86  3.99428e-16  1.02945e-17
      5165.60  3.82034e-16  1.12395e-17
      5168.34  3.74736e-16  9.62807e-18
      5171.08  3.71812e-16  9.31939e-18
      5173.82  3.59893e-16  9.84066e-18
      5176.56  3.53597e-16  1.11791e-17
      5179.31  3.53750e-16  9.10271e-18
      5182.05  2.99202e-16  2.39332e-17
      5184.79  3.68018e-16  9.14118e-18
      5187.53  3.42634e-16  1.11721e-17
      5190.27  3.48410e-16  9.17207e-18
      5193.01  3.45896e-16  9.26731e-18
      5195.75  3.45095e-16  1.33252e-17
      5198.49  3.46507e-16  9.24122e-18
      5201.23  3.57435e-16  9.22213e-18
      5203.98  3.32545e-16  8.95290e-18
      5206.72  3.30323e-16  1.09948e-17
      5209.46  3.32089e-16  9.03960e-18
      5212.20  3.25441e-16  8.99164e-18
      5214.94  3.20306e-16  9.12080e-18
      5217.68  3.13996e-16  8.75590e-18
      5220.42  2.98099e-16  8.70761e-18
      5223.16  2.95549e-16  8.80302e-18
      5225.90  3.20785e-16  9.80333e-18
      5228.64  3.01776e-16  9.22689e-18
      5231.38  3.24509e-16  9.58010e-18
      5234.12  3.00418e-16  1.15895e-17
      5236.86  3.13101e-16  1.21217e-17
      5239.60  2.95266e-16  9.90659e-18
      5242.34  2.96293e-16  1.09720e-17
      5245.09  3.06233e-16  1.07338e-17
      5247.83  3.00192e-16  9.05170e-18
      5250.57  2.98702e-16  8.89984e-18
      5253.31  2.96475e-16  9.07584e-18
      5256.05  3.15104e-16  9.00663e-18
      5258.79  3.00184e-16  1.05260e-17
      5261.53  3.02112e-16  8.61563e-18
      5264.27  3.16716e-16  8.88961e-18
      5267.01  3.07263e-16  9.95532e-18
      5269.75  3.17705e-16  8.82673e-18
      5272.49  2.93726e-16  1.09810e-17
      5275.23  3.34213e-16  9.57178e-18
      5277.97  3.36912e-16  1.01695e-17
      5280.71  3.28969e-16  9.49681e-18
      5283.45  2.60189e-16  9.42154e-18
      5286.19  3.22397e-16  8.88257e-18
      5288.93  3.27332e-16  9.18274e-18
      5291.67  3.22364e-16  9.06908e-18
      5294.41  3.20009e-16  8.98582e-18
      5297.15  3.19694e-16  9.09196e-18
      5299.89  3.44230e-16  9.32393e-18
      5302.63  3.53362e-16  9.43443e-18
      5305.37  3.35945e-16  1.00454e-17
      5308.11  3.64061e-16  1.05377e-17
      5310.85  3.50026e-16  9.13852e-18
      5313.59  3.65741e-16  9.29735e-18
      5316.33  3.73734e-16  9.56201e-18
      5319.06  3.59367e-16  9.45065e-18
      5321.80  3.59227e-16  9.90956e-18
      5324.54  3.56980e-16  9.68142e-18
      5327.28  3.74464e-16  9.49440e-18
      5330.02  3.64065e-16  9.33938e-18
      5332.76  4.05303e-16  9.84755e-18
      5335.50  3.91241e-16  1.24157e-17
      5338.24  3.77233e-16  1.20765e-17
      5340.98  3.98224e-16  9.79240e-18
      5343.72  3.85817e-16  9.81188e-18
      5346.46  4.03422e-16  9.74739e-18
      5349.20  3.83784e-16  1.64490e-17
      5351.94  4.01640e-16  9.92198e-18
      5354.68  3.76594e-16  9.48508e-18
      5357.42  4.19890e-16  1.01884e-17
      5360.15  4.14706e-16  1.00708e-17
      5362.89  4.10722e-16  1.00209e-17
      5365.63  4.31787e-16  9.95696e-18
      5368.37  4.27600e-16  1.02053e-17
      5371.11  3.95182e-16  9.73765e-18
      5373.85  4.15048e-16  9.88917e-18
      5376.59  4.04878e-16  1.01912e-17
      5379.33  4.37961e-16  1.02637e-17
      5382.06  4.08640e-16  1.01553e-17
      5384.80  4.16260e-16  9.77273e-18
      5387.54  4.17294e-16  9.99446e-18
      5390.28  4.42146e-16  1.07114e-17
      5393.02  4.22253e-16  1.04553e-17
      5395.76  4.00601e-16  9.84452e-18
      5398.50  4.19307e-16  1.11256e-17
      5401.24  4.15510e-16  1.05640e-17
      5403.97  4.04283e-16  9.86058e-18
      5406.71  4.03844e-16  1.02871e-17
      5409.45  3.85834e-16  1.04785e-17
      5412.19  4.06885e-16  1.09778e-17
      5414.93  4.22406e-16  1.00184e-17
      5417.67  4.01657e-16  1.02059e-17
      5420.40  3.95571e-16  2.18269e-17
      5423.14  3.96411e-16  9.89358e-18
      5425.88  4.16925e-16  1.20663e-17
      5428.62  4.04116e-16  1.07335e-17
      5431.36  4.02270e-16  1.03857e-17
      5434.09  4.14764e-16  1.02538e-17
      5436.83  3.90987e-16  1.04737e-17
      5439.57  4.02694e-16  1.03542e-17
      5442.31  4.19564e-16  1.08336e-17
      5445.05  4.08878e-16  1.10560e-17
      5447.78  4.09532e-16  1.02972e-17
      5450.52  4.14133e-16  9.98082e-18
      5453.26  4.09049e-16  1.11420e-17
      5456.00  4.24237e-16  1.14670e-17
      5458.74  4.31253e-16  1.05034e-17
      5461.47  4.16003e-16  1.02127e-17
      5464.21  3.98361e-16  9.84632e-18
      5466.95  4.38808e-16  1.21691e-17
      5469.69  4.16402e-16  1.02043e-17
      5472.42  3.97545e-16  9.98213e-18
      5475.16  4.55046e-16  1.02328e-17
      5477.90  4.07703e-16  1.05580e-17
      5480.64  3.60359e-16  5.90512e-17
      5483.37  3.13016e-16  1.00705e-17
      5486.11  3.91035e-16  9.87664e-18
      5488.85  3.65282e-16  1.17982e-17
      5491.58  3.84771e-16  1.04298e-17
      5494.32  4.02343e-16  1.01838e-17
      5497.06  3.86267e-16  1.18566e-17
      5499.80  3.70668e-16  9.98154e-18
      5502.53  3.54827e-16  9.94732e-18
      5505.27  3.63733e-16  1.00471e-17
      5508.01  3.14990e-16  9.20172e-18
      5510.75  3.16980e-16  9.37977e-18
      5513.48  3.09083e-16  9.17050e-18
      5516.22  3.07837e-16  9.06041e-18
      5518.96  2.96883e-16  9.28166e-18
      5521.69  2.91158e-16  1.46574e-17
      5524.43  3.09245e-16  9.18171e-18
      5527.17  2.88056e-16  9.18141e-18
      5529.90  2.61595e-16  8.62729e-18
      5532.64  2.63984e-16  8.77185e-18
      5535.38  2.63084e-16  8.62104e-18
      5538.11  2.69932e-16  8.91514e-18
      5540.85  2.71296e-16  9.06131e-18
      5543.59  2.68529e-16  9.06382e-18
      5546.32  2.95000e-16  1.03844e-17
      5549.06  2.66732e-16  1.06478e-17
      5551.80  2.74000e-16  3.47380e-17
      5554.53  2.90251e-16  8.83955e-18
      5557.27  2.76396e-16  8.97828e-18
      5560.00  2.75380e-16  8.76616e-18
      5562.74  2.78031e-16  9.05901e-18
      5565.48  2.86376e-16  9.24750e-18
      5568.21  2.73467e-16  8.76066e-18
      5570.95  2.79001e-16  8.70416e-18
      5573.69  2.76463e-16  9.69220e-18
      5576.42  2.66693e-16  8.55691e-18
      5579.16  2.72669e-16  8.82096e-18
      5581.89  2.73933e-16  8.80285e-18
      5584.63  2.73186e-16  8.79663e-18
      5587.37  2.61864e-16  9.36824e-18
      5590.10  2.69701e-16  8.97996e-18
      5592.84  2.70143e-16  9.53736e-18
      5595.57  2.19057e-16  1.69512e-17
      5598.31  2.57805e-16  9.18180e-18
      5601.04  2.78428e-16  8.99177e-18
      5603.78  2.97994e-16  1.16644e-17
      5606.52  2.84287e-16  1.07059e-17
      5609.25  2.95733e-16  9.41548e-18
      5611.99  3.03258e-16  9.00683e-18
      5614.72  2.85408e-16  9.03447e-18
      5617.46  2.94505e-16  9.22876e-18
      5620.19  2.95944e-16  9.10107e-18
      5622.93  2.93664e-16  9.26466e-18
      5625.66  3.06155e-16  9.96493e-18
      5628.40  2.89266e-16  9.52753e-18
      5631.13  2.99313e-16  9.71333e-18
      5633.87  2.96306e-16  1.78328e-17
      5636.60  2.78926e-16  8.84736e-18
      5639.34  2.75461e-16  9.27724e-18
      5642.07  2.84336e-16  8.99145e-18
      5644.81  2.98337e-16  1.07279e-17
      5647.54  3.01978e-16  9.28328e-18
      5650.28  3.22696e-16  9.83414e-18
      5653.01  3.07679e-16  9.38688e-18
      5655.75  3.05175e-16  9.66062e-18
      5658.48  2.95942e-16  9.53510e-18
      5661.22  3.04117e-16  9.88373e-18
      5663.95  3.00072e-16  9.46258e-18
      5666.69  3.10298e-16  9.19186e-18
      5669.42  3.07601e-16  9.42033e-18
      5672.16  3.11193e-16  9.52212e-18
      5674.89  3.00691e-16  9.40645e-18
      5677.63  3.02416e-16  9.23420e-18
      5680.36  3.04734e-16  9.22609e-18
      5683.10  3.01278e-16  9.51401e-18
      5685.83  2.86498e-16  1.56372e-17
      5688.56  2.91857e-16  1.10175e-17
      5691.30  3.00517e-16  9.92689e-18
      5694.03  2.92108e-16  9.15436e-18
      5696.77  4.31446e-16  2.25686e-17
