      2889.06 -6.29464e-15  3.11021e-15
      2891.80 -4.77008e-16  1.88375e-15
      2894.55 -1.96124e-15  1.50566e-15
      2897.29 -1.49986e-15  1.13043e-15
      2900.04  4.88827e-16  9.71827e-16
      2902.78 -1.49913e-15  8.90988e-16
      2905.53 -3.31061e-16  8.22842e-16
      2908.27 -9.86888e-17  7.26022e-16
      2911.01 -1.73074e-16  1.41736e-15
      2913.76 -4.95793e-16  5.33114e-16
      2916.50 -5.57365e-16  5.07374e-16
      2919.25  1.16477e-15  4.32456e-16
      2921.99  1.89102e-16  4.17213e-16
      2924.74  2.08139e-16  4.03260e-16
      2927.48 -6.19337e-16  4.19755e-16
      2930.23  1.33220e-15  2.93180e-16
      2932.98 -6.46892e-16  3.61714e-16
      2935.72  4.64329e-16  3.75370e-16
      2938.47 -4.98676e-16  9.72221e-16
      2941.21  6.22301e-16  1.66590e-16
      2943.96  4.10865e-17  1.51821e-16
      2946.70  7.13364e-16  1.47518e-16
      2949.45  1.27109e-16  1.36124e-16
      2952.19  2.85587e-16  1.04090e-16
      2954.94  4.35073e-16  1.03368e-16
      2957.68  2.77282e-16  9.13006e-17
      2960.43  2.07174e-16  1.50533e-16
      2963.17  5.00492e-16  8.16003e-17
      2965.92  3.53582e-16  7.44658e-17
      2968.66  4.66997e-16  7.42658e-17
      2971.41  3.46681e-16  6.90601e-17
      2974.15  2.95416e-16  7.57100e-17
      2976.90  5.24200e-16  7.11837e-17
      2979.64  3.35466e-16  6.21944e-17
      2982.39  3.39872e-16  6.34521e-17
      2985.14  4.76575e-16  7.18881e-17
      2987.88  4.90318e-16  1.21877e-16
      2990.63  5.04060e-16  6.24038e-17
      2993.37  4.97534e-16  6.89710e-17
      2996.12  4.46272e-16  6.04793e-17
      2998.86  4.40373e-16  5.76328e-17
      3001.61  5.33528e-16  6.41716e-17
      3004.35  5.73157e-16  6.19644e-17
      3007.10  6.55854e-16  1.94174e-16
      3009.85  4.99216e-16  5.72534e-17
      3012.59  5.28249e-16  5.96549e-17
      3015.34  5.82105e-16  5.84426e-17
      3018.08  5.64571e-16  2.40611e-16
      3020.83  5.47035e-16  5.20332e-17
      3023.57  5.29499e-16  5.19559e-17
      3026.32  5.11965e-16  5.23149e-17
      3029.07  5.02301e-16  5.07661e-17
      3031.81  5.29011e-16  5.00749e-17
      3034.56  5.76567e-16  5.19834e-17
      3037.30  5.72712e-16  5.13252e-17
      3040.05  6.20332e-16  7.34918e-17
      3042.80  6.43764e-16  5.13651e-17
      3045.54  4.72875e-16  4.58090e-17
      3048.29  5.04689e-16  4.53251e-17
      3051.03  4.83957e-16  4.83572e-17
      3053.78  5.68732e-16  4.54049e-17
      3056.52  5.88872e-16  4.52424e-17
      3059.27  5.50079e-16  5.00266e-17
      3062.02  5.60145e-16  4.43597e-17
      3064.76  5.61696e-16  4.38544e-17
      3067.51  5.55277e-16  4.39256e-17
      3070.26  5.07995e-16  4.13096e-17
      3073.00  5.12772e-16  4.43022e-17
      3075.75  5.88980e-16  4.14529e-17
      3078.49  5.02377e-16  4.39306e-17
      3081.24  5.51087e-16  4.72731e-17
      3083.99  4.78069e-16  6.91587e-17
      3086.73  4.69991e-16  3.95269e-17
      3089.48  4.89348e-16  5.46548e-17
      3092.22  4.72322e-16  4.06861e-17
      3094.97  5.00973e-16  6.47192e-17
      3097.72  4.48263e-16  7.06272e-17
      3100.46  4.40464e-16  3.81088e-17
      3103.21  4.73433e-16  3.84318e-17
      3105.96  3.72841e-16  4.23991e-17
      3108.70  4.10633e-16  3.93287e-17
      3111.45  4.73758e-16  3.96030e-17
      3114.20  4.27299e-16  3.93597e-17
      3116.94  3.96744e-16  8.97192e-17
      3119.69  4.64481e-16  3.80296e-17
      3122.43  4.62713e-16  3.63320e-17
      3125.18  4.82596e-16  3.74583e-17
      3127.93  4.11777e-16  3.97248e-17
      3130.67  4.50640e-16  4.28442e-17
      3133.42  5.35144e-16  3.70865e-17
      3136.17  5.52799e-16  4.54022e-17
      3138.91  5.39309e-16  4.42431e-17
      3141.66  5.25818e-16  2.31914e-16
      3144.41  5.12327e-16  8.59315e-17
      3147.15  4.98838e-16  3.66182e-17
      3149.90  4.60517e-16  4.13717e-17
      3152.65  4.67289e-16  3.71163e-17
      3155.39  4.80195e-16  4.09577e-17
      3158.14  5.39136e-16  3.71636e-17
      3160.89  4.45124e-16  4.48739e-17
      3163.63  3.82948e-16  6.52001e-17
      3166.38  4.91195e-16  3.39355e-17
      3169.13  4.82783e-16  3.59567e-17
      3171.87  4.42774e-16  3.55900e-17
      3174.62  4.53809e-16  3.46622e-17
      3177.37  4.29925e-16  3.51924e-17
      3180.11  4.38814e-16  3.98496e-17
      3182.86  5.65897e-16  3.40372e-17
      3185.61  4.32549e-16  3.28150e-17
      3188.35  4.79345e-16  5.66931e-17
      3191.10  4.87594e-16  3.52910e-17
      3193.85  4.74298e-16  3.35237e-17
      3196.59  5.19605e-16  3.34137e-17
      3199.34  5.39310e-16  3.33901e-17
      3202.09  5.32639e-16  3.26134e-17
      3204.83  5.33206e-16  3.22068e-17
      3207.58  5.64722e-16  3.72321e-17
      3210.33  5.76084e-16  3.40225e-17
      3213.08  5.39931e-16  3.21427e-17
      3215.82  5.70044e-16  3.60277e-17
      3218.57  6.65113e-16  3.34450e-17
      3221.32  5.87971e-16  3.35882e-17
      3224.06  6.39848e-16  3.34838e-17
      3226.81  6.43576e-16  4.08154e-17
      3229.56  6.62838e-16  3.25564e-17
      3232.30  6.18306e-16  3.16611e-17
      3235.05  6.73579e-16  3.28142e-17
      3237.80  7.01252e-16  3.34168e-17
      3240.55  5.56099e-16  5.81901e-17
      3243.29  6.27089e-16  3.33063e-17
      3246.04  6.96108e-16  3.21265e-17
      3248.79  6.94841e-16  3.33781e-17
      3251.53  7.61131e-16  3.45151e-17
      3254.28  6.50696e-16  3.26100e-17
      3257.03  7.06012e-16  3.70170e-17
      3259.78  6.63299e-16  3.13213e-17
      3262.52  7.32825e-16  3.14664e-17
      3265.27  7.24466e-16  3.29251e-17
      3268.02  6.91728e-16  3.36986e-17
      3270.76  7.12175e-16  3.11040e-17
      3273.51  6.46424e-16  3.99407e-17
      3276.26  7.04790e-16  3.40622e-17
      3279.01  7.32473e-16  3.11227e-17
      3281.75  6.83753e-16  3.25603e-17
      3284.50  6.91676e-16  3.50368e-17
      3287.25  6.98303e-16  3.30752e-17
      3290.00  7.98005e-16  3.13396e-17
      3292.74  7.86887e-16  3.34297e-17
      3295.49  7.43159e-16  3.71502e-17
      3298.24  7.04214e-16  3.04358e-17
      3300.99  7.38518e-16  3.09983e-17
      3303.73  7.13210e-16  3.21076e-17
      3306.48  6.57978e-16  3.11156e-17
      3309.23  6.79433e-16  2.95117e-17
      3311.98  6.15042e-16  2.91199e-17
      3314.72  6.33532e-16  2.92284e-17
      3317.47  6.29308e-16  2.87088e-17
      3320.22  5.44777e-16  3.36296e-17
      3322.97  5.67298e-16  2.98294e-17
      3325.71  6.46021e-16  3.53639e-17
      3328.46  6.21038e-16  2.94425e-17
      3331.21  6.07394e-16  2.98154e-17
      3333.96  5.92713e-16  2.90986e-17
      3336.70  5.72167e-16  2.86389e-17
      3339.45  5.81044e-16  2.74946e-17
      3342.20  6.26345e-16  2.87837e-17
      3344.95  5.21440e-16  2.86602e-17
      3347.69  6.01301e-16  3.31601e-17
      3350.44  5.87940e-16  2.77581e-16
      3353.19  5.74580e-16  2.65181e-17
      3355.94  5.61220e-16  2.70632e-17
      3358.68  5.69100e-16  3.72042e-17
      3361.43  5.49223e-16  2.68942e-17
      3364.18  5.19999e-16  2.85448e-17
      3366.93  5.11970e-16  2.59245e-17
      3369.67  5.40098e-16  2.56869e-17
      3372.42  4.89850e-16  2.57863e-17
      3375.17  5.16669e-16  2.55037e-17
      3377.92  5.12138e-16  2.59557e-17
      3380.67  5.68585e-16  2.67167e-17
      3383.41  5.64854e-16  2.60248e-17
      3386.16  5.38626e-16  2.76923e-17
      3388.91  5.87240e-16  3.36329e-17
      3391.66  5.93174e-16  1.42224e-16
      3394.40  5.99109e-16  2.63347e-17
      3397.15  6.05043e-16  3.76332e-17
      3399.90  5.41208e-16  3.14003e-17
      3402.65  5.82177e-16  2.56328e-17
      3405.40  5.65149e-16  2.60837e-17
      3408.14  5.89112e-16  2.66144e-17
      3410.89  5.96734e-16  2.71270e-17
      3413.64  4.94760e-16  4.66977e-17
      3416.39  5.83538e-16  2.56244e-17
      3419.14  5.76032e-16  2.78076e-17
      3421.88  5.72477e-16  4.53147e-17
      3424.63  5.76923e-16  2.62185e-17
      3427.38  6.78539e-16  2.62925e-17
      3430.13  6.81329e-16  2.64529e-17
      3432.88  6.46041e-16  3.16106e-17
      3435.62  7.17236e-16  3.40014e-17
      3438.37  7.56311e-16  3.65346e-17
      3441.12  6.91779e-16  2.65584e-17
      3443.87  6.01334e-16  2.91814e-17
      3446.61  6.64697e-16  2.69454e-17
      3449.36  7.65523e-16  2.65179e-17
      3452.11  6.87222e-16  4.02873e-17
      3454.86  7.39267e-16  2.72006e-17
      3457.61  7.79627e-16  2.74582e-17
      3460.35  7.88044e-16  2.79168e-17
      3463.10  8.13525e-16  3.04166e-17
      3465.85  7.76436e-16  2.89317e-17
      3468.60  8.24759e-16  2.79038e-17
      3471.35  7.88977e-16  2.83632e-17
      3474.10  8.12949e-16  2.67818e-17
      3476.84  8.12303e-16  2.63347e-17
      3479.59  8.36036e-16  2.69438e-17
      3482.34  7.26785e-16  2.50257e-17
      3485.09  7.02155e-16  2.48281e-17
      3487.84  6.99982e-16  2.60283e-17
      3490.58  6.81488e-16  2.95421e-17
      3493.33  6.44390e-16  5.35111e-17
      3496.08  6.36827e-16  2.54478e-17
      3498.83  6.77799e-16  2.96022e-17
      3501.58  6.79144e-16  2.53119e-17
      3504.33  7.14692e-16  2.46091e-17
      3507.07  7.21071e-16  2.66821e-17
      3509.82  7.31285e-16  2.58354e-17
      3512.57  7.63352e-16  2.54142e-17
      3515.32  7.03266e-16  2.61011e-17
      3518.07  8.20603e-16  2.75107e-17
      3520.81  8.26374e-16  2.58220e-17
      3523.56  8.39010e-16  2.65203e-17
      3526.31  7.84152e-16  2.59871e-17
      3529.06  8.67155e-16  2.72091e-17
      3531.81  8.09325e-16  2.68845e-17
      3534.56  8.21273e-16  2.70053e-17
      3537.30  8.34628e-16  4.54829e-17
      3540.05  8.63292e-16  2.59886e-17
      3542.80  7.80565e-16  2.65680e-17
      3545.55  7.49070e-16  2.59171e-17
      3548.30  8.26323e-16  2.94631e-17
      3551.05  9.73469e-16  2.65074e-17
      3553.79  8.73166e-16  2.57025e-17
      3556.54  8.44944e-16  2.85162e-17
      3559.29  8.32279e-16  2.59258e-17
      3562.04  7.75635e-16  2.54720e-17
      3564.79  7.84618e-16  2.91217e-17
      3567.54  8.74576e-16  2.77692e-17
      3570.28  8.66935e-16  2.60410e-17
      3573.03  8.43479e-16  2.55856e-17
      3575.78  9.05979e-16  2.89707e-17
      3578.53  9.61520e-16  2.82349e-17
      3581.28  9.48551e-16  2.63296e-17
      3584.03  9.38105e-16  2.71855e-17
      3586.77  9.30635e-16  2.72861e-17
      3589.52  9.33250e-16  2.65759e-17
      3592.27  8.99113e-16  2.61103e-17
      3595.02  9.21022e-16  2.74244e-17
      3597.77  8.87643e-16  2.69286e-17
      3600.52  8.19214e-16  2.58362e-17
      3603.27  9.27260e-16  2.90680e-17
      3606.01  8.03453e-16  3.25630e-17
      3608.76  8.95057e-16  2.94301e-17
      3611.51  9.31651e-16  2.80025e-17
      3614.26  9.01621e-16  2.96663e-17
      3617.01  9.17127e-16  2.89005e-17
      3619.76  9.59196e-16  2.68634e-17
      3622.50  9.79061e-16  2.82716e-17
      3625.25  9.99216e-16  2.85779e-17
      3628.00  9.92869e-16  2.82855e-17
      3630.75  9.72524e-16  3.02799e-17
      3633.50  9.80476e-16  4.21916e-17
      3636.25  1.00748e-15  2.77078e-17
      3639.00  1.00930e-15  2.74765e-17
      3641.74  1.03589e-15  2.68563e-17
      3644.49  9.98222e-16  2.84621e-17
      3647.24  1.06172e-15  2.74499e-17
      3649.99  1.04628e-15  2.56928e-17
      3652.74  1.04057e-15  2.73478e-17
      3655.49  1.05164e-15  3.54967e-17
      3658.24  1.02086e-15  2.70178e-17
      3660.98  1.02392e-15  3.03128e-17
      3663.73  1.05787e-15  2.68286e-17
      3666.48  1.07644e-15  3.01512e-17
      3669.23  1.08134e-15  2.70893e-17
      3671.98  1.17123e-15  2.82105e-17
      3674.73  1.12820e-15  4.02409e-17
      3677.48  1.09056e-15  4.40475e-17
      3680.22  1.11708e-15  2.94929e-17
      3682.97  1.17129e-15  2.82018e-17
      3685.72  1.13896e-15  3.35699e-17
      3688.47  1.11784e-15  2.89044e-17
      3691.22  1.16834e-15  2.86144e-17
      3693.97  1.24276e-15  2.85890e-17
      3696.72  1.32182e-15  2.76302e-17
      3699.46  1.29873e-15  3.04084e-17
      3702.21  1.27564e-15  1.57784e-16
      3704.96  1.25255e-15  3.46879e-17
      3707.71  1.22946e-15  3.12264e-17
      3710.46  1.26845e-15  2.76954e-17
      3713.21  1.23084e-15  2.73481e-17
      3715.96  1.23493e-15  2.70050e-17
      3718.70  1.24832e-15  2.72181e-17
      3721.45  1.25064e-15  2.76131e-17
      3724.20  1.21053e-15  2.88077e-17
      3726.95  1.24698e-15  2.61060e-17
      3729.70  1.25795e-15  2.68177e-17
      3732.45  1.20132e-15  2.68990e-17
      3735.20  1.26781e-15  2.93956e-17
      3737.95  1.17217e-15  2.55747e-17
      3740.69  1.22027e-15  2.85128e-17
      3743.44  1.19817e-15  2.74892e-17
      3746.19  1.25663e-15  2.61667e-17
      3748.94  1.23150e-15  2.58861e-17
      3751.69  1.27085e-15  2.63861e-17
      3754.44  1.21886e-15  3.08803e-17
      3757.19  1.21824e-15  3.60513e-17
      3759.93  1.23440e-15  2.56519e-17
      3762.68  1.26203e-15  3.48030e-17
      3765.43  1.20992e-15  2.42563e-17
      3768.18  1.19601e-15  3.10739e-17
      3770.93  1.16008e-15  2.77857e-17
      3773.68  1.23682e-15  2.44184e-17
      3776.43  1.17314e-15  2.58718e-17
      3779.18  1.16285e-15  2.45038e-17
      3781.92  1.19897e-15  2.43470e-17
      3784.67  1.07937e-15  2.71724e-17
      3787.42  1.16635e-15  2.61077e-17
      3790.17  1.01641e-15  2.86706e-17
      3792.92  1.08934e-15  2.29856e-17
      3795.67  1.00873e-15  2.78113e-17
      3798.42  9.37857e-16  2.37063e-17
      3801.17  9.19730e-16  2.14672e-17
      3803.91  9.20110e-16  2.44904e-17
      3806.66  8.54240e-16  2.30897e-17
      3809.41  8.90784e-16  2.14208e-17
      3812.16  8.01636e-16  2.10819e-17
      3814.91  7.68395e-16  1.89407e-17
      3817.66  8.08849e-16  1.95657e-17
      3820.41  7.07145e-16  2.08225e-17
      3823.16  6.87419e-16  1.97694e-17
      3825.90  6.60614e-16  1.80718e-17
      3828.65  6.12686e-16  1.78418e-17
      3831.40  5.37090e-16  1.91133e-17
      3834.15  5.62825e-16  1.79012e-17
      3836.90  5.16937e-16  1.60230e-17
      3839.65  5.27944e-16  1.66571e-17
      3842.40  5.11415e-16  1.65095e-17
      3845.15  4.50743e-16  1.86798e-17
      3847.89  4.71841e-16  1.55120e-17
      3850.64  5.10140e-16  1.59096e-17
      3853.39  4.73565e-16  2.07958e-17
      3856.14  4.69543e-16  1.53583e-17
      3858.89  5.08641e-16  1.58213e-17
      3861.64  5.05272e-16  1.83717e-17
      3864.39  5.03628e-16  1.60629e-17
      3867.13  4.89428e-16  1.60749e-17
      3869.88  5.12755e-16  1.60623e-17
      3872.63  5.45742e-16  3.95848e-17
      3875.38  5.30542e-16  1.71442e-17
      3878.13  5.29431e-16  1.66956e-17
      3880.88  5.45873e-16  2.41202e-17
      3883.63  5.66148e-16  1.68962e-17
      3886.38  5.74552e-16  1.62359e-17
      3889.12  5.68136e-16  1.57201e-17
      3891.87  5.79544e-16  1.57688e-17
      3894.62  5.79601e-16  1.69489e-17
      3897.37  5.91003e-16  1.68188e-17
      3900.12  5.93667e-16  1.79153e-17
      3902.87  5.43014e-16  1.73893e-17
      3905.62  5.07356e-16  1.56822e-17
      3908.37  4.86994e-16  1.53789e-17
      3911.11  5.57827e-16  2.19441e-17
      3913.86  4.84997e-16  1.54171e-17
      3916.61  5.25598e-16  1.51196e-17
      3919.36  5.13145e-16  1.71713e-17
      3922.11  5.11791e-16  1.56991e-17
      3924.86  5.62177e-16  1.58080e-17
      3927.61  5.63185e-16  1.55900e-17
      3930.36  5.65664e-16  1.58836e-17
      3933.10  6.00710e-16  1.51610e-17
      3935.85  5.74950e-16  1.55883e-17
      3938.60  5.93238e-16  1.67174e-17
      3941.35  6.10193e-16  1.57373e-17
      3944.10  5.92811e-16  2.02516e-17
      3946.85  6.40825e-16  1.82914e-17
      3949.60  6.55641e-16  1.79099e-17
      3952.34  6.72285e-16  2.53590e-17
      3955.09  6.61168e-16  1.81514e-17
      3957.84  6.91039e-16  1.67310e-17
      3960.59  7.60121e-16  1.63741e-17
      3963.34  6.88625e-16  2.06943e-17
      3966.09  6.77162e-16  2.29617e-17
      3968.84  7.90421e-16  1.86304e-17
      3971.59  7.69388e-16  2.10090e-17
      3974.33  9.00516e-16  1.83234e-17
      3977.08  9.03001e-16  2.32342e-17
      3979.83  9.79274e-16  1.99700e-17
      3982.58  9.61035e-16  2.07864e-17
      3985.33  1.03130e-15  2.86195e-17
      3988.08  1.06782e-15  1.98344e-17
      3990.83  1.13035e-15  2.08151e-17
      3993.58  1.19367e-15  2.43668e-17
      3996.32  1.18347e-15  2.00175e-17
      3999.07  1.20524e-15  2.31506e-17
      4001.82  1.27083e-15  2.06802e-17
      4004.57  1.23890e-15  2.24916e-17
      4007.32  1.25621e-15  2.56620e-17
      4010.07  1.29384e-15  2.30152e-17
      4012.82  1.29419e-15  3.08295e-17
      4015.56  1.35662e-15  2.43011e-17
      4018.31  1.43625e-15  2.17597e-17
      4021.06  1.38616e-15  2.27651e-17
      4023.81  1.45267e-15  2.42533e-17
      4026.56  1.43454e-15  2.46321e-17
      4029.31  1.42609e-15  3.36746e-17
      4032.06  1.43155e-15  2.65829e-17
      4034.80  1.36647e-15  2.58973e-17
      4037.55  1.43223e-15  2.86210e-17
      4040.30  1.46692e-15  2.49084e-17
      4043.05  1.49672e-15  2.38685e-17
      4045.80  1.45381e-15  2.51952e-17
      4048.55  1.45321e-15  2.51471e-17
      4051.30  1.46094e-15  5.21913e-17
      4054.04  1.46867e-15  3.28901e-17
      4056.79  1.47640e-15  2.67963e-17
      4059.54  1.42144e-15  3.02452e-17
      4062.29  1.42836e-15  2.78882e-17
      4065.04  1.56303e-15  2.42031e-17
      4067.79  1.58272e-15  2.37609e-17
      4070.54  1.53744e-15  2.83401e-17
      4073.28  1.48926e-15  3.00017e-17
      4076.03  1.48667e-15  2.93289e-17
      4078.78  1.60257e-15  2.44459e-17
      4081.53  1.49368e-15  3.00436e-17
      4084.28  1.49317e-15  2.81987e-17
      4087.03  1.49046e-15  3.62782e-17
      4089.78  1.51483e-15  2.75863e-17
      4092.52  1.46487e-15  2.83527e-17
      4095.27  1.37497e-15  2.90388e-17
      4098.02  1.40635e-15  2.48753e-17
      4100.77  1.33679e-15  2.35084e-17
      4103.52  1.35392e-15  2.28930e-17
      4106.27  1.30390e-15  3.02453e-17
      4109.02  1.24400e-15  2.60425e-17
      4111.76  1.24958e-15  2.03475e-17
      4114.51  1.22218e-15  2.08342e-17
      4117.26  1.27340e-15  2.09330e-17
      4120.01  1.25696e-15  2.10333e-17
      4122.76  1.23942e-15  2.04976e-17
      4125.51  1.18309e-15  2.20579e-17
      4128.25  1.11869e-15  2.44309e-17
      4131.00  1.13582e-15  2.35105e-17
      4133.75  1.15858e-15  2.01314e-17
      4136.50  1.23571e-15  1.97986e-17
      4139.25  1.11693e-15  2.32672e-17
      4142.00  1.16580e-15  2.35361e-17
      4144.74  1.19053e-15  1.98041e-17
      4147.49  1.09616e-15  2.74290e-17
      4150.24  1.14492e-15  2.49746e-17
      4152.99  1.19650e-15  1.97547e-17
      4155.74  1.24173e-15  2.02091e-17
      4158.49  1.13896e-15  2.64729e-17
      4161.23  1.18346e-15  2.40643e-17
      4163.98  1.18201e-15  2.36097e-17
      4166.73  1.20320e-15  2.40072e-17
      4169.48  1.15843e-15  2.52696e-17
      4172.23  1.20985e-15  2.41462e-17
      4174.98  1.28963e-15  2.19945e-17
      4177.73  1.31131e-15  2.05711e-17
      4180.47  1.31520e-15  2.42230e-17
      4183.22  1.24484e-15  2.52309e-17
      4185.97  1.31053e-15  2.31801e-17
      4188.72  1.27100e-15  2.37480e-17
      4191.47  1.36159e-15  2.18494e-17
      4194.21  1.39260e-15  2.14168e-17
      4196.96  1.35187e-15  2.52171e-17
      4199.71  1.40514e-15  2.68205e-17
      4202.46  1.40445e-15  2.18106e-17
      4205.21  1.37880e-15  2.54622e-17
      4207.96  1.41744e-15  2.23788e-17
      4210.70  1.42465e-15  2.27991e-17
      4213.45  1.50342e-15  2.66047e-17
      4216.20  1.51174e-15  2.32546e-17
      4218.95  1.42978e-15  2.25559e-17
      4221.70  1.45202e-15  2.50591e-17
      4224.44  1.49530e-15  2.16622e-17
      4227.19  1.34746e-15  2.67799e-17
      4229.94  1.44715e-15  2.58036e-17
      4232.69  1.47779e-15  2.26701e-17
      4235.44  1.54411e-15  2.16175e-17
      4238.19  1.39277e-15  2.52172e-17
      4240.93  1.50235e-15  2.18774e-17
      4243.68  1.39248e-15  2.51230e-17
      4246.43  1.45928e-15  2.79009e-17
      4249.18  1.43163e-15  2.66762e-17
      4251.93  1.36445e-15  2.51270e-17
      4254.67  1.37826e-15  2.59092e-17
      4257.42  1.41383e-15  2.20850e-17
      4260.17  1.41347e-15  2.52741e-17
      4262.92  1.33548e-15  2.38101e-17
      4265.67  1.41336e-15  2.68488e-17
      4268.41  1.36439e-15  2.12733e-17
      4271.16  1.31983e-15  2.43702e-17
      4273.91  1.34299e-15  2.48414e-17
      4276.66  1.38847e-15  2.04000e-17
      4279.41  1.36408e-15  2.14288e-17
      4282.15  1.27354e-15  2.41235e-17
      4284.90  1.27119e-15  2.30774e-17
      4287.65  1.23024e-15  2.27586e-17
      4290.40  1.31823e-15  2.06631e-17
      4293.15  1.20805e-15  2.38849e-17
      4295.89  1.27383e-15  2.00047e-17
      4298.64  1.26862e-15  2.33818e-17
      4301.39  1.20113e-15  2.27720e-17
      4304.14  1.23047e-15  2.30904e-17
      4306.89  1.24218e-15  1.98640e-17
      4309.63  1.25374e-15  2.00007e-17
      4312.38  1.24916e-15  1.99347e-17
      4315.13  1.22970e-15  2.40849e-17
      4317.88  1.21192e-15  2.40574e-17
      4320.62  1.24058e-15  3.08031e-17
      4323.37  1.22936e-15  1.89138e-17
      4326.12  1.21888e-15  1.89636e-17
      4328.87  1.18057e-15  1.89015e-17
      4331.62  1.18179e-15  2.19502e-17
      4334.36  1.14405e-15  2.14030e-17
      4337.11  1.11176e-15  2.26665e-17
      4339.86  1.08493e-15  2.17064e-17
      4342.61  1.16749e-15  2.31259e-17
      4345.35  1.11708e-15  1.91205e-17
      4348.10  1.08108e-15  2.10428e-17
      4350.85  1.09071e-15  1.83459e-17
      4353.60  1.08393e-15  1.74630e-17
      4356.35  1.06696e-15  1.76884e-17
      4359.09  1.03350e-15  1.73512e-17
      4361.84  1.02838e-15  1.83204e-17
      4364.59  1.02998e-15  1.80932e-17
      4367.34  9.98809e-16  1.96895e-17
      4370.08  1.01228e-15  1.73157e-17
      4372.83  1.00170e-15  1.85227e-17
      4375.58  1.09338e-15  1.91600e-17
      4378.33  1.00185e-15  1.81212e-17
      4381.07  9.72447e-16  1.74732e-17
      4383.82  9.61456e-16  2.31912e-17
      4386.57  9.97483e-16  1.62310e-17
      4389.32  9.59359e-16  1.90285e-17
      4392.06  8.93902e-16  1.83939e-17
      4394.81  9.07712e-16  1.60045e-17
      4397.56  9.42242e-16  1.65958e-17
      4400.31  9.11321e-16  1.67332e-17
      4403.05  8.99611e-16  1.64153e-17
      4405.80  8.76925e-16  1.63488e-17
      4408.55  8.23936e-16  1.85766e-17
      4411.30  8.72984e-16  1.57117e-17
      4414.04  8.28202e-16  1.77790e-17
      4416.79  8.10675e-16  1.79803e-17
      4419.54  8.69053e-16  1.55971e-17
      4422.29  8.26583e-16  1.55443e-17
      4425.03  7.66833e-16  1.47108e-17
      4427.78  7.86236e-16  1.62354e-17
      4430.53  7.96160e-16  1.52043e-17
      4433.28  7.61741e-16  1.60525e-17
      4436.02  7.47290e-16  1.59227e-17
      4438.77  6.95036e-16  1.70393e-17
      4441.52  6.99652e-16  1.69013e-17
      4444.27  7.27902e-16  1.42749e-17
      4447.01  7.02879e-16  1.42721e-17
      4449.76  7.13490e-16  1.37326e-17
      4452.51  7.25236e-16  1.43636e-17
      4455.25  6.50220e-16  1.43293e-17
      4458.00  6.42781e-16  1.50117e-17
      4460.75  6.68293e-16  2.03092e-17
      4463.50  7.08432e-16  1.42913e-17
      4466.24  6.94866e-16  1.36741e-17
      4468.99  6.92059e-16  1.40711e-17
      4471.74  7.44769e-16  1.53571e-17
      4474.48  7.41501e-16  1.39266e-17
      4477.23  7.47980e-16  1.64683e-17
      4479.98  7.68406e-16  1.54132e-17
      4482.73  7.41956e-16  1.65981e-17
      4485.47  7.98969e-16  1.45999e-17
      4488.22  8.02703e-16  1.56663e-17
      4490.97  7.86398e-16  1.71166e-17
      4493.71  8.19504e-16  1.62397e-17
      4496.46  8.39016e-16  1.62552e-17
      4499.21  8.65114e-16  1.67784e-17
      4501.96  8.82577e-16  1.71520e-17
      4504.70  8.66755e-16  1.75329e-17
      4507.45  8.60746e-16  1.80529e-17
      4510.20  8.24906e-16  1.73823e-17
      4512.94  8.11421e-16  1.87200e-17
      4515.69  9.36697e-16  1.56105e-17
      4518.44  8.86950e-16  1.83161e-17
      4521.18  9.23959e-16  1.57548e-17
      4523.93  8.83559e-16  1.53718e-17
      4526.68  9.49407e-16  1.57000e-17
      4529.42  9.34438e-16  1.57516e-17
      4532.17  9.46533e-16  1.54079e-17
      4534.92  9.35827e-16  1.78274e-17
      4537.66  9.02735e-16  1.83883e-17
      4540.41  9.45460e-16  2.22753e-17
      4543.16  9.57178e-16  1.77961e-17
      4545.90  9.32378e-16  1.69498e-17
      4548.65  9.48433e-16  1.60554e-17
      4551.40  8.56556e-16  1.84229e-17
      4554.15  8.52055e-16  1.90058e-17
      4556.89  9.00673e-16  1.90719e-17
      4559.64  8.44438e-16  1.69896e-17
      4562.38  8.32963e-16  1.80050e-17
      4565.13  9.04148e-16  1.53349e-17
      4567.88  8.40994e-16  1.66568e-17
      4570.62  8.40245e-16  1.67056e-17
      4573.37  8.27139e-16  1.83936e-17
      4576.12  8.24081e-16  1.58028e-17
      4578.86  8.95970e-16  1.54588e-17
      4581.61  8.69746e-16  1.57987e-17
      4584.36  8.31797e-16  1.52258e-17
      4587.10  8.42728e-16  1.58156e-17
      4589.85  8.45730e-16  1.73210e-17
      4592.60  8.59081e-16  1.52311e-17
      4595.34  8.44757e-16  1.70994e-17
      4598.09  8.30533e-16  1.84270e-17
      4600.84  9.20220e-16  1.53641e-17
      4603.58  9.59079e-16  1.54510e-17
      4606.33  9.53939e-16  1.52800e-17
      4609.08  9.20579e-16  1.87897e-17
      4611.82  9.44023e-16  1.69961e-17
      4614.57  9.94935e-16  1.56017e-17
      4617.31  1.00584e-15  1.61239e-17
      4620.06  1.02051e-15  1.88500e-17
      4622.81  1.03372e-15  1.74682e-17
      4625.55  1.06544e-15  1.86123e-17
      4628.30  1.02947e-15  2.15745e-17
      4631.05  1.05918e-15  1.70310e-17
      4633.79  1.06699e-15  1.65523e-17
      4636.54  1.01321e-15  2.02217e-17
      4639.28  1.04725e-15  1.70673e-17
      4642.03  1.03087e-15  1.78369e-17
      4644.78  1.04913e-15  1.90846e-17
      4647.52  1.03236e-15  1.74158e-17
      4650.27  1.06251e-15  1.78176e-17
      4653.01  1.05917e-15  1.85022e-17
      4655.76  1.10700e-15  1.61644e-17
      4658.51  1.05657e-15  2.04024e-17
      4661.25  1.07856e-15  1.85401e-17
      4664.00  1.12631e-15  1.72256e-17
      4666.74  1.16052e-15  3.94773e-17
      4669.49  1.14185e-15  1.65507e-17
      4672.24  1.11750e-15  1.69781e-17
      4674.98  1.14593e-15  1.69923e-17
      4677.73  1.11561e-15  1.75954e-17
      4680.47  1.14180e-15  1.73447e-17
      4683.22  1.15662e-15  1.74243e-17
      4685.97  1.14181e-15  1.65911e-17
      4688.71  1.09680e-15  2.09621e-17
      4691.46  1.05869e-15  1.94181e-17
      4694.20  1.11223e-15  1.64609e-17
      4696.95  1.06854e-15  1.60827e-17
      4699.69  1.06511e-15  1.66908e-17
      4702.44  1.10072e-15  1.65062e-17
      4705.19  1.04370e-15  1.89770e-17
      4707.93  1.00778e-15  1.87418e-17
      4710.68  9.67054e-16  2.17028e-17
      4713.42  1.05955e-15  1.87778e-17
      4716.17  1.06935e-15  1.58464e-17
      4718.91  1.05946e-15  1.85579e-17
      4721.66  1.04651e-15  1.92221e-17
      4724.41  1.06946e-15  1.87575e-17
      4727.15  1.05711e-15  1.60050e-17
      4729.90  1.05997e-15  1.64030e-17
      4732.64  1.04155e-15  1.72160e-17
      4735.39  1.04856e-15  1.80820e-17
      4738.13  1.07615e-15  1.60429e-17
      4740.88  1.05357e-15  1.59252e-17
      4743.62  1.05116e-15  1.75745e-17
      4746.37  1.07266e-15  1.62092e-17
      4749.11  1.00299e-15  1.92416e-17
      4751.86  1.10778e-15  1.62221e-17
      4754.61  1.07335e-15  1.69784e-17
      4757.35  1.05763e-15  1.67904e-17
      4760.10  1.06999e-15  1.63371e-17
      4762.84  1.04192e-15  1.60693e-17
      4765.59  1.04549e-15  1.70143e-17
      4768.33  1.08401e-15  1.71901e-17
      4771.08  1.05051e-15  1.64203e-17
      4773.82  9.66299e-16  1.95280e-17
      4776.57  9.15490e-16  2.20583e-17
      4779.31  9.95998e-16  2.29129e-17
      4782.06  1.01019e-15  1.80010e-17
      4784.80  9.33971e-16  1.89595e-17
      4787.55  9.55454e-16  1.80996e-17
      4790.29  1.00170e-15  1.58113e-17
      4793.04  9.70543e-16  1.62717e-17
      4795.78  9.28752e-16  1.70538e-17
      4798.53  8.85157e-16  1.69502e-17
      4801.27  9.50784e-16  1.51655e-17
      4804.02  8.75873e-16  1.53136e-17
      4806.76  8.44338e-16  1.47045e-17
      4809.51  8.28527e-16  1.77571e-17
      4812.25  8.12321e-16  1.52231e-17
      4815.00  8.14385e-16  1.63291e-17
      4817.74  8.30752e-16  1.62943e-17
      4820.49  8.26629e-16  1.42422e-17
      4823.23  7.93082e-16  1.74537e-17
      4825.98  7.78940e-16  2.09852e-17
      4828.72  8.52848e-16  1.65527e-17
      4831.47  8.56286e-16  1.44282e-17
      4834.21  8.24696e-16  1.45365e-17
      4836.96  7.94551e-16  1.50352e-17
      4839.70  8.18597e-16  1.47484e-17
      4842.44  8.15234e-16  1.71727e-17
      4845.19  8.52782e-16  1.59720e-17
      4847.93  8.36327e-16  1.56235e-17
      4850.68  8.21332e-16  1.50329e-17
      4853.42  8.49002e-16  1.43001e-17
      4856.17  8.26906e-16  1.47722e-17
      4858.91  8.82496e-16  1.42429e-17
      4861.66  7.87828e-16  2.03967e-17
      4864.40  8.56617e-16  1.63322e-17
      4867.15  8.64322e-16  1.44563e-17
      4869.89  8.07047e-16  1.47405e-17
      4872.63  8.47438e-16  1.43659e-17
      4875.38  8.60852e-16  1.54366e-17
      4878.12  8.45453e-16  1.46458e-17
      4880.87  8.31140e-16  1.64905e-17
      4883.61  7.57281e-16  1.86506e-17
      4886.36  7.99225e-16  1.57619e-17
      4889.10  8.26851e-16  1.40340e-17
      4891.84  8.03598e-16  1.40122e-17
      4894.59  7.93862e-16  1.49073e-17
      4897.33  8.00220e-16  1.49644e-17
      4900.08  7.63070e-16  1.38428e-17
      4902.82  7.79372e-16  1.91086e-17
      4905.56  7.04650e-16  1.48498e-17
      4908.31  7.56443e-16  1.36010e-17
      4911.05  7.28850e-16  1.38271e-17
      4913.80  6.76307e-16  1.42548e-17
      4916.54  7.18232e-16  1.36903e-17
      4919.29  6.81625e-16  1.52139e-17
      4922.03  6.80255e-16  1.47403e-17
      4924.77  6.38187e-16  1.57558e-17
      4927.52  7.28289e-16  1.34400e-17
      4930.26  7.32146e-16  1.35476e-17
      4933.00  7.33155e-16  1.33317e-17
      4935.75  6.82460e-16  1.64754e-17
      4938.49  6.74005e-16  1.46415e-17
      4941.24  6.66609e-16  2.85380e-17
      4943.98  7.32323e-16  1.50529e-17
      4946.72  7.04587e-16  1.65418e-17
      4949.47  7.35678e-16  1.47660e-17
      4952.21  7.68894e-16  1.50642e-17
      4954.95  7.62983e-16  1.49524e-17
      4957.70  7.82495e-16  1.42792e-17
      4960.44  7.53502e-16  1.48406e-17
      4963.19  7.44392e-16  1.40293e-17
      4965.93  7.78823e-16  1.39823e-17
      4968.67  8.09201e-16  1.60806e-17
      4971.42  7.61034e-16  1.36864e-17
      4974.16  6.80205e-16  1.48415e-17
      4976.90  7.35412e-16  1.35271e-17
      4979.65  7.14755e-16  1.29918e-17
      4982.39  7.12474e-16  1.37464e-17
      4985.13  7.27792e-16  1.27087e-17
      4987.88  6.96594e-16  1.30812e-17
      4990.62  6.69155e-16  1.27548e-17
      4993.36  6.57255e-16  1.25751e-17
      4996.11  6.30293e-16  1.25180e-17
      4998.85  6.28728e-16  1.16021e-17
      5001.59  6.03061e-16  1.14042e-17
      5004.34  6.01790e-16  1.15736e-17
      5007.08  5.90115e-16  1.22170e-17
      5009.82  5.49004e-16  1.13595e-17
      5012.56  5.50816e-16  1.15971e-17
      5015.31  5.44305e-16  1.11082e-17
      5018.05  5.25625e-16  1.13461e-17
      5020.79  5.34796e-16  1.16693e-17
      5023.54  5.09722e-16  1.10442e-17
      5026.28  5.35454e-16  1.06595e-17
      5029.02  5.30267e-16  1.10883e-17
      5031.77  5.21331e-16  1.06097e-17
      5034.51  5.18394e-16  1.05551e-17
      5037.25  5.20743e-16  1.07742e-17
      5039.99  5.16406e-16  1.06949e-17
      5042.74  5.09925e-16  1.06247e-17
      5045.48  5.28634e-16  1.05536e-17
      5048.22  5.47477e-16  1.24073e-17
      5050.97  5.47132e-16  1.11037e-17
      5053.71  5.82000e-16  1.10562e-17
      5056.45  5.64676e-16  1.28503e-17
      5059.19  5.70220e-16  1.18878e-17
      5061.94  5.57926e-16  1.19032e-17
      5064.68  5.43498e-16  1.20649e-17
      5067.42  5.65782e-16  1.93453e-17
      5070.16  5.94005e-16  1.34723e-17
      5072.91  6.01780e-16  1.21011e-17
      5075.65  5.76575e-16  1.32439e-17
      5078.39  5.90779e-16  1.22480e-17
      5081.13  6.18840e-16  1.22039e-17
      5083.88  6.21962e-16  1.43911e-17
      5086.62  6.41642e-16  1.26280e-17
      5089.36  6.19853e-16  2.00469e-17
      5092.10  6.11091e-16  1.19635e-17
      5094.84  5.68482e-16  1.46532e-17
      5097.59  5.86157e-16  1.42860e-17
      5100.33  6.18887e-16  1.24716e-17
      5103.07  5.99909e-16  1.31104e-17
      5105.81  6.67555e-16  1.90879e-17
      5108.56  6.60991e-16  1.31623e-17
      5111.30  6.71184e-16  1.20479e-17
      5114.04  6.71315e-16  1.25928e-17
      5116.78  6.77147e-16  1.26338e-17
      5119.52  7.13585e-16  1.43832e-17
      5122.27  6.25146e-16  1.42167e-17
      5125.01  6.42907e-16  1.26948e-17
      5127.75  6.45589e-16  1.22162e-17
      5130.49  6.26879e-16  1.37874e-17
      5133.23  5.99407e-16  1.26070e-17
      5135.98  6.14105e-16  1.37836e-17
      5138.72  6.24070e-16  1.17342e-17
      5141.46  6.14123e-16  1.26047e-17
      5144.20  6.38214e-16  1.19569e-17
      5146.94  6.16132e-16  1.13515e-17
      5149.68  6.27618e-16  1.18551e-17
      5152.43  6.32078e-16  1.19501e-17
      5155.17  6.03059e-16  1.40155e-17
      5157.91  6.25589e-16  1.22193e-17
      5160.65  6.50660e-16  1.21700e-17
      5163.39  6.31630e-16  1.29014e-17
      5166.13  6.69674e-16  1.34509e-17
      5168.87  6.29974e-16  1.18641e-17
      5171.62  6.32147e-16  1.21264e-17
      5174.36  6.12813e-16  1.40177e-17
      5177.10  6.57955e-16  1.67992e-17
      5179.84  6.60218e-16  1.31586e-17
      5182.58  6.62482e-16  2.04028e-17
      5185.32  6.64745e-16  1.30633e-17
      5188.06  6.87606e-16  1.30398e-17
      5190.81  6.61790e-16  1.29042e-17
      5193.55  6.55164e-16  1.28044e-17
      5196.29  6.65797e-16  1.50304e-17
      5199.03  6.66509e-16  1.15382e-17
      5201.77  6.63659e-16  1.16050e-17
      5204.51  6.25643e-16  1.35643e-17
      5207.25  6.54119e-16  1.44791e-17
      5209.99  6.90245e-16  1.23947e-17
      5212.73  6.86763e-16  1.26385e-17
      5215.47  6.24637e-16  1.65214e-17
      5218.22  6.78101e-16  1.32969e-17
      5220.96  6.73417e-16  1.32036e-17
      5223.70  6.87531e-16  1.23181e-17
      5226.44  7.49875e-16  1.36548e-17
      5229.18  6.95760e-16  1.32931e-17
      5231.92  6.99603e-16  1.32862e-17
      5234.66  6.64338e-16  1.54073e-17
      5237.40  6.69129e-16  1.69662e-17
      5240.14  7.33414e-16  1.29297e-17
      5242.88  7.66410e-16  1.35250e-17
      5245.62  7.29064e-16  1.33852e-17
      5248.36  7.60347e-16  1.23620e-17
      5251.10  7.91823e-16  1.22930e-17
      5253.84  7.78745e-16  1.30572e-17
      5256.58  7.42905e-16  1.39871e-17
      5259.33  7.86215e-16  1.47467e-17
      5262.07  7.83707e-16  1.28120e-17
      5264.81  7.71157e-16  1.46198e-17
      5267.55  7.29216e-16  1.53294e-17
      5270.29  7.93681e-16  1.48784e-17
      5273.03  7.53157e-16  1.45330e-17
      5275.77  7.74454e-16  1.40767e-17
      5278.51  8.11961e-16  1.42288e-17
      5281.25  8.31722e-16  1.37736e-17
      5283.99  7.66004e-16  1.48271e-17
      5286.73  7.82055e-16  1.57513e-17
      5289.47  8.24690e-16  1.48806e-17
      5292.21  8.32715e-16  1.37691e-17
      5294.95  7.86613e-16  1.43099e-17
      5297.69  7.84659e-16  1.44357e-17
      5300.43  8.26533e-16  1.39902e-17
      5303.17  7.80259e-16  1.45349e-17
      5305.91  7.97137e-16  1.32179e-17
      5308.65  7.61174e-16  1.40450e-17
      5311.39  7.61301e-16  1.38359e-17
      5314.13  7.51932e-16  1.38840e-17
      5316.87  7.44606e-16  1.33705e-17
      5319.61  7.37274e-16  1.32700e-17
      5322.35  7.13426e-16  1.38276e-17
      5325.08  7.55838e-16  1.31576e-17
      5327.82  7.62009e-16  1.29916e-17
      5330.56  7.56049e-16  1.29376e-17
      5333.30  6.93086e-16  1.59054e-17
      5336.04  7.30925e-16  1.53856e-17
      5338.78  7.70210e-16  1.45350e-17
      5341.52  7.39074e-16  1.41934e-17
      5344.26  7.16554e-16  1.37460e-17
      5347.00  7.00129e-16  1.58502e-17
      5349.74  7.33208e-16  1.82946e-17
      5352.48  7.63916e-16  1.25879e-17
      5355.22  7.44299e-16  1.31498e-17
      5357.96  7.90534e-16  1.36980e-17
      5360.70  7.45399e-16  1.42483e-17
      5363.44  7.35488e-16  1.49806e-17
      5366.17  6.88558e-16  1.73598e-17
      5368.91  7.79201e-16  1.44904e-17
      5371.65  7.65214e-16  1.43461e-17
      5374.39  7.69159e-16  1.39993e-17
      5377.13  7.44389e-16  1.40354e-17
      5379.87  7.83045e-16  1.34828e-17
      5382.61  7.46614e-16  1.48694e-17
      5385.35  7.68706e-16  1.57022e-17
      5388.09  7.97903e-16  1.33188e-17
      5390.83  7.81792e-16  1.26514e-17
      5393.56  8.10406e-16  1.40972e-17
      5396.30  7.68342e-16  1.44045e-17
      5399.04  7.25736e-16  1.48681e-17
      5401.78  7.03370e-16  1.34603e-17
      5404.52  7.41523e-16  1.30157e-17
      5407.26  6.75729e-16  1.38878e-17
      5410.00  6.62660e-16  1.25737e-17
      5412.73  6.69002e-16  1.24648e-17
      5415.47  6.70416e-16  1.27853e-17
      5418.21  6.19936e-16  1.33369e-17
      5420.95  6.65412e-16  2.15520e-17
      5423.69  6.35226e-16  1.17103e-17
      5426.43  6.00927e-16  1.24933e-17
      5429.16  5.56677e-16  1.24745e-17
      5431.90  5.63716e-16  1.14276e-17
      5434.64  5.79531e-16  1.13780e-17
      5437.38  5.34393e-16  1.14261e-17
      5440.12  5.23673e-16  1.12945e-17
      5442.85  5.18148e-16  1.14657e-17
      5445.59  5.20424e-16  1.16520e-17
      5448.33  4.91377e-16  1.19711e-17
      5451.07  4.99307e-16  1.05989e-17
      5453.81  4.80648e-16  1.06585e-17
      5456.54  4.98534e-16  1.15609e-17
      5459.28  4.85662e-16  1.18735e-17
      5462.02  4.82675e-16  1.10008e-17
      5464.76  5.06690e-16  1.19991e-17
      5467.50  5.11919e-16  1.29263e-17
      5470.23  4.97707e-16  1.08087e-17
      5472.97  4.97054e-16  1.06295e-17
      5475.71  5.24003e-16  1.09310e-17
      5478.45  4.81463e-16  1.13341e-17
      5481.18  4.99771e-16  7.21991e-17
      5483.92  5.18078e-16  1.15993e-17
      5486.66  5.36389e-16  1.13675e-17
      5489.40  5.04603e-16  1.12748e-17
      5492.13  4.91882e-16  1.26374e-17
      5494.87  5.26435e-16  1.15235e-17
      5497.61  5.42712e-16  1.27598e-17
      5500.35  5.06887e-16  1.07733e-17
      5503.08  4.88499e-16  1.25254e-17
      5505.82  5.43627e-16  1.18800e-17
      5508.56  5.18530e-16  1.17392e-17
      5511.29  5.45784e-16  1.11859e-17
      5514.03  5.62700e-16  1.12620e-17
      5516.77  5.59832e-16  1.13320e-17
      5519.51  5.36132e-16  1.23588e-17
      5522.24  5.48011e-16  1.64687e-17
      5524.98  5.67331e-16  1.17112e-17
      5527.72  5.54432e-16  1.23797e-17
      5530.45  5.20175e-16  1.36369e-17
      5533.19  5.70839e-16  1.16027e-17
      5535.93  5.68449e-16  1.26938e-17
      5538.66  5.62680e-16  1.27225e-17
      5541.40  5.57889e-16  1.14259e-17
      5544.14  6.29689e-16  1.17670e-17
      5546.87  6.04066e-16  1.15699e-17
      5549.61  5.18358e-16  1.40663e-17
      5552.35  6.46283e-16  2.94053e-17
      5555.08  5.77834e-16  1.12645e-17
      5557.82  6.07714e-16  1.17092e-17
      5560.56  5.87466e-16  1.25023e-17
      5563.29  5.54378e-16  1.24094e-17
      5566.03  5.80257e-16  1.30236e-17
      5568.77  6.02891e-16  1.20504e-17
      5571.50  5.71597e-16  1.26176e-17
      5574.24  5.76863e-16  1.20946e-17
      5576.97  5.58679e-16  1.27238e-17
      5579.71  5.67372e-16  1.13930e-17
      5582.45  5.76913e-16  1.21569e-17
      5585.18  5.64054e-16  1.34961e-17
      5587.92  5.67773e-16  1.31106e-17
      5590.65  5.48964e-16  1.14122e-17
      5593.39  5.25197e-16  1.29230e-17
      5596.13  5.19751e-16  1.62978e-17
      5598.86  5.37526e-16  1.10907e-17
      5601.60  5.49633e-16  1.12691e-17
      5604.33  5.07656e-16  1.26642e-17
      5607.07  5.15923e-16  1.46084e-17
      5609.81  5.02472e-16  1.07202e-17
      5612.54  5.26039e-16  1.08853e-17
      5615.28  4.98884e-16  1.08109e-17
      5618.01  5.01380e-16  1.07435e-17
      5620.75  4.92436e-16  1.08278e-17
      5623.48  4.74963e-16  1.13989e-17
      5626.22  4.22836e-16  1.39457e-17
      5628.95  4.36848e-16  1.19480e-17
      5631.69  4.13933e-16  1.20515e-17
      5634.42  4.35607e-16  1.48136e-17
      5637.16  4.62682e-16  1.04358e-17
      5639.90  4.42197e-16  1.10818e-17
      5642.63  4.13567e-16  1.04530e-17
      5645.37  4.09781e-16  1.19554e-17
      5648.10  4.43374e-16  1.11924e-17
      5650.84  4.29909e-16  1.20046e-17
      5653.57  4.20657e-16  1.10546e-17
      5656.31  4.20568e-16  1.09621e-17
      5659.04  4.18494e-16  1.30396e-17
      5661.78  4.59689e-16  1.37446e-17
      5664.51  4.80901e-16  1.20948e-17
      5667.25  4.46091e-16  1.15492e-17
      5669.98  4.57532e-16  1.13404e-17
      5672.72  4.76439e-16  1.08158e-17
      5675.45  5.05257e-16  1.10157e-17
      5678.18  5.10346e-16  1.09685e-17
      5680.92  5.07532e-16  1.08787e-17
      5683.65  5.25498e-16  1.21175e-17
      5686.39  5.27926e-16  1.48543e-17
      5689.12  5.34142e-16  1.41448e-17
      5691.86  5.69430e-16  1.23034e-17
      5694.59  5.93040e-16  1.28646e-17
      5697.33  8.69299e-16  4.19404e-17
