      2894.24 -1.30291e-15  1.72034e-15
      2896.98 -1.88201e-15  1.31071e-15
      2899.72  1.34916e-15  1.16317e-15
      2902.47 -2.24212e-16  9.20071e-16
      2905.21 -7.33837e-16  8.00653e-16
      2907.96  4.42401e-16  7.68625e-16
      2910.70  8.24705e-16  6.83330e-16
      2913.45  2.92219e-15  6.54436e-16
      2916.19  2.55407e-15  1.17365e-15
      2918.94  3.22250e-16  4.95716e-16
      2921.68 -8.30003e-17  4.07749e-16
      2924.43 -2.18234e-16  3.63556e-16
      2927.17  5.64254e-16  4.86204e-16
      2929.92  4.37654e-16  3.38889e-16
      2932.66 -2.91138e-16  3.36998e-16
      2935.41  7.75232e-17  2.25329e-16
      2938.15 -9.68071e-17  2.68488e-16
      2940.90  4.16780e-16  3.20612e-16
      2943.65  2.16751e-15  7.14951e-16
      2946.39  3.85031e-16  1.42758e-16
      2949.14  4.20246e-16  1.46671e-16
      2951.88  1.94389e-16  1.25499e-16
      2954.63  4.51740e-16  1.98795e-16
      2957.37  2.25651e-16  9.53698e-17
      2960.12  1.91893e-16  9.83186e-17
      2962.86  1.65899e-16  1.04133e-16
      2965.61  1.39903e-16  3.54162e-16
      2968.35  1.13907e-16  7.78167e-17
      2971.10  1.31100e-16  6.90757e-17
      2973.84  1.23222e-16  6.73370e-17
      2976.59  9.57229e-17  6.25433e-17
      2979.33  1.07102e-16  6.11047e-17
      2982.08  1.63593e-16  6.10418e-17
      2984.83  1.51559e-16  5.99682e-17
      2987.57  1.39564e-16  6.17741e-17
      2990.32  1.27570e-16  7.14886e-17
      2993.06  1.15576e-16  1.11955e-16
      2995.81  1.03581e-16  6.14116e-17
      2998.55  9.85368e-17  6.31965e-17
      3001.30  2.75328e-16  7.05254e-17
      3004.04  1.84264e-16  5.97744e-17
      3006.79  2.40822e-16  6.33084e-17
      3009.54  1.91243e-16  7.08959e-17
      3012.28  1.69601e-16  6.16756e-17
      3015.03  1.15781e-16  5.72428e-17
      3017.77  1.61737e-16  5.89769e-17
      3020.52  1.53241e-16  5.41169e-17
      3023.26  1.50901e-16  1.78290e-16
      3026.01  1.48561e-16  4.81096e-17
      3028.76  1.46220e-16  4.74779e-17
      3031.50  1.43880e-16  4.69197e-17
      3034.25  1.41540e-16  4.69895e-17
      3036.99  1.35299e-16  4.49347e-17
      3039.74  8.94342e-17  4.43270e-17
      3042.49  1.81532e-16  4.54120e-17
      3045.23  1.55471e-16  6.77079e-17
      3047.98  1.91368e-16  4.45856e-17
      3050.72  1.00736e-16  4.25588e-17
      3053.47  1.55587e-16  4.11321e-17
      3056.21  1.40513e-16  4.39283e-17
      3058.96  1.80526e-16  4.24749e-17
      3061.71  1.07915e-16  3.98147e-17
      3064.45  1.96722e-16  6.29002e-17
      3067.20  9.14152e-17  3.83969e-17
      3069.95  1.52745e-16  3.83954e-17
      3072.69  2.35868e-16  3.99804e-17
      3075.44  1.57838e-16  3.71746e-17
      3078.18  1.01334e-16  3.76516e-17
      3080.93  1.41944e-16  3.81068e-17
      3083.68  7.05799e-17  3.74413e-17
      3086.42  2.15253e-16  5.68559e-17
      3089.17  1.78118e-16  7.64547e-17
      3091.91  1.41453e-16  3.62623e-17
      3094.66  3.05079e-16  5.16896e-17
      3097.41  2.00762e-16  3.79026e-17
      3100.15  9.72165e-17  5.05598e-17
      3102.90  1.35087e-16  4.05271e-17
      3105.65  8.53113e-17  3.57454e-17
      3108.39  1.95900e-16  3.58640e-17
      3111.14  2.40150e-16  4.00524e-17
      3113.89  1.45438e-16  3.59253e-17
      3116.63  1.11284e-16  3.63014e-17
      3119.38  1.32643e-16  3.57583e-17
      3122.12  1.62827e-16  5.73009e-17
      3124.87  1.61577e-16  3.48785e-17
      3127.62  1.37812e-16  3.34298e-17
      3130.36  1.36535e-16  3.32527e-17
      3133.11  1.62222e-16  3.73364e-17
      3135.86  2.16829e-16  3.73463e-17
      3138.60  2.12205e-16  3.38085e-17
      3141.35  1.61569e-16  3.66342e-17
      3144.10  1.60593e-16  3.30090e-17
      3146.84  8.57917e-17  4.50194e-17
      3149.59  1.87030e-16  7.56373e-17
      3152.34  2.07350e-16  3.48522e-17
      3155.08  1.27715e-16  4.74594e-17
      3157.83  1.55856e-16  3.47715e-17
      3160.58  2.10601e-16  3.91942e-17
      3163.32  1.82325e-16  3.58780e-17
      3166.07  1.88979e-16  4.24267e-17
      3168.82  2.32873e-16  5.63286e-17
      3171.56  2.76765e-16  3.56150e-17
      3174.31  3.20660e-16  3.56519e-17
      3177.06  3.64555e-16  3.80910e-17
      3179.80  2.54665e-16  4.08760e-17
      3182.55  3.16628e-16  3.61667e-17
      3185.30  3.14332e-16  4.16769e-17
      3188.04  2.36422e-16  3.22393e-17
      3190.79  2.10763e-16  3.36242e-17
      3193.54  3.08464e-16  4.75265e-17
      3196.28  2.70998e-16  3.29133e-17
      3199.03  3.03094e-16  3.23127e-17
      3201.78  3.17960e-16  3.37281e-17
      3204.53  3.13118e-16  3.26694e-17
      3207.27  2.94056e-16  3.06801e-17
      3210.02  2.76530e-16  3.33482e-17
      3212.77  2.85479e-16  7.77936e-17
      3215.51  2.94429e-16  3.28611e-17
      3218.26  3.03379e-16  3.11593e-17
      3221.01  2.37804e-16  3.75751e-17
      3223.75  3.32699e-16  3.49068e-17
      3226.50  2.97259e-16  3.37634e-17
      3229.25  2.93003e-16  3.26080e-17
      3232.00  2.93335e-16  3.51247e-17
      3234.74  3.09587e-16  2.89130e-17
      3237.49  2.77851e-16  2.84013e-17
      3240.24  2.83432e-16  4.04242e-17
      3242.98  2.88824e-16  3.15688e-17
      3245.73  2.68396e-16  4.02578e-17
      3248.48  2.63134e-16  3.04818e-17
      3251.22  2.88213e-16  2.79819e-17
      3253.97  1.75724e-16  2.87318e-17
      3256.72  2.37649e-16  2.84132e-17
      3259.47  3.30474e-16  3.05062e-17
      3262.21  2.77930e-16  3.48177e-17
      3264.96  2.37077e-16  2.67923e-17
      3267.71  1.84690e-16  2.54146e-17
      3270.46  2.36566e-16  3.03621e-17
      3273.20  2.32746e-16  2.86204e-17
      3275.95  2.27188e-16  2.60856e-17
      3278.70  2.34089e-16  3.06250e-17
      3281.44  2.48515e-16  2.90677e-17
      3284.19  2.02971e-16  2.51693e-17
      3286.94  2.19236e-16  2.62852e-17
      3289.69  1.78282e-16  2.67050e-17
      3292.43  1.79853e-16  2.84336e-17
      3295.18  2.52593e-16  2.55744e-17
      3297.93  1.50774e-16  2.46978e-17
      3300.68  1.69082e-16  2.56462e-17
      3303.42  2.14252e-16  2.73667e-17
      3306.17  1.52318e-16  2.40876e-17
      3308.92  1.56467e-16  2.49191e-17
      3311.67  2.28522e-16  2.58983e-17
      3314.41  1.01985e-16  2.96289e-17
      3317.16  1.00223e-16  3.47684e-17
      3319.91  2.25179e-16  3.74042e-17
      3322.66  1.74199e-16  2.67578e-17
      3325.40  1.76402e-16  2.55871e-17
      3328.15  1.45027e-16  2.33877e-17
      3330.90  1.52188e-16  2.63837e-17
      3333.65  2.26859e-16  2.51141e-17
      3336.39  1.88788e-16  2.64802e-17
      3339.14  2.03890e-16  2.70033e-17
      3341.89  1.76605e-16  2.57526e-17
      3344.64  1.67118e-16  2.31384e-17
      3347.38  1.91580e-16  2.34438e-17
      3350.13  2.04592e-16  2.49714e-17
      3352.88  1.97403e-16  2.63998e-17
      3355.63  1.90214e-16  1.92627e-16
      3358.38  1.83025e-16  2.38279e-17
      3361.12  1.64301e-16  2.31363e-17
      3363.87  2.26820e-16  3.26641e-17
      3366.62  1.88095e-16  2.41287e-17
      3369.37  1.70392e-16  2.46838e-17
      3372.11  1.69815e-16  2.20802e-17
      3374.86  1.60610e-16  2.18165e-17
      3377.61  1.56464e-16  2.22984e-17
      3380.36  2.29856e-16  2.26666e-17
      3383.10  1.82746e-16  2.27412e-17
      3385.85  1.83941e-16  2.44447e-17
      3388.60  1.51883e-16  2.53787e-17
      3391.35  1.94155e-16  2.32301e-17
      3394.10  1.99046e-16  2.77330e-17
      3396.84  2.03937e-16  9.43539e-17
      3399.59  2.08828e-16  2.14171e-17
      3402.34  2.13719e-16  3.65765e-17
      3405.09  2.18611e-16  2.59417e-17
      3407.84  1.83379e-16  2.15285e-17
      3410.58  2.24730e-16  2.13970e-17
      3413.33  1.91160e-16  2.13665e-17
      3416.08  2.03933e-16  2.30392e-17
      3418.83  1.79650e-16  4.52143e-17
      3421.57  2.35420e-16  2.17058e-17
      3424.32  1.88880e-16  2.25938e-17
      3427.07  1.95436e-16  4.12027e-17
      3429.82  2.35891e-16  2.42695e-17
      3432.57  2.22720e-16  2.18858e-17
      3435.31  2.13705e-16  2.33949e-17
      3438.06  2.08005e-16  2.14355e-17
      3440.81  2.63308e-16  2.46204e-17
      3443.56  2.56897e-16  2.59160e-17
      3446.31  2.44254e-16  2.37002e-17
      3449.05  2.66542e-16  2.17334e-17
      3451.80  2.57091e-16  2.14191e-17
      3454.55  2.63319e-16  2.24052e-17
      3457.30  2.59165e-16  3.56826e-17
      3460.05  2.55011e-16  2.37717e-17
      3462.79  2.50857e-16  2.15159e-17
      3465.54  2.43747e-16  2.09171e-17
      3468.29  2.56498e-16  2.16020e-17
      3471.04  2.42350e-16  2.10095e-17
      3473.79  3.01339e-16  2.24822e-17
      3476.54  2.91835e-16  2.21024e-17
      3479.28  2.47343e-16  2.09478e-17
      3482.03  2.80680e-16  2.10658e-17
      3484.78  2.86810e-16  2.18076e-17
      3487.53  2.66531e-16  2.22513e-17
      3490.28  2.41177e-16  2.10596e-17
      3493.02  2.72739e-16  2.14180e-17
      3495.77  2.92215e-16  2.10017e-17
      3498.52  2.95665e-16  2.39970e-17
      3501.27  2.79505e-16  2.08107e-17
      3504.02  2.70874e-16  2.28990e-17
      3506.77  2.49413e-16  2.10325e-17
      3509.51  2.76840e-16  2.06686e-17
      3512.26  2.71453e-16  2.14280e-17
      3515.01  2.85785e-16  2.06697e-17
      3517.76  3.00496e-16  2.14357e-17
      3520.51  3.01720e-16  2.14329e-17
      3523.25  3.05607e-16  2.30779e-17
      3526.00  2.93984e-16  2.09986e-17
      3528.75  3.17732e-16  2.13183e-17
      3531.50  3.41161e-16  2.27366e-17
      3534.25  3.01592e-16  2.28454e-17
      3537.00  3.33633e-16  2.17726e-17
      3539.74  3.61529e-16  2.12046e-17
      3542.49  3.07393e-16  3.61678e-17
      3545.24  2.84773e-16  2.04079e-17
      3547.99  3.21611e-16  2.08125e-17
      3550.74  3.03728e-16  2.04340e-17
      3553.49  3.40569e-16  2.49074e-17
      3556.23  3.45546e-16  2.14471e-17
      3558.98  3.60285e-16  2.11808e-17
      3561.73  3.73662e-16  2.50421e-17
      3564.48  3.80348e-16  2.34180e-17
      3567.23  3.95811e-16  2.48037e-17
      3569.98  3.95037e-16  2.31580e-17
      3572.72  4.57635e-16  2.23933e-17
      3575.47  4.41992e-16  2.17217e-17
      3578.22  4.87467e-16  2.32640e-17
      3580.97  4.46275e-16  2.34801e-17
      3583.72  5.00840e-16  2.29478e-17
      3586.47  4.39589e-16  2.19387e-17
      3589.22  5.03702e-16  2.41443e-17
      3591.96  5.24609e-16  2.41647e-17
      3594.71  5.70471e-16  2.36685e-17
      3597.46  4.62372e-16  2.35762e-17
      3600.21  5.02575e-16  2.36150e-17
      3602.96  5.21936e-16  2.26159e-17
      3605.71  5.43685e-16  2.27488e-17
      3608.45  5.17191e-16  2.32385e-17
      3611.20  5.84004e-16  2.67814e-17
      3613.95  6.17549e-16  2.45628e-17
      3616.70  5.97131e-16  2.56436e-17
      3619.45  6.19302e-16  2.72245e-17
      3622.20  6.81600e-16  2.51816e-17
      3624.95  6.27321e-16  2.45873e-17
      3627.69  7.36308e-16  2.57794e-17
      3630.44  7.03085e-16  2.63146e-17
      3633.19  7.26424e-16  2.66214e-17
      3635.94  6.81065e-16  2.39395e-17
      3638.69  7.95859e-16  3.94532e-17
      3641.44  7.26397e-16  2.48367e-17
      3644.19  7.50312e-16  2.47718e-17
      3646.93  7.31185e-16  2.42021e-17
      3649.68  7.78321e-16  2.51768e-17
      3652.43  7.33133e-16  2.41287e-17
      3655.18  7.26824e-16  2.45441e-17
      3657.93  7.96921e-16  2.63018e-17
      3660.68  7.85988e-16  3.19932e-17
      3663.43  7.72124e-16  2.43503e-17
      3666.17  8.01900e-16  2.47806e-17
      3668.92  7.87153e-16  2.41985e-17
      3671.67  7.72600e-16  2.81690e-17
      3674.42  7.34920e-16  2.86881e-17
      3677.17  8.31544e-16  2.58917e-17
      3679.92  8.30063e-16  3.72243e-17
      3682.67  8.45504e-16  4.03254e-17
      3685.41  8.04347e-16  2.52863e-17
      3688.16  7.83554e-16  2.53549e-17
      3690.91  7.92060e-16  2.85104e-17
      3693.66  8.02313e-16  2.48022e-17
      3696.41  7.95603e-16  2.48963e-17
      3699.16  8.03954e-16  2.39716e-17
      3701.91  8.87556e-16  2.86591e-17
      3704.65  8.39574e-16  3.54802e-17
      3707.40  8.32791e-16  1.84672e-16
      3710.15  8.26006e-16  2.85606e-17
      3712.90  8.19223e-16  2.88496e-17
      3715.65  8.19709e-16  2.33313e-17
      3718.40  8.24166e-16  2.33668e-17
      3721.15  7.29901e-16  2.30702e-17
      3723.90  7.16308e-16  2.53113e-17
      3726.64  7.52235e-16  2.27503e-17
      3729.39  7.49517e-16  2.34222e-17
      3732.14  7.38881e-16  2.57940e-17
      3734.89  6.74193e-16  2.66518e-17
      3737.64  6.33446e-16  2.27228e-17
      3740.39  6.27026e-16  2.52747e-17
      3743.14  5.81551e-16  2.00883e-17
      3745.88  5.40884e-16  2.02779e-17
      3748.63  5.04943e-16  1.96202e-17
      3751.38  4.98091e-16  1.93642e-17
      3754.13  4.92209e-16  1.91144e-17
      3756.88  4.71750e-16  1.86023e-17
      3759.63  4.11753e-16  2.49014e-17
      3762.38  4.19137e-16  2.83985e-17
      3765.13  3.99705e-16  1.98831e-17
      3767.87  3.63154e-16  2.87802e-17
      3770.62  3.53220e-16  1.86348e-17
      3773.37  3.21988e-16  2.14949e-17
      3776.12  3.18362e-16  1.62842e-17
      3778.87  2.98125e-16  1.66573e-17
      3781.62  2.62363e-16  1.73141e-17
      3784.37  2.80924e-16  1.70177e-17
      3787.12  2.68737e-16  4.99698e-17
      3789.86  2.56550e-16  1.59962e-17
      3792.61  2.44365e-16  1.66868e-17
      3795.36  2.11710e-16  2.04519e-17
      3798.11  2.07768e-16  1.45292e-17
      3800.86  2.22312e-16  1.70547e-17
      3803.61  2.20744e-16  1.40528e-17
      3806.36  1.94199e-16  1.35453e-17
      3809.10  2.23220e-16  1.52025e-17
      3811.85  1.63871e-16  1.44277e-17
      3814.60  2.21193e-16  1.52232e-17
      3817.35  1.95756e-16  1.56058e-17
      3820.10  1.54897e-16  1.35381e-17
      3822.85  1.85450e-16  1.47796e-17
      3825.60  1.88185e-16  1.36740e-17
      3828.35  1.78935e-16  1.33733e-17
      3831.09  1.88602e-16  1.33536e-17
      3833.84  1.93160e-16  1.38577e-17
      3836.59  2.14844e-16  1.46070e-17
      3839.34  1.99202e-16  1.34575e-17
      3842.09  2.19741e-16  1.32697e-17
      3844.84  1.92621e-16  1.31005e-17
      3847.59  2.11094e-16  1.31762e-17
      3850.34  2.03878e-16  1.30981e-17
      3853.08  2.30104e-16  1.61677e-17
      3855.83  2.37681e-16  1.34177e-17
      3858.58  2.16500e-16  1.86756e-17
      3861.33  2.26531e-16  1.30082e-17
      3864.08  2.31641e-16  1.54832e-17
      3866.83  2.55818e-16  1.72876e-17
      3869.58  2.32824e-16  1.35839e-17
      3872.33  2.92420e-16  1.46340e-17
      3875.07  3.02292e-16  1.41784e-17
      3877.82  3.31659e-16  4.00156e-17
      3880.57  2.87063e-16  1.34569e-17
      3883.32  3.10885e-16  1.37817e-17
      3886.07  3.25363e-16  2.91796e-17
      3888.82  3.22288e-16  1.38027e-17
      3891.57  3.38118e-16  1.40285e-17
      3894.32  3.53908e-16  1.47292e-17
      3897.06  3.47609e-16  1.69229e-17
      3899.81  3.87268e-16  1.57453e-17
      3902.56  3.94623e-16  1.55473e-17
      3905.31  4.22528e-16  1.50604e-17
      3908.06  4.28250e-16  1.46061e-17
      3910.81  4.24041e-16  1.44386e-17
      3913.56  3.94958e-16  1.49035e-17
      3916.31  4.83383e-16  1.53790e-17
      3919.05  4.54798e-16  1.50702e-17
      3921.80  4.71762e-16  1.62304e-17
      3924.55  4.51459e-16  2.28497e-17
      3927.30  4.94461e-16  1.56604e-17
      3930.05  5.35081e-16  1.60345e-17
      3932.80  5.15003e-16  1.70349e-17
      3935.55  5.28490e-16  1.71264e-17
      3938.30  5.28842e-16  1.51576e-17
      3941.04  5.44429e-16  1.58261e-17
      3943.79  5.87156e-16  1.63929e-17
      3946.54  5.69779e-16  1.56568e-17
      3949.29  5.23781e-16  1.63547e-17
      3952.04  6.17789e-16  1.58878e-17
      3954.79  5.98225e-16  1.54639e-17
      3957.54  5.38689e-16  1.91181e-17
      3960.29  6.13041e-16  1.65862e-17
      3963.03  6.37249e-16  1.56660e-17
      3965.78  6.73089e-16  1.60631e-17
      3968.53  6.66915e-16  1.61409e-17
      3971.28  7.01564e-16  1.63188e-17
      3974.03  7.03809e-16  1.65062e-17
      3976.78  7.71254e-16  1.85841e-17
      3979.53  7.83992e-16  1.80313e-17
      3982.28  8.41713e-16  2.19296e-17
      3985.02  7.90700e-16  1.95540e-17
      3987.77  8.27008e-16  1.71460e-17
      3990.52  8.96108e-16  2.62368e-17
      3993.27  8.88102e-16  1.77988e-17
      3996.02  9.17679e-16  1.78185e-17
      3998.77  9.16409e-16  1.94255e-17
      4001.52  9.10359e-16  1.77109e-17
      4004.26  9.44633e-16  2.03299e-17
      4007.01  9.81061e-16  1.98063e-17
      4009.76  9.93900e-16  1.87689e-17
      4012.51  9.62034e-16  2.57019e-17
      4015.26  9.64431e-16  2.11585e-17
      4018.01  1.08686e-15  2.22797e-17
      4020.76  1.07288e-15  2.05584e-17
      4023.51  1.05668e-15  2.03964e-17
      4026.25  1.04001e-15  2.23786e-17
      4029.00  1.03362e-15  2.15626e-17
      4031.75  1.02724e-15  1.96513e-17
      4034.50  1.02085e-15  4.26055e-17
      4037.25  1.01446e-15  1.86500e-17
      4040.00  1.00807e-15  2.06633e-17
      4042.75  1.02334e-15  2.36468e-17
      4045.49  1.04244e-15  2.45723e-17
      4048.24  1.02881e-15  1.96639e-17
      4050.99  1.07901e-15  2.19919e-17
      4053.74  1.05101e-15  2.02802e-17
      4056.49  1.11818e-15  3.16851e-17
      4059.24  1.05254e-15  2.36511e-17
      4061.99  1.07486e-15  2.02910e-17
      4064.73  1.02905e-15  2.14615e-17
      4067.48  1.06828e-15  2.20707e-17
      4070.23  1.11121e-15  1.98253e-17
      4072.98  1.08422e-15  2.31173e-17
      4075.73  1.15331e-15  2.05889e-17
      4078.48  1.12752e-15  2.08875e-17
      4081.23  1.04308e-15  2.40166e-17
      4083.97  1.14169e-15  2.13368e-17
      4086.72  1.12419e-15  2.06119e-17
      4089.47  1.10669e-15  2.32518e-17
      4092.22  1.08920e-15  3.01775e-17
      4094.97  1.07170e-15  1.90329e-17
      4097.72  1.05420e-15  2.21180e-17
      4100.47  1.03671e-15  2.78843e-17
      4103.21  1.08001e-15  2.74010e-17
      4105.96  1.13154e-15  1.93390e-17
      4108.71  1.06519e-15  2.00699e-17
      4111.46  9.32708e-16  2.32763e-17
      4114.21  9.99811e-16  1.92906e-17
      4116.96  1.03345e-15  1.94075e-17
      4119.70  9.84416e-16  1.90347e-17
      4122.45  8.98590e-16  2.27241e-17
      4125.20  9.84704e-16  1.85742e-17
      4127.95  1.00136e-15  1.77113e-17
      4130.70  9.38459e-16  1.89584e-17
      4133.45  9.08363e-16  2.09591e-17
      4136.20  8.88663e-16  1.86586e-17
      4138.94  8.84681e-16  1.89065e-17
      4141.69  8.80449e-16  1.93665e-17
      4144.44  9.23143e-16  2.01489e-17
      4147.19  9.38518e-16  1.92668e-17
      4149.94  9.01643e-16  1.95118e-17
      4152.69  8.48871e-16  2.03112e-17
      4155.43  9.26959e-16  1.87409e-17
      4158.18  9.47621e-16  1.72147e-17
      4160.93  8.97503e-16  1.80312e-17
      4163.68  8.98574e-16  1.76222e-17
      4166.43  9.82053e-16  1.77634e-17
      4169.18  9.38098e-16  1.95744e-17
      4171.92  9.57096e-16  1.93753e-17
      4174.67  9.48751e-16  2.39775e-17
      4177.42  9.09076e-16  2.28204e-17
      4180.17  1.02548e-15  1.85225e-17
      4182.92  1.03747e-15  1.74253e-17
      4185.67  1.04398e-15  1.96082e-17
      4188.41  9.88430e-16  2.13501e-17
      4191.16  1.01820e-15  2.16699e-17
      4193.91  9.91304e-16  2.38354e-17
      4196.66  1.02246e-15  2.17067e-17
      4199.41  1.14573e-15  1.79286e-17
      4202.16  1.13333e-15  1.91869e-17
      4204.90  1.16068e-15  1.91538e-17
      4207.65  1.13999e-15  1.83511e-17
      4210.40  1.13958e-15  2.16245e-17
      4213.15  1.13917e-15  1.98716e-17
      4215.90  1.13875e-15  1.79356e-17
      4218.64  1.18502e-15  2.42835e-17
      4221.39  1.11549e-15  1.95787e-17
      4224.14  1.12291e-15  1.82010e-17
      4226.89  1.12360e-15  2.05977e-17
      4229.64  1.10324e-15  1.90383e-17
      4232.39  1.13432e-15  1.87293e-17
      4235.13  1.13985e-15  1.87944e-17
      4237.88  1.06346e-15  2.15494e-17
      4240.63  1.09068e-15  2.17611e-17
      4243.38  1.09423e-15  2.27155e-17
      4246.13  1.07512e-15  1.92958e-17
      4248.87  1.10536e-15  1.77131e-17
      4251.62  1.12198e-15  2.05851e-17
      4254.37  1.11985e-15  1.86025e-17
      4257.12  1.04817e-15  2.21981e-17
      4259.87  1.00790e-15  2.11227e-17
      4262.61  9.84000e-16  2.02545e-17
      4265.36  9.78636e-16  2.09151e-17
      4268.11  1.03689e-15  1.94256e-17
      4270.86  1.04825e-15  2.21376e-17
      4273.61  1.00229e-15  2.26604e-17
      4276.35  9.90694e-16  2.24816e-17
      4279.10  1.02063e-15  1.66630e-17
      4281.85  1.00804e-15  1.90564e-17
      4284.60  9.95451e-16  1.62573e-17
      4287.35  9.82862e-16  1.67597e-17
      4290.09  9.95190e-16  1.69012e-17
      4292.84  9.80912e-16  1.77078e-17
      4295.59  9.18666e-16  1.88648e-17
      4298.34  9.13634e-16  1.73001e-17
      4301.09  9.56566e-16  1.69041e-17
      4303.83  9.71009e-16  1.67272e-17
      4306.58  9.20942e-16  1.79093e-17
      4309.33  8.85867e-16  1.92421e-17
      4312.08  9.36345e-16  2.01926e-17
      4314.83  9.51725e-16  1.98465e-17
      4317.57  8.79907e-16  1.93325e-17
      4320.32  9.64260e-16  1.74081e-17
      4323.07  8.88254e-16  1.93031e-17
      4325.82  9.23423e-16  2.63452e-17
      4328.57  9.05880e-16  1.74628e-17
      4331.31  9.56902e-16  1.59562e-17
      4334.06  8.79119e-16  1.66107e-17
      4336.81  8.48329e-16  1.80965e-17
      4339.56  8.34786e-16  1.82999e-17
      4342.30  8.31424e-16  1.72063e-17
      4345.05  8.57146e-16  2.25804e-17
      4347.80  8.47204e-16  1.58431e-17
      4350.55  8.24944e-16  1.55669e-17
      4353.30  8.68905e-16  1.49803e-17
      4356.04  7.71142e-16  1.50842e-17
      4358.79  7.61375e-16  1.75119e-17
      4361.54  8.00225e-16  1.58439e-17
      4364.29  7.89539e-16  1.49970e-17
      4367.03  7.68724e-16  1.51908e-17
      4369.78  7.25251e-16  1.75991e-17
      4372.53  7.22332e-16  1.68159e-17
      4375.28  7.41335e-16  1.42704e-17
      4378.02  7.60468e-16  1.55716e-17
      4380.77  7.14994e-16  1.63619e-17
      4383.52  7.20616e-16  1.41807e-17
      4386.27  6.86456e-16  1.48007e-17
      4389.01  6.77994e-16  1.47159e-17
      4391.76  6.54899e-16  1.43807e-17
      4394.51  7.03882e-16  1.48759e-17
      4397.26  6.98566e-16  1.33327e-17
      4400.00  6.78929e-16  1.34078e-17
      4402.75  6.59114e-16  1.31940e-17
      4405.50  6.42449e-16  1.40364e-17
      4408.25  6.10424e-16  1.37521e-17
      4410.99  6.14354e-16  1.29257e-17
      4413.74  6.17565e-16  1.32188e-17
      4416.49  6.56545e-16  1.31730e-17
      4419.24  6.19530e-16  1.28617e-17
      4421.98  5.91407e-16  1.25143e-17
      4424.73  5.92631e-16  1.25061e-17
      4427.48  5.77350e-16  1.32284e-17
      4430.23  5.71222e-16  1.22181e-17
      4432.97  5.56596e-16  1.32614e-17
      4435.72  5.82841e-16  1.25672e-17
      4438.47  5.65893e-16  1.35475e-17
      4441.22  5.64587e-16  1.27364e-17
      4443.96  5.75661e-16  1.27066e-17
      4446.71  5.61102e-16  1.21372e-17
      4449.46  5.78037e-16  1.36684e-17
      4452.21  5.25903e-16  1.30613e-17
      4454.95  5.06233e-16  1.24158e-17
      4457.70  5.21833e-16  1.19167e-17
      4460.45  5.13751e-16  1.16745e-17
      4463.19  5.22877e-16  1.19765e-17
      4465.94  5.50151e-16  1.24588e-17
      4468.69  5.13155e-16  1.19939e-17
      4471.44  5.09071e-16  1.16660e-17
      4474.18  5.16517e-16  1.25675e-17
      4476.93  5.34003e-16  1.40922e-17
      4479.68  5.62830e-16  1.33342e-17
      4482.42  5.89356e-16  1.22372e-17
      4485.17  5.80620e-16  1.21634e-17
      4487.92  5.77688e-16  1.25549e-17
      4490.67  5.35148e-16  1.45885e-17
      4493.41  5.52254e-16  1.33332e-17
      4496.16  5.96127e-16  1.36247e-17
      4498.91  5.74859e-16  1.28104e-17
      4501.65  5.85492e-16  1.28748e-17
      4504.40  5.94747e-16  1.36242e-17
      4507.15  6.06286e-16  1.33803e-17
      4509.89  5.99944e-16  1.49238e-17
      4512.64  6.57298e-16  1.39330e-17
      4515.39  6.07680e-16  1.46538e-17
      4518.14  6.22313e-16  1.48748e-17
      4520.88  6.09262e-16  1.48878e-17
      4523.63  6.35081e-16  1.60569e-17
      4526.38  6.12807e-16  1.67183e-17
      4529.12  5.99280e-16  1.42451e-17
      4531.87  6.78437e-16  1.51396e-17
      4534.62  7.05489e-16  1.47658e-17
      4537.36  7.11963e-16  1.58114e-17
      4540.11  6.73058e-16  1.37604e-17
      4542.86  6.34405e-16  1.39807e-17
      4545.60  6.57195e-16  1.83519e-17
      4548.35  6.63210e-16  1.43510e-17
      4551.10  7.01822e-16  1.31256e-17
      4553.84  6.65232e-16  1.31410e-17
      4556.59  6.79867e-16  1.35136e-17
      4559.34  6.17505e-16  1.45087e-17
      4562.08  5.86472e-16  1.66493e-17
      4564.83  6.01234e-16  1.33601e-17
      4567.58  6.35873e-16  1.30951e-17
      4570.32  6.28986e-16  1.29542e-17
      4573.07  6.18098e-16  1.24929e-17
      4575.82  6.25868e-16  1.24324e-17
      4578.56  6.41310e-16  1.35922e-17
      4581.31  6.22142e-16  1.29679e-17
      4584.06  6.46949e-16  1.34284e-17
      4586.80  6.49452e-16  1.47207e-17
      4589.55  6.51955e-16  1.38599e-17
      4592.30  6.54458e-16  1.30791e-17
      4595.04  6.55855e-16  1.27184e-17
      4597.79  6.63859e-16  1.32228e-17
      4600.54  6.69961e-16  1.30514e-17
      4603.28  6.59451e-16  1.38265e-17
      4606.03  6.58788e-16  1.38671e-17
      4608.77  6.68109e-16  1.40762e-17
      4611.52  7.07735e-16  1.41937e-17
      4614.27  6.99118e-16  1.46565e-17
      4617.01  7.70187e-16  1.43434e-17
      4619.76  7.73096e-16  1.57525e-17
      4622.51  7.76005e-16  1.52895e-17
      4625.25  7.78913e-16  1.45748e-17
      4628.00  7.85804e-16  1.58598e-17
      4630.74  7.96233e-16  1.65531e-17
      4633.49  8.04716e-16  1.49032e-17
      4636.24  8.10233e-16  1.47892e-17
      4638.98  8.14324e-16  1.45849e-17
      4641.73  8.23845e-16  1.46639e-17
      4644.48  8.17423e-16  1.41395e-17
      4647.22  8.04736e-16  1.47504e-17
      4649.97  8.08308e-16  1.67602e-17
      4652.71  8.15065e-16  1.50646e-17
      4655.46  8.55013e-16  1.42056e-17
      4658.21  7.86125e-16  1.42401e-17
      4660.95  8.22697e-16  1.58638e-17
      4663.70  8.63016e-16  1.69838e-17
      4666.44  8.38049e-16  1.61862e-17
      4669.19  8.59889e-16  1.48987e-17
      4671.94  8.79141e-16  1.53896e-17
      4674.68  8.70097e-16  1.45630e-17
      4677.43  8.78592e-16  1.49339e-17
      4680.17  8.51015e-16  1.52966e-17
      4682.92  8.61970e-16  1.51188e-17
      4685.67  8.64964e-16  1.49973e-17
      4688.41  8.79466e-16  1.47032e-17
      4691.16  8.63249e-16  1.56979e-17
      4693.90  8.45999e-16  1.66910e-17
      4696.65  8.42709e-16  1.47911e-17
      4699.39  8.35338e-16  1.46322e-17
      4702.14  8.39610e-16  1.47333e-17
      4704.89  7.64049e-16  1.72577e-17
      4707.63  7.79880e-16  1.59153e-17
      4710.38  8.10764e-16  1.45243e-17
      4713.12  7.78149e-16  1.63108e-17
      4715.87  7.99709e-16  1.44505e-17
      4718.61  8.12667e-16  1.45349e-17
      4721.36  8.00750e-16  1.45589e-17
      4724.11  7.79861e-16  1.55979e-17
      4726.85  7.36804e-16  1.62945e-17
      4729.60  7.84031e-16  1.50250e-17
      4732.34  7.39780e-16  1.61229e-17
      4735.09  7.95797e-16  1.51434e-17
      4737.83  7.68492e-16  1.49669e-17
      4740.58  7.45698e-16  1.71091e-17
      4743.32  7.77102e-16  1.41113e-17
      4746.07  7.84620e-16  1.44628e-17
      4748.81  7.87801e-16  1.43435e-17
      4751.56  8.07501e-16  1.38959e-17
      4754.31  7.76931e-16  1.41551e-17
      4757.05  7.44040e-16  1.42602e-17
      4759.80  7.37537e-16  1.81722e-17
      4762.54  8.03452e-16  1.52075e-17
      4765.29  7.59225e-16  1.42203e-17
      4768.03  7.56535e-16  1.56108e-17
      4770.78  7.45316e-16  1.60292e-17
      4773.52  7.86929e-16  1.46876e-17
      4776.27  7.83801e-16  1.37112e-17
      4779.01  7.15961e-16  1.36975e-17
      4781.76  7.51581e-16  1.44750e-17
      4784.50  7.26852e-16  2.03469e-17
      4787.25  7.60495e-16  1.41030e-17
      4789.99  7.09729e-16  1.38269e-17
      4792.74  7.10914e-16  1.39414e-17
      4795.48  6.93570e-16  1.35243e-17
      4798.23  6.58124e-16  1.35905e-17
      4800.97  6.44289e-16  1.40429e-17
      4803.72  6.71248e-16  1.28205e-17
      4806.46  6.07195e-16  1.46494e-17
      4809.21  6.01525e-16  1.27430e-17
      4811.95  6.14636e-16  1.23924e-17
      4814.70  6.23980e-16  1.58907e-17
      4817.44  5.69178e-16  1.18968e-17
      4820.19  5.73843e-16  1.27434e-17
      4822.93  5.87921e-16  1.35230e-17
      4825.68  5.77640e-16  1.23123e-17
      4828.42  6.05732e-16  1.34635e-17
      4831.17  5.85207e-16  1.32668e-17
      4833.91  5.84825e-16  1.20057e-17
      4836.66  5.90069e-16  1.20324e-17
      4839.40  5.71947e-16  1.22085e-17
      4842.15  5.79158e-16  1.23607e-17
      4844.89  6.02191e-16  1.25089e-17
      4847.63  5.84731e-16  1.36773e-17
      4850.38  5.91585e-16  1.26031e-17
      4853.12  5.44196e-16  1.36899e-17
      4855.87  5.26155e-16  1.44201e-17
      4858.61  5.76519e-16  1.20177e-17
      4861.36  6.07715e-16  1.22517e-17
      4864.10  5.80569e-16  1.24371e-17
      4866.85  6.10781e-16  1.54305e-17
      4869.59  5.58583e-16  1.37914e-17
      4872.34  5.95536e-16  1.28950e-17
      4875.08  5.70836e-16  1.38356e-17
      4877.82  5.86641e-16  1.24219e-17
      4880.57  6.10008e-16  1.22997e-17
      4883.31  5.65537e-16  1.27971e-17
      4886.06  5.65502e-16  1.23978e-17
      4888.80  5.81912e-16  1.19095e-17
      4891.55  5.72799e-16  1.24756e-17
      4894.29  5.15676e-16  1.35568e-17
      4897.03  5.35069e-16  1.19909e-17
      4899.78  5.23572e-16  1.15962e-17
      4902.52  5.36142e-16  1.17895e-17
      4905.27  5.00965e-16  1.13350e-17
      4908.01  5.44468e-16  1.59125e-17
      4910.75  4.70632e-16  1.32503e-17
      4913.50  4.93322e-16  1.29971e-17
      4916.24  4.88143e-16  1.20923e-17
      4918.99  4.86267e-16  1.10030e-17
      4921.73  4.96537e-16  1.12835e-17
      4924.47  4.93081e-16  1.10308e-17
      4927.22  4.92617e-16  1.14476e-17
      4929.96  4.71671e-16  1.14817e-17
      4932.71  4.93921e-16  1.12546e-17
      4935.45  5.09948e-16  1.13655e-17
      4938.19  5.03404e-16  1.10718e-17
      4940.94  5.02725e-16  1.13250e-17
      4943.68  5.39336e-16  1.15648e-17
      4946.43  5.81932e-16  2.17908e-17
      4949.17  5.38578e-16  1.13913e-17
      4951.91  5.42386e-16  1.14949e-17
      4954.66  5.49973e-16  1.19061e-17
      4957.40  5.69291e-16  1.28071e-17
      4960.14  5.73271e-16  1.36519e-17
      4962.89  5.55369e-16  1.20881e-17
      4965.63  5.72948e-16  1.21960e-17
      4968.37  6.08657e-16  1.19777e-17
      4971.12  6.02555e-16  1.24907e-17
      4973.86  6.31125e-16  1.85807e-17
      4976.60  5.88298e-16  1.47933e-17
      4979.35  5.75854e-16  1.23407e-17
      4982.09  5.32452e-16  1.16595e-17
      4984.83  5.35675e-16  1.17578e-17
      4987.58  5.58972e-16  1.35180e-17
      4990.32  4.92259e-16  1.29957e-17
      4993.06  5.02281e-16  1.29164e-17
      4995.81  4.71467e-16  1.30919e-17
      4998.55  5.30422e-16  1.12263e-17
      5001.29  4.98951e-16  1.18209e-17
      5004.04  5.09235e-16  1.10316e-17
      5006.78  4.59678e-16  1.05884e-17
      5009.52  4.84631e-16  1.12169e-17
      5012.27  4.61725e-16  1.06614e-17
      5015.01  4.40583e-16  1.07884e-17
      5017.75  4.27760e-16  1.08614e-17
      5020.50  4.28265e-16  1.04470e-17
      5023.24  4.31097e-16  1.03277e-17
      5025.98  4.38061e-16  1.05059e-17
      5028.73  4.09033e-16  1.01486e-17
      5031.47  3.94107e-16  9.92337e-18
      5034.21  3.83095e-16  1.02367e-17
      5036.95  3.71074e-16  1.02069e-17
      5039.70  3.90405e-16  9.95728e-18
      5042.44  3.68232e-16  1.01050e-17
      5045.18  3.84545e-16  9.93654e-18
      5047.93  3.69975e-16  9.86181e-18
      5050.67  3.70697e-16  9.72698e-18
      5053.41  3.70696e-16  1.14196e-17
      5056.15  3.77716e-16  1.00322e-17
      5058.90  3.81893e-16  1.03831e-17
      5061.64  3.93093e-16  1.11137e-17
      5064.38  4.00373e-16  1.00029e-17
      5067.12  4.14592e-16  1.01828e-17
      5069.87  4.18674e-16  1.01602e-17
      5072.61  4.41024e-16  1.58743e-17
      5075.35  4.19743e-16  1.22685e-17
      5078.09  4.23063e-16  1.06304e-17
      5080.84  4.40731e-16  1.04538e-17
      5083.58  4.23653e-16  1.03648e-17
      5086.32  4.46257e-16  1.06975e-17
      5089.06  4.65968e-16  1.13133e-17
      5091.81  4.66359e-16  1.06143e-17
      5094.55  4.70571e-16  1.65343e-17
      5097.29  4.64394e-16  1.06064e-17
      5100.03  4.73823e-16  1.05076e-17
      5102.77  4.23424e-16  1.06351e-17
      5105.52  4.54627e-16  1.06928e-17
      5108.26  4.61929e-16  1.10237e-17
      5111.00  5.22108e-16  1.73352e-17
      5113.74  4.85954e-16  1.06647e-17
      5116.49  4.66354e-16  1.10954e-17
      5119.23  4.88684e-16  1.11681e-17
      5121.97  4.51257e-16  1.09723e-17
      5124.71  5.07448e-16  1.11374e-17
      5127.45  4.73410e-16  1.05426e-17
      5130.19  4.65743e-16  1.07905e-17
      5132.94  4.96314e-16  1.09189e-17
      5135.68  4.84883e-16  1.09030e-17
      5138.42  4.51388e-16  1.09481e-17
      5141.16  4.97141e-16  1.13751e-17
      5143.90  4.46005e-16  1.02175e-17
      5146.65  4.59858e-16  1.06109e-17
      5149.39  4.59576e-16  1.07978e-17
      5152.13  4.57678e-16  1.04360e-17
      5154.87  4.63192e-16  1.03934e-17
      5157.61  4.30404e-16  1.05132e-17
      5160.35  4.77135e-16  1.39869e-17
      5163.10  4.60057e-16  1.12638e-17
      5165.84  4.69825e-16  1.06478e-17
      5168.58  4.55979e-16  1.07877e-17
      5171.32  4.63057e-16  1.16352e-17
      5174.06  4.74767e-16  1.12721e-17
      5176.80  4.78818e-16  1.05620e-17
      5179.54  4.90927e-16  1.06985e-17
      5182.29  4.77858e-16  1.17342e-17
      5185.03  4.86619e-16  1.11058e-17
      5187.77  4.78179e-16  2.00010e-17
      5190.51  4.95071e-16  1.11580e-17
      5193.25  4.54904e-16  1.13886e-17
      5195.99  5.06663e-16  1.07557e-17
      5198.73  5.00061e-16  1.09082e-17
      5201.47  4.90264e-16  1.45431e-17
      5204.21  5.05042e-16  1.15168e-17
      5206.96  5.12702e-16  1.17195e-17
      5209.70  5.06342e-16  1.26321e-17
      5212.44  4.73514e-16  1.50614e-17
      5215.18  5.08923e-16  1.29521e-17
      5217.92  5.19486e-16  1.09788e-17
      5220.66  4.87152e-16  1.44534e-17
      5223.40  4.89262e-16  1.46219e-17
      5226.14  5.37573e-16  1.13930e-17
      5228.88  5.17938e-16  1.13303e-17
      5231.62  5.68762e-16  1.24233e-17
      5234.36  5.55352e-16  1.12767e-17
      5237.11  5.71156e-16  1.20906e-17
      5239.85  5.55893e-16  1.25033e-17
      5242.59  5.63317e-16  1.13103e-17
      5245.33  5.43523e-16  1.23975e-17
      5248.07  5.70230e-16  1.19183e-17
      5250.81  5.93418e-16  1.15872e-17
      5253.55  5.60339e-16  1.12452e-17
      5256.29  5.98614e-16  1.16555e-17
      5259.03  6.15902e-16  1.17088e-17
      5261.77  6.11268e-16  1.17174e-17
      5264.51  6.23395e-16  1.28263e-17
      5267.25  6.14997e-16  1.17511e-17
      5269.99  6.21900e-16  1.18367e-17
      5272.73  6.32158e-16  1.19317e-17
      5275.47  6.47101e-16  1.19955e-17
      5278.21  6.48094e-16  1.21345e-17
      5280.95  6.58435e-16  1.22179e-17
      5283.69  6.35254e-16  1.40137e-17
      5286.43  6.39974e-16  1.24297e-17
      5289.17  6.22916e-16  1.30667e-17
      5291.91  6.66853e-16  1.33855e-17
      5294.65  6.47632e-16  1.26017e-17
      5297.39  6.46034e-16  1.24794e-17
      5300.13  6.24676e-16  1.19010e-17
      5302.87  6.27897e-16  1.25716e-17
      5305.61  6.35310e-16  1.24094e-17
      5308.35  6.24311e-16  1.26743e-17
      5311.09  5.80908e-16  1.36305e-17
      5313.83  6.31316e-16  1.20447e-17
      5316.57  6.38462e-16  1.20323e-17
      5319.31  5.93012e-16  1.25427e-17
      5322.05  6.43966e-16  1.32415e-17
      5324.79  6.11581e-16  1.45689e-17
      5327.53  5.99967e-16  1.29231e-17
      5330.27  6.02408e-16  1.40034e-17
      5333.01  5.83556e-16  1.31353e-17
      5335.75  5.94833e-16  1.24375e-17
      5338.49  5.84994e-16  1.23397e-17
      5341.23  6.12145e-16  1.38057e-17
      5343.97  5.70841e-16  1.43771e-17
      5346.71  5.24105e-16  1.41906e-17
      5349.45  5.80933e-16  1.21305e-17
      5352.19  5.95364e-16  1.26088e-17
      5354.92  5.93188e-16  1.50419e-17
      5357.66  6.09444e-16  1.23447e-17
      5360.40  6.00353e-16  1.22500e-17
      5363.14  6.27029e-16  1.35411e-17
      5365.88  6.16809e-16  1.24984e-17
      5368.62  6.19571e-16  1.20487e-17
      5371.36  6.08969e-16  1.18873e-17
      5374.10  6.09045e-16  1.23915e-17
      5376.84  5.97886e-16  1.24481e-17
      5379.58  6.30625e-16  1.23653e-17
      5382.31  6.20789e-16  1.21197e-17
      5385.05  6.34918e-16  1.26672e-17
      5387.79  6.35802e-16  1.23948e-17
      5390.53  6.05979e-16  1.18879e-17
      5393.27  6.45395e-16  1.22586e-17
      5396.01  6.35851e-16  1.21557e-17
      5398.75  6.40307e-16  1.27696e-17
      5401.49  6.15995e-16  1.35501e-17
      5404.22  5.88144e-16  1.25977e-17
      5406.96  6.02409e-16  1.21846e-17
      5409.70  5.86908e-16  1.23895e-17
      5412.44  5.71141e-16  1.17631e-17
      5415.18  5.58135e-16  1.15233e-17
      5417.92  5.41994e-16  1.20768e-17
      5420.66  5.49455e-16  1.15071e-17
      5423.39  4.92427e-16  1.23516e-17
      5426.13  6.02380e-16  2.19836e-17
      5428.87  5.23154e-16  1.14739e-17
      5431.61  4.59796e-16  1.11205e-17
      5434.35  4.79628e-16  1.10986e-17
      5437.09  4.40674e-16  1.08598e-17
      5439.82  4.62201e-16  1.11472e-17
      5442.56  4.51401e-16  1.11224e-17
      5445.30  4.51534e-16  1.07217e-17
      5448.04  4.24058e-16  1.08346e-17
      5450.78  4.19629e-16  1.12496e-17
      5453.51  4.22051e-16  1.10922e-17
      5456.25  4.16848e-16  1.03830e-17
      5458.99  4.16134e-16  1.05087e-17
      5461.73  4.04116e-16  1.03427e-17
      5464.47  4.00424e-16  1.04938e-17
      5467.20  3.87627e-16  1.03390e-17
      5469.94  4.08911e-16  1.03432e-17
      5472.68  3.93400e-16  1.14986e-17
      5475.42  4.11768e-16  1.05127e-17
      5478.15  4.15287e-16  1.05663e-17
      5480.89  3.97109e-16  1.02409e-17
      5483.63  4.05424e-16  1.03782e-17
      5486.37  4.16969e-16  1.08024e-17
      5489.10  4.15755e-16  1.10579e-17
      5491.84  4.22017e-16  1.13348e-17
      5494.58  3.98446e-16  1.10381e-17
      5497.32  4.10010e-16  1.08844e-17
      5500.05  4.25517e-16  1.06917e-17
      5502.79  4.14089e-16  1.11505e-17
      5505.53  4.27050e-16  1.09058e-17
      5508.27  4.28775e-16  1.07313e-17
      5511.00  4.36332e-16  1.07742e-17
      5513.74  4.11233e-16  1.04637e-17
      5516.48  4.06957e-16  1.06298e-17
      5519.21  4.31332e-16  1.07064e-17
      5521.95  4.32245e-16  1.06974e-17
      5524.69  4.37683e-16  1.08273e-17
      5527.42  4.46884e-16  1.42733e-17
      5530.16  4.51568e-16  1.08727e-17
      5532.90  4.26543e-16  1.13474e-17
      5535.63  4.62775e-16  1.12377e-17
      5538.37  4.67534e-16  1.10633e-17
      5541.11  4.63752e-16  1.09345e-17
      5543.85  4.64858e-16  1.10748e-17
      5546.58  4.61775e-16  1.13807e-17
      5549.32  4.50698e-16  1.11767e-17
      5552.05  4.49948e-16  1.08211e-17
      5554.79  4.51311e-16  1.18299e-17
      5557.53  4.52674e-16  2.72010e-17
      5560.26  4.54036e-16  1.07140e-17
      5563.00  4.55399e-16  1.09282e-17
      5565.74  4.35010e-16  1.16191e-17
      5568.47  4.58319e-16  1.10569e-17
      5571.21  4.73293e-16  1.12569e-17
      5573.95  4.36472e-16  1.16246e-17
      5576.68  4.40350e-16  1.10288e-17
      5579.42  4.66713e-16  1.11888e-17
      5582.15  4.76009e-16  1.10151e-17
      5584.89  4.88775e-16  1.13410e-17
      5587.63  4.63306e-16  1.09630e-17
      5590.36  4.43954e-16  1.08928e-17
      5593.10  4.34141e-16  1.10223e-17
      5595.83  4.02776e-16  1.12002e-17
      5598.57  4.08996e-16  1.13787e-17
      5601.31  4.57579e-16  1.69839e-17
      5604.04  4.32440e-16  1.07068e-17
      5606.78  4.34322e-16  1.09311e-17
      5609.51  4.12537e-16  1.21198e-17
      5612.25  4.48985e-16  1.32767e-17
      5614.99  3.95690e-16  1.03288e-17
      5617.72  3.71999e-16  1.00675e-17
      5620.46  3.77265e-16  1.02680e-17
      5623.19  3.90053e-16  1.04059e-17
      5625.93  3.62223e-16  1.00735e-17
      5628.66  3.72896e-16  1.03777e-17
      5631.40  3.65074e-16  1.09480e-17
      5634.13  3.78723e-16  1.06784e-17
      5636.87  3.50388e-16  1.04423e-17
      5639.60  3.65165e-16  1.77535e-17
      5642.34  3.63989e-16  1.12134e-17
      5645.07  3.24237e-16  1.00466e-17
      5647.81  3.36956e-16  9.84691e-18
      5650.54  3.33690e-16  1.06002e-17
      5653.28  3.37283e-16  9.90644e-18
      5656.02  3.54657e-16  1.03463e-17
      5658.75  3.38194e-16  1.04016e-17
      5661.48  3.75220e-16  1.12366e-17
      5664.22  3.60284e-16  1.13227e-17
      5666.95  3.79905e-16  1.10246e-17
      5669.69  3.76831e-16  1.03263e-17
      5672.42  3.85901e-16  1.02853e-17
      5675.16  3.70205e-16  1.02751e-17
      5677.89  3.71185e-16  1.02892e-17
      5680.63  4.04133e-16  1.06085e-17
      5683.36  4.07427e-16  1.05835e-17
      5686.10  4.02091e-16  1.06459e-17
      5688.83  4.08490e-16  1.05757e-17
      5691.57  4.23104e-16  1.33486e-17
      5694.30  4.39185e-16  1.40344e-17
      5697.04  4.54717e-16  1.16982e-17
      5699.77  4.33813e-16  1.24696e-17
      5702.50  6.59525e-16  3.52033e-17
