      2889.49 -6.52382e-15  2.81726e-15
      2892.24 -3.67142e-15  1.76469e-15
      2894.98  1.93252e-15  1.57625e-15
      2897.73 -3.77858e-16  1.13541e-15
      2900.47  1.57375e-15  9.71189e-16
      2903.22 -3.12606e-16  9.65394e-16
      2905.96  4.07040e-16  8.52832e-16
      2908.71 -2.53177e-17  6.93858e-16
      2911.45 -1.61699e-16  1.39144e-15
      2914.20 -2.98080e-16  9.95854e-16
      2916.94 -4.34461e-16  4.92487e-16
      2919.69 -1.30011e-16  4.15241e-16
      2922.43  3.72809e-16  3.91301e-16
      2925.18 -4.15538e-16  3.61179e-16
      2927.92 -2.70885e-16  4.22060e-16
      2930.67 -3.83050e-16  2.64442e-16
      2933.41 -7.77285e-16  4.18405e-16
      2936.16 -6.00247e-16  4.00340e-16
      2938.90 -3.83095e-16  1.27531e-15
      2941.65 -1.65962e-16  1.52524e-16
      2944.39  5.11899e-17  1.53100e-16
      2947.14  4.60883e-17  1.42627e-16
      2949.88  1.37656e-16  1.45729e-16
      2952.63  1.45204e-16  1.14463e-16
      2955.37  6.09616e-17  1.00575e-16
      2958.12  1.15419e-17  8.80192e-17
      2960.86 -9.59426e-17  1.48494e-16
      2963.61  5.37886e-17  7.48533e-17
      2966.35  2.66985e-17  6.96451e-17
      2969.10 -1.13518e-16  6.51763e-17
      2971.84  8.31817e-17  6.22186e-17
      2974.59  4.01412e-17  6.47752e-17
      2977.34  2.42433e-17  6.38403e-17
      2980.08 -4.50525e-18  6.19402e-17
      2982.83  5.19383e-17  6.26664e-17
      2985.57  5.07325e-17  6.82518e-17
      2988.32  4.95267e-17  1.18690e-16
      2991.06  4.83208e-17  5.49330e-17
      2993.81  4.71150e-17  6.08619e-17
      2996.55 -1.21407e-16  6.27286e-17
      2999.30  5.60381e-17  5.17547e-17
      3002.04 -2.78320e-17  5.39326e-17
      3004.79  8.36560e-17  5.70786e-17
      3007.54  1.91916e-16  1.60848e-16
      3010.28  8.55554e-17  5.50192e-17
      3013.03  7.75057e-17  5.30548e-17
      3015.77  6.94559e-17  5.25373e-17
      3018.52  6.14061e-17  2.47378e-16
      3021.26  5.33556e-17  4.91531e-17
      3024.01  2.54072e-17  4.33900e-17
      3026.76  3.10813e-17  4.46979e-17
      3029.50  4.63994e-17  4.43311e-17
      3032.25  5.23142e-17  4.36203e-17
      3034.99  3.77524e-17  4.42402e-17
      3037.74 -2.81236e-18  4.23786e-17
      3040.48 -2.02097e-17  6.74598e-17
      3043.23  3.94219e-17  4.30325e-17
      3045.98  6.56987e-18  3.95439e-17
      3048.72  4.28191e-17  3.80752e-17
      3051.47  2.72164e-17  4.16924e-17
      3054.21  8.85261e-18  3.65882e-17
      3056.96  1.67230e-17  3.66426e-17
      3059.71  8.12242e-17  5.41060e-17
      3062.45  5.48370e-17  3.64644e-17
      3065.20  1.57489e-17  3.52163e-17
      3067.94  4.84086e-17  3.67061e-17
      3070.69  5.17186e-17  3.43404e-17
      3073.44  6.40307e-17  3.41032e-17
      3076.18  2.67440e-17  3.34808e-17
      3078.93  4.78834e-17  3.71497e-17
      3081.67  5.66148e-17  3.90919e-17
      3084.42  4.58415e-17  9.42835e-17
      3087.17  1.36205e-16  3.52851e-17
      3089.91  9.91529e-18  5.76909e-17
      3092.66  1.39122e-17  3.86856e-17
      3095.40  4.02572e-17  5.74356e-17
      3098.15 -1.98565e-17  6.64786e-17
      3100.90  7.15703e-17  3.31154e-17
      3103.64  2.95620e-17  3.13501e-17
      3106.39  2.01805e-17  3.86580e-17
      3109.14  5.23598e-17  3.37565e-17
      3111.88  5.90373e-17  3.37183e-17
      3114.63  1.35076e-16  3.50559e-17
      3117.37  4.53355e-17  7.30733e-17
      3120.12  8.84051e-17  3.26001e-17
      3122.87  5.86027e-17  3.05208e-17
      3125.61  9.21216e-17  3.10250e-17
      3128.36  6.51869e-17  3.24716e-17
      3131.11 -3.17252e-17  3.33636e-17
      3133.85  8.55614e-17  3.03565e-17
      3136.60  4.60004e-17  4.02721e-17
      3139.35  8.83950e-17  3.65721e-17
      3142.09  6.31828e-17  2.38119e-16
      3144.84  3.79729e-17  5.24158e-17
      3147.58  1.27608e-17  4.21607e-17
      3150.33 -1.24514e-17  3.72596e-17
      3153.08 -3.76635e-17  3.32371e-17
      3155.82  1.17561e-16  4.25377e-17
      3158.57  3.72366e-17  3.07826e-17
      3161.32  1.51739e-16  4.20877e-17
      3164.06 -6.57925e-18  5.62174e-17
      3166.81  9.33807e-17  2.98684e-17
      3169.56  9.12034e-17  3.37210e-17
      3172.30  8.19485e-17  2.90476e-17
      3175.05  4.89795e-17  3.34350e-17
      3177.80  7.94949e-17  3.04335e-17
      3180.54  5.58391e-17  3.44459e-17
      3183.29  6.87576e-17  2.71341e-17
      3186.04  5.63535e-17  2.71373e-17
      3188.78  7.97111e-17  5.28425e-17
      3191.53  1.03069e-16  2.82346e-17
      3194.28  4.31276e-17  2.57200e-17
      3197.02  3.12047e-17  2.71050e-17
      3199.77  8.37128e-17  2.76833e-17
      3202.52  4.13902e-17  2.57724e-17
      3205.27  4.83566e-17  2.49750e-17
      3208.01  5.58324e-17  3.03678e-17
      3210.76  1.07046e-17  2.65771e-17
      3213.51  8.16441e-17  2.54490e-17
      3216.25  6.92147e-17  2.99614e-17
      3219.00  4.90675e-17  2.45751e-17
      3221.75  2.89594e-17  2.56266e-17
      3224.49  6.23188e-17  2.48990e-17
      3227.24  1.63438e-17  3.42530e-17
      3229.99  5.95236e-17  2.44751e-17
      3232.73  6.12438e-17  2.35118e-17
      3235.48  6.84897e-17  2.45775e-17
      3238.23  9.32021e-17  2.50451e-17
      3240.98  7.85446e-17  5.07815e-17
      3243.72  6.38871e-17  2.50901e-17
      3246.47  5.40933e-17  2.28208e-17
      3249.22  3.23794e-17  2.44603e-17
      3251.96  5.20208e-17  2.52956e-17
      3254.71  1.19176e-17  2.37101e-17
      3257.46  6.21917e-17  3.00298e-17
      3260.21  1.00382e-16  2.51722e-17
      3262.95  8.04277e-17  2.35316e-17
      3265.70  3.95432e-17  2.29016e-17
      3268.45  6.14525e-17  2.51748e-17
      3271.19  3.29073e-17  2.14436e-17
      3273.94  1.09259e-16  2.63722e-17
      3276.69  2.48185e-17  2.49181e-17
      3279.44  7.14611e-17  2.19887e-17
      3282.18  1.01226e-16  2.42467e-17
      3284.93  6.84166e-17  2.67274e-17
      3287.68  1.04196e-16  2.71430e-17
      3290.43  8.34643e-17  2.18095e-17
      3293.17  6.77755e-17  2.16547e-17
      3295.92  8.20718e-17  2.52278e-17
      3298.67  6.75187e-17  2.22497e-17
      3301.41  9.03568e-17  2.20313e-17
      3304.16  5.73714e-17  2.26630e-17
      3306.91  6.14839e-17  2.13804e-17
      3309.66  6.28343e-17  2.11209e-17
      3312.40  8.22768e-17  2.18996e-17
      3315.15  9.03925e-17  2.41603e-17
      3317.90  7.34672e-17  2.42100e-17
      3320.65  9.50484e-17  2.37349e-17
      3323.39  1.17686e-16  2.16072e-17
      3326.14  5.57338e-17  3.27510e-17
      3328.89  7.99098e-17  2.21190e-17
      3331.64  7.66667e-17  2.24670e-17
      3334.38  7.96608e-17  2.35951e-17
      3337.13  7.76009e-17  2.22851e-17
      3339.88  1.21080e-16  2.20619e-17
      3342.63  6.77946e-17  2.09911e-17
      3345.37  7.42919e-17  2.16487e-17
      3348.12  5.50929e-17  2.39167e-17
      3350.87  7.49414e-17  2.09192e-16
      3353.62  9.47899e-17  1.98426e-17
      3356.36  1.14638e-16  2.10090e-17
      3359.11  9.89515e-17  3.30714e-17
      3361.86 -5.47335e-18  2.24130e-17
      3364.61  1.06936e-16  2.35569e-17
      3367.35  1.07706e-16  2.03695e-17
      3370.10  7.12417e-17  1.92266e-17
      3372.85  9.64078e-17  1.99872e-17
      3375.60  1.11198e-16  1.97285e-17
      3378.34  9.64753e-17  2.03765e-17
      3381.09  9.62174e-17  2.03517e-17
      3383.84  9.59595e-17  1.98281e-17
      3386.59  9.57016e-17  2.12890e-17
      3389.34  9.54437e-17  2.86717e-17
      3392.08  9.51858e-17  1.70824e-16
      3394.83  9.49279e-17  2.12721e-17
      3397.58  9.46700e-17  3.04779e-17
      3400.33  8.72633e-17  2.79295e-17
      3403.07  1.17096e-16  1.92219e-17
      3405.82  1.23926e-16  1.94575e-17
      3408.57  1.24753e-16  1.93908e-17
      3411.32  1.25581e-16  2.14357e-17
      3414.07  1.26409e-16  4.79231e-17
      3416.81  1.27237e-16  2.04323e-17
      3419.56  1.28064e-16  2.61888e-17
      3422.31  1.28892e-16  4.26181e-17
      3425.06  1.29720e-16  2.26578e-17
      3427.81  1.30547e-16  2.04388e-17
      3430.55  9.20579e-17  2.05832e-17
      3433.30  8.69204e-17  2.16075e-17
      3436.05  1.18960e-16  2.90486e-17
      3438.80  1.50999e-16  3.34360e-17
      3441.54  7.46375e-17  1.82934e-17
      3444.29  6.80000e-17  1.77729e-17
      3447.04  9.96187e-17  1.83964e-17
      3449.79  7.76776e-17  1.91163e-17
      3452.54  7.78391e-17  3.71144e-17
      3455.28  7.80007e-17  1.99400e-17
      3458.03  7.81623e-17  1.73445e-17
      3460.78  8.79641e-17  1.78558e-17
      3463.53  7.27421e-17  1.86792e-17
      3466.28  7.23391e-17  1.74635e-17
      3469.02  4.96092e-17  1.79038e-17
      3471.77  7.83047e-17  1.84282e-17
      3474.52  8.99214e-17  1.80680e-17
      3477.27  4.88603e-17  1.92745e-17
      3480.02  4.49765e-17  1.73884e-17
      3482.76  6.56324e-17  1.68932e-17
      3485.51  6.52708e-17  1.69318e-17
      3488.26  4.40542e-17  1.64166e-17
      3491.01  8.02068e-17  1.75280e-17
      3493.76  1.21404e-16  2.10898e-17
      3496.51  1.24635e-17  1.81725e-17
      3499.25  3.69443e-17  2.12386e-17
      3502.00  6.06912e-17  1.95133e-17
      3504.75  4.46586e-17  1.72414e-17
      3507.50  7.29356e-17  2.11554e-17
      3510.25  6.21205e-17  1.58018e-17
      3512.99  6.21913e-17  1.70279e-17
      3515.74  6.13174e-17  1.68458e-17
      3518.49  5.23257e-17  1.92618e-17
      3521.24  8.42439e-17  1.65969e-17
      3523.99  6.70051e-17  1.76120e-17
      3526.73  9.98483e-17  1.81968e-17
      3529.48  6.31031e-17  1.89207e-17
      3532.23  8.44229e-17  1.73719e-17
      3534.98  9.52747e-17  1.65782e-17
      3537.73  1.53412e-17  3.37243e-17
      3540.48  6.01446e-17  1.78904e-17
      3543.22  8.14183e-17  1.82553e-17
      3545.97  4.32387e-17  1.86295e-17
      3548.72  4.60225e-17  2.65010e-17
      3551.47  1.07084e-16  1.66340e-17
      3554.22  8.16015e-17  1.64898e-17
      3556.97  1.01455e-16  2.28480e-17
      3559.71  8.04179e-17  1.60796e-17
      3562.46  7.96049e-17  1.62931e-17
      3565.21  7.42316e-17  1.92254e-17
      3567.96  7.40665e-17  1.78457e-17
      3570.71  1.03102e-16  1.74321e-17
      3573.46  8.86678e-17  1.60933e-17
      3576.20  5.27474e-17  1.82776e-17
      3578.95  1.21506e-16  1.73780e-17
      3581.70  4.56813e-17  1.72578e-17
      3584.45  1.05882e-16  2.05115e-17
      3587.20  8.07024e-17  2.09768e-17
      3589.95  1.14213e-16  1.61071e-17
      3592.69  9.74291e-17  1.57040e-17
      3595.44  8.39715e-17  1.72531e-17
      3598.19  1.21385e-16  1.71944e-17
      3600.94  9.73611e-17  1.63292e-17
      3603.69  8.88474e-17  1.83215e-17
      3606.44  7.19840e-17  2.34578e-17
      3609.18  1.08763e-16  1.92824e-17
      3611.93  8.01899e-17  2.02263e-17
      3614.68  8.19196e-17  2.22819e-17
      3617.43  1.12814e-16  1.85146e-17
      3620.18  8.42709e-17  1.78781e-17
      3622.93  9.04262e-17  1.54099e-17
      3625.67  1.27454e-16  2.16161e-17
      3628.42  8.94765e-17  2.05335e-17
      3631.17  1.33298e-16  1.64832e-17
      3633.92  1.15459e-16  3.86676e-17
      3636.67  9.76175e-17  1.63485e-17
      3639.42  7.97765e-17  1.56959e-17
      3642.17  1.10889e-16  1.53592e-17
      3644.91  9.58628e-17  1.63026e-17
      3647.66  1.21452e-16  1.57370e-17
      3650.41  8.78952e-17  1.47199e-17
      3653.16  1.03682e-16  1.54115e-17
      3655.91  5.06592e-17  2.73977e-17
      3658.66  1.13365e-16  1.57321e-17
      3661.40  7.85723e-17  1.67958e-17
      3664.15  8.51031e-17  1.48636e-17
      3666.90  6.74611e-17  2.08831e-17
      3669.65  1.06850e-16  1.46827e-17
      3672.40  1.06894e-16  1.55287e-17
      3675.15  1.06937e-16  3.42028e-17
      3677.90  1.06981e-16  4.45377e-17
      3680.64  1.07025e-16  1.47963e-17
      3683.39  1.07069e-16  1.60945e-17
      3686.14  1.18599e-16  2.03750e-17
      3688.89  9.03834e-17  1.41031e-17
      3691.64  1.10183e-16  1.43715e-17
      3694.39  1.29779e-16  1.53327e-17
      3697.14  1.45082e-16  1.67298e-17
      3699.88  1.27292e-16  2.57909e-17
      3702.63  1.19190e-16  1.72785e-16
      3705.38  1.11088e-16  1.99822e-17
      3708.13  1.24771e-16  2.11668e-17
      3710.88  1.12416e-16  1.58390e-17
      3713.63  1.16670e-16  1.56511e-17
      3716.38  1.26176e-16  1.41019e-17
      3719.12  1.13564e-16  1.36713e-17
      3721.87  1.22388e-16  1.49702e-17
      3724.62  1.24719e-16  1.45665e-17
      3727.37  1.09941e-16  1.36856e-17
      3730.12  1.53515e-16  1.43184e-17
      3732.87  1.43573e-16  1.53208e-17
      3735.62  1.51453e-16  2.09298e-17
      3738.36  1.41253e-16  1.38625e-17
      3741.11  1.68338e-16  1.58946e-17
      3743.86  1.47228e-16  1.43558e-17
      3746.61  1.28523e-16  1.45131e-17
      3749.36  1.52408e-16  1.43675e-17
      3752.11  1.49912e-16  1.44720e-17
      3754.86  8.87451e-17  2.74852e-17
      3757.60  1.06092e-16  2.92466e-17
      3760.35  9.67765e-17  1.40065e-17
      3763.10  8.74619e-17  3.38585e-17
      3765.85  1.51872e-16  1.42979e-17
      3768.60  1.65183e-16  1.82464e-17
      3771.35  1.54346e-16  1.58712e-17
      3774.10  1.78527e-16  1.39449e-17
      3776.85  1.63245e-16  1.51881e-17
      3779.59  1.38352e-16  1.31482e-17
      3782.34  1.69237e-16  3.06279e-17
      3785.09  1.73115e-16  1.38487e-17
      3787.84  1.68829e-16  1.44376e-17
      3790.59  1.71087e-16  2.20240e-17
      3793.34  1.78154e-16  1.37000e-17
      3796.09  1.68434e-16  1.83716e-17
      3798.83  1.93142e-16  1.29806e-17
      3801.58  1.90494e-16  1.28640e-17
      3804.33  2.22694e-16  1.47294e-17
      3807.08  1.93153e-16  1.34391e-17
      3809.83  2.20245e-16  1.41491e-17
      3812.58  2.37542e-16  1.51046e-17
      3815.33  2.02098e-16  1.29294e-17
      3818.07  2.02140e-16  1.32591e-17
      3820.82  2.84960e-16  1.40261e-17
      3823.57  1.76803e-16  1.27785e-17
      3826.32  2.01450e-16  1.28816e-17
      3829.07  1.96334e-16  1.33583e-17
      3831.82  1.86088e-16  1.34149e-17
      3834.57  2.05351e-16  1.32465e-17
      3837.32  1.87407e-16  1.22062e-17
      3840.06  1.87149e-16  1.31013e-17
      3842.81  2.04946e-16  1.31663e-17
      3845.56  1.72319e-16  1.42365e-17
      3848.31  1.36394e-16  1.70593e-17
      3851.06  1.89857e-16  1.26761e-17
      3853.81  1.58053e-16  1.85401e-17
      3856.56  1.77507e-16  1.18425e-17
      3859.30  1.96475e-16  1.22731e-17
      3862.05  1.93157e-16  1.48074e-17
      3864.80  1.73446e-16  1.18677e-17
      3867.55  2.01377e-16  1.34114e-17
      3870.30  1.91444e-16  1.22085e-17
      3873.05  2.36835e-16  3.47037e-17
      3875.80  1.84694e-16  1.14356e-17
      3878.55  2.23830e-16  1.20908e-17
      3881.29  1.91467e-16  2.25599e-17
      3884.04  1.96904e-16  1.15021e-17
      3886.79  1.90562e-16  1.17097e-17
      3889.54  1.84137e-16  1.14905e-17
      3892.29  1.87735e-16  1.14198e-17
      3895.04  1.63324e-16  1.11768e-17
      3897.79  1.93261e-16  1.14213e-17
      3900.54  2.19032e-16  1.27466e-17
      3903.28  1.75857e-16  1.09053e-17
      3906.03  1.78377e-16  1.09144e-17
      3908.78  1.80293e-16  1.08886e-17
      3911.53  2.01977e-16  1.70654e-17
      3914.28  1.52554e-16  1.06483e-17
      3917.03  1.62189e-16  1.13753e-17
      3919.78  1.58902e-16  1.75002e-17
      3922.52  1.55615e-16  1.13959e-17
      3925.27  1.52329e-16  1.15928e-17
      3928.02  1.50673e-16  1.05272e-17
      3930.77  1.15661e-16  1.17989e-17
      3933.52  1.21183e-16  9.83868e-18
      3936.27  1.31292e-16  1.12449e-17
      3939.02  1.23615e-16  1.17525e-17
      3941.76  9.75280e-17  9.79993e-18
      3944.51  1.17692e-16  9.78133e-18
      3947.26  1.19538e-16  9.58506e-18
      3950.01  9.46324e-17  9.23246e-18
      3952.76  9.08959e-17  1.85078e-17
      3955.51  8.83709e-17  9.74930e-18
      3958.26  1.01205e-16  9.59002e-18
      3961.01  7.70851e-17  9.12475e-18
      3963.75  6.88858e-17  9.12279e-18
      3966.50  9.11293e-17  9.30715e-18
      3969.25  7.33261e-17  9.59214e-18
      3972.00  1.11124e-16  1.12266e-17
      3974.75  9.18576e-17  1.06921e-17
      3977.50  7.91582e-17  1.80277e-17
      3980.25  9.35208e-17  1.23213e-17
      3982.99  9.33052e-17  9.08746e-18
      3985.74  7.24491e-17  2.33782e-17
      3988.49  7.19801e-17  8.99642e-18
      3991.24  7.48431e-17  8.91213e-18
      3993.99  7.48144e-17  1.33943e-17
      3996.74  9.68209e-17  1.02865e-17
      3999.49  8.23589e-17  1.25097e-17
      4002.23  9.47013e-17  9.49307e-18
      4004.98  9.53117e-17  9.03118e-18
      4007.73  9.43016e-17  9.21477e-18
      4010.48  9.46183e-17  9.31703e-18
      4013.23  1.11985e-16  1.66784e-17
      4015.98  9.85556e-17  1.04373e-17
      4018.73  8.02209e-17  9.82096e-18
      4021.47  1.02910e-16  1.00917e-17
      4024.22  1.02928e-16  8.85519e-18
      4026.97  1.02947e-16  9.57368e-18
      4029.72  1.02966e-16  3.83065e-17
      4032.47  1.02985e-16  8.74459e-18
      4035.22  1.03003e-16  8.75289e-18
      4037.97  8.53064e-17  8.84099e-18
      4040.71  8.89751e-17  1.15495e-17
      4043.46  1.01191e-16  9.12256e-18
      4046.21  1.01349e-16  1.19168e-17
      4048.96  1.01507e-16  1.02778e-17
      4051.71  1.01664e-16  2.96689e-17
      4054.46  1.01822e-16  1.47447e-17
      4057.21  1.01980e-16  8.50174e-18
      4059.95  1.02138e-16  1.60431e-17
      4062.70  1.02296e-16  8.99304e-18
      4065.45  8.77942e-17  8.70504e-18
      4068.20  9.08022e-17  9.17638e-18
      4070.95  8.60375e-17  8.75982e-18
      4073.70  9.49527e-17  9.00774e-18
      4076.44  9.17522e-17  8.82248e-18
      4079.19  1.00251e-16  8.18036e-18
      4081.94  8.88426e-17  9.12097e-18
      4084.69  1.01962e-16  9.12822e-18
      4087.44  1.18543e-16  1.85294e-17
      4090.19  1.13912e-16  8.83020e-18
      4092.94  1.14934e-16  8.58419e-18
      4095.68  1.09172e-16  1.36066e-17
      4098.43  8.70857e-17  1.62596e-17
      4101.18  1.31848e-16  8.85166e-18
      4103.93  1.17458e-16  8.51096e-18
      4106.68  1.36666e-16  9.70699e-18
      4109.43  1.48015e-16  9.18677e-18
      4112.17  1.55687e-16  8.95097e-18
      4114.92  1.44611e-16  8.94816e-18
      4117.67  1.58063e-16  9.67088e-18
      4120.42  1.57105e-16  1.23635e-17
      4123.17  1.67697e-16  9.05882e-18
      4125.92  1.55275e-16  1.33283e-17
      4128.66  1.66836e-16  8.93724e-18
      4131.41  1.47749e-16  9.22966e-18
      4134.16  1.63365e-16  8.96794e-18
      4136.91  1.80809e-16  1.13971e-17
      4139.66  1.94025e-16  1.24417e-17
      4142.41  1.69900e-16  8.85444e-18
      4145.15  2.01347e-16  9.73584e-18
      4147.90  2.00657e-16  9.80665e-18
      4150.65  1.98313e-16  1.33947e-17
      4153.40  2.06401e-16  9.58862e-18
      4156.15  2.21480e-16  9.57458e-18
      4158.90  2.40909e-16  9.55718e-18
      4161.64  2.22304e-16  1.05483e-17
      4164.39  2.19525e-16  1.10215e-17
      4167.14  2.33230e-16  9.73518e-18
      4169.89  2.08791e-16  1.18711e-17
      4172.64  2.18761e-16  9.27133e-18
      4175.39  2.31780e-16  9.82344e-18
      4178.13  2.47912e-16  1.00913e-17
      4180.88  2.17167e-16  1.50466e-17
      4183.63  2.19011e-16  9.50259e-18
      4186.38  2.50888e-16  1.12298e-17
      4189.13  2.51478e-16  9.71915e-18
      4191.88  2.32833e-16  1.06287e-17
      4194.62  2.41123e-16  9.67587e-18
      4197.37  2.61630e-16  1.00004e-17
      4200.12  2.48041e-16  1.20403e-17
      4202.87  2.16505e-16  9.54172e-18
      4205.62  2.45703e-16  9.88405e-18
      4208.36  2.52476e-16  1.12524e-17
      4211.11  2.30972e-16  1.00165e-17
      4213.86  2.30373e-16  1.81762e-17
      4216.61  2.57350e-16  1.24514e-17
      4219.36  2.22292e-16  9.86723e-18
      4222.10  1.99875e-16  1.20815e-17
      4224.85  2.36367e-16  9.49799e-18
      4227.60  2.21330e-16  9.02243e-18
      4230.35  2.08420e-16  8.94857e-18
      4233.10  2.23319e-16  9.73840e-18
      4235.85  2.27152e-16  9.91575e-18
      4238.59  2.24828e-16  9.58133e-18
      4241.34  2.12094e-16  9.20437e-18
      4244.09  1.99616e-16  9.17157e-18
      4246.84  1.96203e-16  1.27475e-17
      4249.59  2.24316e-16  9.30653e-18
      4252.33  2.22184e-16  9.32412e-18
      4255.08  2.18356e-16  9.66082e-18
      4257.83  2.05569e-16  9.05193e-18
      4260.58  1.98692e-16  9.39764e-18
      4263.33  2.17538e-16  9.16652e-18
      4266.07  2.04184e-16  1.59772e-17
      4268.82  1.86785e-16  9.57014e-18
      4271.57  1.98963e-16  8.82147e-18
      4274.32  2.07326e-16  1.02415e-17
      4277.07  2.16880e-16  9.30007e-18
      4279.81  2.02042e-16  8.71554e-18
      4282.56  2.15422e-16  9.05107e-18
      4285.31  2.08021e-16  9.02598e-18
      4288.06  2.01868e-16  8.69248e-18
      4290.80  2.18682e-16  9.00963e-18
      4293.55  2.11902e-16  9.11053e-18
      4296.30  2.12628e-16  8.82505e-18
      4299.05  2.00315e-16  8.87216e-18
      4301.80  2.36701e-16  9.37971e-18
      4304.54  2.33818e-16  9.02470e-18
      4307.29  2.21271e-16  8.92651e-18
      4310.04  2.36483e-16  9.12398e-18
      4312.79  2.45357e-16  9.59847e-18
      4315.54  2.42871e-16  9.60602e-18
      4318.28  2.22536e-16  9.33513e-18
      4321.03  2.16068e-16  2.17805e-17
      4323.78  2.36686e-16  9.12877e-18
      4326.53  2.36394e-16  9.46609e-18
      4329.27  2.32561e-16  9.77244e-18
      4332.02  2.54632e-16  9.25671e-18
      4334.77  2.08393e-16  1.04356e-17
      4337.52  2.29821e-16  9.18083e-18
      4340.27  2.47452e-16  1.41494e-17
      4343.01  2.56463e-16  1.03611e-17
      4345.76  2.68381e-16  9.13653e-18
      4348.51  2.44357e-16  9.18073e-18
      4351.26  2.51354e-16  9.02083e-18
      4354.00  2.48875e-16  8.90053e-18
      4356.75  2.49364e-16  9.14175e-18
      4359.50  2.35178e-16  9.29722e-18
      4362.25  2.67599e-16  9.09743e-18
      4364.99  2.53564e-16  1.04626e-17
      4367.74  2.70108e-16  9.51792e-18
      4370.49  2.68761e-16  1.01483e-17
      4373.24  2.48655e-16  1.01685e-17
      4375.98  2.24341e-16  9.62121e-18
      4378.73  2.53530e-16  9.96369e-18
      4381.48  2.63272e-16  9.24102e-18
      4384.23  2.53922e-16  1.13758e-17
      4386.97  2.46501e-16  8.89607e-18
      4389.72  2.50925e-16  8.92740e-18
      4392.47  2.45309e-16  8.64496e-18
      4395.22  2.22652e-16  8.48366e-18
      4397.96  2.46260e-16  8.83322e-18
      4400.71  2.36037e-16  8.76955e-18
      4403.46  2.42723e-16  9.45259e-18
      4406.21  2.58981e-16  9.29611e-18
      4408.95  2.45970e-16  9.37416e-18
      4411.70  2.44164e-16  9.18685e-18
      4414.45  2.32849e-16  9.19086e-18
      4417.20  2.26901e-16  9.18215e-18
      4419.94  2.47917e-16  8.95592e-18
      4422.69  2.17231e-16  9.92675e-18
      4425.44  2.13404e-16  8.35790e-18
      4428.19  2.54774e-16  9.42251e-18
      4430.93  2.27004e-16  1.14887e-17
      4433.68  2.43303e-16  1.06605e-17
      4436.43  2.01153e-16  1.07404e-17
      4439.17  2.06291e-16  8.32445e-18
      4441.92  1.99300e-16  8.24486e-18
      4444.67  2.20605e-16  8.49783e-18
      4447.42  2.12203e-16  8.96701e-18
      4450.16  2.20357e-16  8.66950e-18
      4452.91  1.93024e-16  8.46183e-18
      4455.66  2.17264e-16  8.47217e-18
      4458.40  1.97346e-16  8.73927e-18
      4461.15  2.04980e-16  1.03630e-17
      4463.90  1.99178e-16  8.23341e-18
      4466.65  2.24408e-16  8.51059e-18
      4469.39  2.11328e-16  8.35633e-18
      4472.14  2.03908e-16  9.85925e-18
      4474.89  2.17030e-16  8.77897e-18
      4477.63  2.20600e-16  1.04226e-17
      4480.38  2.07200e-16  9.69643e-18
      4483.13  2.06655e-16  9.01739e-18
      4485.88  2.12368e-16  8.50246e-18
      4488.62  2.22424e-16  8.31856e-18
      4491.37  1.94058e-16  7.87432e-18
      4494.12  2.00162e-16  8.16139e-18
      4496.86  1.97266e-16  8.64592e-18
      4499.61  1.87465e-16  8.93249e-18
      4502.36  1.82072e-16  7.97215e-18
      4505.10  1.84860e-16  1.08322e-17
      4507.85  2.06749e-16  1.00553e-17
      4510.60  1.84439e-16  8.01007e-18
      4513.34  1.96270e-16  8.50734e-18
      4516.09  1.97310e-16  7.91489e-18
      4518.84  1.94133e-16  8.02485e-18
      4521.58  2.12934e-16  8.90215e-18
      4524.33  1.74663e-16  7.90676e-18
      4527.08  1.99989e-16  8.06140e-18
      4529.83  1.96396e-16  8.09260e-18
      4532.57  1.76558e-16  8.05978e-18
      4535.32  1.66437e-16  7.62685e-18
      4538.07  1.74260e-16  8.58184e-18
      4540.81  1.47631e-16  1.58760e-17
      4543.56  1.52804e-16  1.03402e-17
      4546.31  1.64747e-16  7.87865e-18
      4549.05  1.59776e-16  7.66506e-18
      4551.80  1.75199e-16  7.72418e-18
      4554.55  1.51803e-16  7.45023e-18
      4557.29  1.33356e-16  1.19374e-17
      4560.04  1.58557e-16  7.34541e-18
      4562.79  1.50511e-16  7.55245e-18
      4565.53  1.66739e-16  7.68919e-18
      4568.28  1.47478e-16  7.69675e-18
      4571.02  1.45842e-16  7.16745e-18
      4573.77  1.52375e-16  8.35288e-18
      4576.52  1.61567e-16  7.45745e-18
      4579.26  1.46122e-16  8.69040e-18
      4582.01  1.46030e-16  8.61519e-18
      4584.76  1.52393e-16  7.90842e-18
      4587.50  1.30715e-16  7.10151e-18
      4590.25  1.28067e-16  7.28204e-18
      4593.00  1.33987e-16  7.22964e-18
      4595.74  1.45675e-16  7.87221e-18
      4598.49  1.43367e-16  7.89131e-18
      4601.24  1.22024e-16  7.24347e-18
      4603.98  1.21772e-16  7.41555e-18
      4606.73  1.19450e-16  7.05123e-18
      4609.47  1.08636e-16  6.85327e-18
      4612.22  1.39426e-16  7.38304e-18
      4614.97  1.34973e-16  7.28664e-18
      4617.71  1.18957e-16  7.10581e-18
      4620.46  1.06984e-16  8.12816e-18
      4623.21  1.18140e-16  8.69124e-18
      4625.95  1.22913e-16  7.10925e-18
      4628.70  1.35950e-16  7.41601e-18
      4631.44  1.34701e-16  8.51814e-18
      4634.19  1.31992e-16  7.11094e-18
      4636.94  1.18700e-16  7.01771e-18
      4639.68  1.15667e-16  7.81664e-18
      4642.43  1.34762e-16  7.96449e-18
      4645.17  1.13197e-16  7.50476e-18
      4647.92  1.11622e-16  6.76366e-18
      4650.67  1.23672e-16  7.19652e-18
      4653.41  1.06598e-16  7.12020e-18
      4656.16  1.30090e-16  7.40473e-18
      4658.90  1.22332e-16  7.13066e-18
      4661.65  1.24271e-16  6.99473e-18
      4664.40  1.26211e-16  7.90964e-18
      4667.14  1.28150e-16  3.40652e-17
      4669.89  1.30090e-16  7.42390e-18
      4672.63  1.32030e-16  7.11839e-18
      4675.38  1.25008e-16  6.92268e-18
      4678.13  1.33292e-16  7.13916e-18
      4680.87  1.25372e-16  7.25668e-18
      4683.62  1.37460e-16  7.88087e-18
      4686.36  1.41801e-16  8.04125e-18
      4689.11  1.25380e-16  1.07402e-17
      4691.85  1.40989e-16  8.55347e-18
      4694.60  1.34796e-16  7.21403e-18
      4697.35  1.33910e-16  7.06409e-18
      4700.09  1.56970e-16  7.80731e-18
      4702.84  1.36779e-16  7.80531e-18
      4705.58  1.46958e-16  7.36889e-18
      4708.33  1.59016e-16  7.50825e-18
      4711.07  1.40333e-16  7.27326e-18
      4713.82  1.50951e-16  7.76222e-18
      4716.57  1.54987e-16  7.37762e-18
      4719.31  1.55925e-16  7.49328e-18
      4722.06  1.33061e-16  8.24259e-18
      4724.80  1.66782e-16  7.77315e-18
      4727.55  1.49299e-16  7.51943e-18
      4730.29  1.60779e-16  8.51986e-18
      4733.04  1.68095e-16  8.45220e-18
      4735.78  1.58367e-16  1.07048e-17
      4738.53  1.52003e-16  1.03677e-17
      4741.27  1.70960e-16  9.26231e-18
      4744.02  1.83162e-16  8.38198e-18
      4746.77  1.78003e-16  7.73250e-18
      4749.51  1.75756e-16  7.72557e-18
      4752.26  1.79447e-16  8.16890e-18
      4755.00  1.74907e-16  8.74762e-18
      4757.75  1.62450e-16  8.15246e-18
      4760.49  1.65474e-16  8.21510e-18
      4763.24  1.77961e-16  8.05538e-18
      4765.98  1.72043e-16  8.46832e-18
      4768.73  1.87888e-16  9.90259e-18
      4771.47  1.85061e-16  7.77870e-18
      4774.22  1.83381e-16  7.74658e-18
      4776.96  1.92271e-16  8.88941e-18
      4779.71  1.65615e-16  1.60228e-17
      4782.45  1.96624e-16  8.11706e-18
      4785.20  1.78973e-16  8.12802e-18
      4787.94  1.85043e-16  7.79879e-18
      4790.69  1.92205e-16  7.78036e-18
      4793.43  1.90768e-16  7.99786e-18
      4796.18  1.82279e-16  1.00750e-17
      4798.92  1.82836e-16  7.78428e-18
      4801.67  1.92063e-16  8.16927e-18
      4804.41  1.99130e-16  8.09093e-18
      4807.16  2.01049e-16  7.90945e-18
      4809.90  1.87153e-16  1.30981e-17
      4812.65  1.90310e-16  7.81732e-18
      4815.39  2.12684e-16  8.33585e-18
      4818.14  1.89042e-16  9.81722e-18
      4820.88  2.03572e-16  8.63133e-18
      4823.63  2.17369e-16  1.01592e-17
      4826.37  1.99900e-16  1.03554e-17
      4829.12  2.09712e-16  7.91122e-18
      4831.86  2.07911e-16  8.05970e-18
      4834.60  2.08274e-16  8.02389e-18
      4837.35  1.99326e-16  7.98971e-18
      4840.09  2.18165e-16  8.07561e-18
      4842.84  1.99427e-16  1.16247e-17
      4845.58  1.93292e-16  7.94353e-18
      4848.33  2.12644e-16  8.15170e-18
      4851.07  2.12214e-16  8.97552e-18
      4853.82  2.27844e-16  8.42533e-18
      4856.56  2.12408e-16  8.24702e-18
      4859.31  2.01740e-16  8.16386e-18
      4862.05  2.11878e-16  1.33720e-17
      4864.79  2.15729e-16  9.53049e-18
      4867.54  1.97707e-16  8.03514e-18
      4870.28  1.98962e-16  7.76386e-18
      4873.03  1.85357e-16  8.29814e-18
      4875.77  2.00532e-16  7.88156e-18
      4878.52  1.93905e-16  8.14888e-18
      4881.26  1.93417e-16  8.06923e-18
      4884.00  1.97903e-16  7.87678e-18
      4886.75  2.04413e-16  7.80203e-18
      4889.49  2.01894e-16  7.71111e-18
      4892.24  2.03165e-16  7.93161e-18
      4894.98  1.87959e-16  8.18519e-18
      4897.73  2.02204e-16  8.42144e-18
      4900.47  2.03820e-16  7.93796e-18
      4903.21  2.05803e-16  1.45108e-17
      4905.96  1.89285e-16  7.58060e-18
      4908.70  1.91558e-16  8.10932e-18
      4911.44  2.08393e-16  8.55000e-18
      4914.19  1.82083e-16  7.80987e-18
      4916.93  1.96121e-16  8.01261e-18
      4919.68  1.95277e-16  7.81829e-18
      4922.42  1.93468e-16  7.77688e-18
      4925.16  1.97378e-16  8.02876e-18
      4927.91  1.93335e-16  8.10642e-18
      4930.65  1.77927e-16  7.89764e-18
      4933.40  1.87341e-16  7.58501e-18
      4936.14  1.76174e-16  7.53305e-18
      4938.88  1.79313e-16  8.16640e-18
      4941.63  2.06781e-16  2.44883e-17
      4944.37  2.00393e-16  7.97466e-18
      4947.11  1.91577e-16  7.99665e-18
      4949.86  2.03374e-16  7.77154e-18
      4952.60  1.92331e-16  7.97184e-18
      4955.35  1.81687e-16  1.02642e-17
      4958.09  1.90590e-16  7.42554e-18
      4960.83  1.86871e-16  7.72315e-18
      4963.58  1.81144e-16  7.73028e-18
      4966.32  1.79452e-16  9.76528e-18
      4969.06  2.00202e-16  1.18184e-17
      4971.81  1.77695e-16  7.43438e-18
      4974.55  1.68110e-16  7.34819e-18
      4977.29  1.81448e-16  7.40657e-18
      4980.04  1.79748e-16  7.47331e-18
      4982.78  1.78409e-16  8.73910e-18
      4985.52  1.70774e-16  7.89552e-18
      4988.27  1.95658e-16  8.15437e-18
      4991.01  1.67402e-16  9.15397e-18
      4993.75  1.80904e-16  8.49829e-18
      4996.50  1.87346e-16  8.45894e-18
      4999.24  1.88595e-16  7.44536e-18
      5001.98  1.63282e-16  7.13555e-18
      5004.73  1.86683e-16  7.62152e-18
      5007.47  1.80799e-16  7.49287e-18
      5010.21  1.69259e-16  7.12076e-18
      5012.95  1.64114e-16  7.32845e-18
      5015.70  1.58798e-16  7.43899e-18
      5018.44  1.54608e-16  7.15918e-18
      5021.18  1.70587e-16  7.73766e-18
      5023.93  1.50175e-16  6.99561e-18
      5026.67  1.37648e-16  6.87906e-18
      5029.41  1.47816e-16  7.71182e-18
      5032.15  1.52875e-16  7.09143e-18
      5034.90  1.33692e-16  6.83130e-18
      5037.64  1.26769e-16  6.82888e-18
      5040.38  1.33398e-16  7.01110e-18
      5043.13  1.40801e-16  7.11632e-18
      5045.87  1.33740e-16  6.78178e-18
      5048.61  1.35116e-16  8.52294e-18
      5051.35  1.43539e-16  7.40812e-18
      5054.10  1.46009e-16  7.75324e-18
      5056.84  1.39436e-16  8.48279e-18
      5059.58  1.24891e-16  6.82185e-18
      5062.32  1.32320e-16  6.98383e-18
      5065.07  1.31943e-16  6.78739e-18
      5067.81  1.59320e-16  1.50531e-17
      5070.55  1.47561e-16  8.55105e-18
      5073.29  1.33578e-16  6.70011e-18
      5076.04  1.43170e-16  7.13010e-18
      5078.78  1.38966e-16  7.08322e-18
      5081.52  1.29546e-16  6.61255e-18
      5084.26  1.42126e-16  8.25669e-18
      5087.01  1.24514e-16  6.93224e-18
      5089.75  1.11930e-16  1.43517e-17
      5092.49  1.32086e-16  6.97863e-18
      5095.23  1.32694e-16  6.62162e-18
      5097.97  1.24656e-16  6.78144e-18
      5100.72  1.24743e-16  6.73072e-18
      5103.46  1.17297e-16  7.73975e-18
      5106.20  1.34352e-16  1.60357e-17
      5108.94  1.34242e-16  6.90218e-18
      5111.69  1.43127e-16  6.58866e-18
      5114.43  1.27241e-16  6.62138e-18
      5117.17  1.19375e-16  6.95192e-18
      5119.91  1.47087e-16  8.67160e-18
      5122.65  1.32307e-16  6.86133e-18
      5125.39  1.20189e-16  6.51939e-18
      5128.14  1.20434e-16  6.68684e-18
      5130.88  1.09691e-16  6.75893e-18
      5133.62  9.59148e-17  6.48674e-18
      5136.36  1.12909e-16  7.71400e-18
      5139.10  1.21430e-16  6.51620e-18
      5141.85  1.08696e-16  6.73117e-18
      5144.59  1.07588e-16  6.85166e-18
      5147.33  1.12239e-16  6.84417e-18
      5150.07  1.15880e-16  6.70195e-18
      5152.81  1.09195e-16  1.03265e-17
      5155.55  1.15569e-16  1.30440e-17
      5158.29  8.62029e-17  7.58979e-18
      5161.04  1.02774e-16  7.30536e-18
      5163.78  1.20930e-16  6.63126e-18
      5166.52  1.03595e-16  1.02957e-17
      5169.26  1.13073e-16  6.69072e-18
      5172.00  1.04719e-16  6.47789e-18
      5174.74  9.37398e-17  6.27929e-18
      5177.48  1.00574e-16  9.01285e-18
      5180.23  1.02198e-16  6.45072e-18
      5182.97  1.03822e-16  2.15921e-17
      5185.71  1.05446e-16  6.19929e-18
      5188.45  1.07070e-16  7.71587e-18
      5191.19  1.08694e-16  6.28245e-18
      5193.93  1.00096e-16  6.42036e-18
      5196.67  1.05097e-16  1.10050e-17
      5199.41  9.88177e-17  6.38027e-18
      5202.15  1.23522e-16  6.59161e-18
      5204.90  1.14882e-16  6.54941e-18
      5207.64  1.13024e-16  9.09586e-18
      5210.38  1.24951e-16  6.71471e-18
      5213.12  1.22251e-16  6.64905e-18
      5215.86  1.11914e-16  6.74376e-18
      5218.60  1.28757e-16  6.56752e-18
      5221.34  1.08234e-16  6.58868e-18
      5224.08  1.16783e-16  6.49458e-18
      5226.82  1.30980e-16  8.33393e-18
      5229.56  1.31920e-16  6.90037e-18
      5232.30  1.30139e-16  6.89742e-18
      5235.04  1.36552e-16  6.83814e-18
      5237.79  1.42652e-16  7.11834e-18
      5240.53  1.34380e-16  7.16577e-18
      5243.27  1.39995e-16  6.99894e-18
      5246.01  1.34126e-16  6.80011e-18
      5248.75  1.20267e-16  6.52638e-18
      5251.49  1.30050e-16  6.44096e-18
      5254.23  1.26777e-16  6.66453e-18
      5256.97  1.22330e-16  7.01514e-18
      5259.71  1.35412e-16  8.46423e-18
      5262.45  1.27195e-16  6.56453e-18
      5265.19  1.36803e-16  6.99473e-18
      5267.93  9.90102e-17  8.22570e-18
      5270.67  1.29055e-16  6.61481e-18
      5273.41  1.19543e-16  6.74249e-18
      5276.15  1.21802e-16  6.69119e-18
      5278.89  1.20615e-16  1.01211e-17
      5281.63  1.11846e-16  6.73023e-18
      5284.37  1.07548e-16  6.92933e-18
      5287.11  1.01853e-16  6.32852e-18
      5289.85  9.86991e-17  6.59902e-18
      5292.59  1.14445e-16  6.66104e-18
      5295.33  1.01268e-16  6.99103e-18
      5298.07  1.10067e-16  7.07003e-18
      5300.81  1.06127e-16  7.15115e-18
      5303.55  9.37982e-17  6.62040e-18
      5306.29  9.65856e-17  6.43522e-18
      5309.03  9.30684e-17  6.52398e-18
      5311.77  1.04336e-16  6.69048e-18
      5314.51  9.97958e-17  6.31781e-18
      5317.25  9.20801e-17  6.61478e-18
      5319.99  9.66212e-17  6.52556e-18
      5322.73  9.26401e-17  6.74707e-18
      5325.47  9.84088e-17  6.64757e-18
      5328.21  8.78760e-17  6.20305e-18
      5330.95  1.00967e-16  6.42254e-18
      5333.69  9.32482e-17  6.41421e-18
      5336.42  9.32768e-17  9.77891e-18
      5339.16  9.07983e-17  7.22970e-18
      5341.90  1.02343e-16  6.52672e-18
      5344.64  9.79299e-17  6.38573e-18
      5347.38  8.55396e-17  6.19743e-18
      5350.12  7.87041e-17  1.35943e-17
      5352.86  1.01561e-16  6.65245e-18
      5355.60  8.53670e-17  6.19059e-18
      5358.34  9.26915e-17  6.78847e-18
      5361.08  8.94156e-17  6.49033e-18
      5363.82  9.94139e-17  6.58972e-18
      5366.56  8.78119e-17  6.12042e-18
      5369.29  9.47555e-17  6.60178e-18
      5372.03  1.03452e-16  6.60257e-18
      5374.77  1.02173e-16  6.49679e-18
      5377.51  9.90072e-17  6.57383e-18
      5380.25  1.12616e-16  6.76208e-18
      5382.99  9.86807e-17  6.79711e-18
      5385.73  1.04721e-16  6.27141e-18
      5388.47  1.04655e-16  6.75317e-18
      5391.21  1.10423e-16  6.89684e-18
      5393.94  1.02986e-16  6.42818e-18
      5396.68  1.05355e-16  6.55922e-18
      5399.42  1.17447e-16  8.42012e-18
      5402.16  1.13207e-16  7.62638e-18
      5404.90  1.11472e-16  7.13556e-18
      5407.64  1.12631e-16  7.33688e-18
      5410.38  1.15928e-16  6.60441e-18
      5413.11  9.80413e-17  6.64663e-18
      5415.85  1.15628e-16  6.66371e-18
      5418.59  1.10477e-16  7.18401e-18
      5421.33  1.21296e-16  1.97274e-17
      5424.07  1.16506e-16  6.77323e-18
      5426.81  1.18399e-16  8.30227e-18
      5429.54  1.27079e-16  7.00179e-18
      5432.28  1.14590e-16  7.35253e-18
      5435.02  1.06108e-16  6.88306e-18
      5437.76  1.13713e-16  7.29961e-18
      5440.50  1.26425e-16  7.04132e-18
      5443.23  1.16792e-16  7.33305e-18
      5445.97  1.33125e-16  7.72046e-18
      5448.71  1.38535e-16  7.24330e-18
      5451.45  1.26957e-16  7.00789e-18
      5454.19  1.40901e-16  7.23870e-18
      5456.92  1.37979e-16  7.37732e-18
      5459.66  1.51197e-16  7.55006e-18
      5462.40  1.32265e-16  7.58009e-18
      5465.14  1.37637e-16  7.71155e-18
      5467.87  1.43641e-16  9.16356e-18
      5470.61  1.35551e-16  7.27506e-18
      5473.35  1.43516e-16  7.20226e-18
      5476.09  1.38268e-16  7.24172e-18
      5478.82  1.41026e-16  7.17532e-18
      5481.56  1.43785e-16  6.29872e-17
      5484.30  1.46543e-16  7.58660e-18
      5487.04  1.49301e-16  7.33897e-18
      5489.77  1.52060e-16  7.43418e-18
      5492.51  1.56000e-16  8.08716e-18
      5495.25  1.49444e-16  7.47583e-18
      5497.99  1.56417e-16  8.73434e-18
      5500.72  1.49689e-16  7.48386e-18
      5503.46  1.58227e-16  7.73622e-18
      5506.20  1.62580e-16  7.87196e-18
      5508.94  1.47175e-16  7.25680e-18
      5511.67  1.41820e-16  7.38410e-18
      5514.41  1.62974e-16  7.51121e-18
      5517.15  1.59057e-16  7.27562e-18
      5519.88  1.49195e-16  7.22859e-18
      5522.62  1.55294e-16  1.33277e-17
      5525.36  1.51062e-16  7.29056e-18
      5528.09  1.63374e-16  7.75563e-18
      5530.83  1.54371e-16  7.29366e-18
      5533.57  1.52190e-16  7.38641e-18
      5536.30  1.52933e-16  7.24937e-18
      5539.04  1.53515e-16  7.52144e-18
      5541.78  1.45249e-16  7.50284e-18
      5544.51  1.71734e-16  7.63794e-18
      5547.25  1.58445e-16  7.36435e-18
      5549.99  1.55930e-16  8.34141e-18
      5552.72  1.53416e-16  3.29775e-17
      5555.46  1.50902e-16  7.17192e-18
      5558.20  1.48388e-16  7.37024e-18
      5560.93  1.43817e-16  8.16511e-18
      5563.67  1.48217e-16  7.60704e-18
      5566.41  1.48307e-16  7.55035e-18
      5569.14  1.55061e-16  7.54272e-18
      5571.88  1.49386e-16  7.91419e-18
      5574.61  1.46840e-16  7.79866e-18
      5577.35  1.59681e-16  7.77871e-18
      5580.09  1.39192e-16  8.24692e-18
      5582.82  1.57269e-16  7.93050e-18
      5585.56  1.43638e-16  7.37071e-18
      5588.29  1.21894e-16  8.21994e-18
      5591.03  1.44955e-16  7.23596e-18
      5593.77  1.38185e-16  7.28477e-18
      5596.50  1.26459e-16  1.58354e-17
      5599.24  1.36396e-16  7.49870e-18
      5601.97  1.51436e-16  7.74475e-18
      5604.71  1.31379e-16  9.88321e-18
      5607.44  1.35955e-16  1.15129e-17
      5610.18  1.25552e-16  6.88282e-18
      5612.92  1.27149e-16  6.91740e-18
      5615.65  1.15216e-16  6.98299e-18
      5618.39  1.21355e-16  7.32262e-18
      5621.12  1.28250e-16  7.03473e-18
      5623.86  1.20482e-16  7.20615e-18
      5626.59  1.17169e-16  8.32736e-18
      5629.33  1.34590e-16  8.39464e-18
      5632.06  1.18485e-16  8.10221e-18
      5634.80  9.51277e-17  1.81047e-17
      5637.53  1.37070e-16  7.15666e-18
      5640.27  1.16123e-16  7.78925e-18
      5643.00  1.21226e-16  7.03077e-18
      5645.74  9.90443e-17  9.11647e-18
      5648.48  1.22789e-16  7.10458e-18
      5651.21  1.08728e-16  7.27469e-18
      5653.95  1.07731e-16  7.00909e-18
      5656.68  1.04075e-16  7.22630e-18
      5659.42  1.15604e-16  7.47114e-18
      5662.15  1.06324e-16  7.62459e-18
      5664.88  1.02349e-16  6.95636e-18
      5667.62  1.10923e-16  6.85653e-18
      5670.35  1.00240e-16  6.87271e-18
      5673.09  1.08784e-16  7.11021e-18
      5675.82  9.74569e-17  6.89224e-18
      5678.56  1.09838e-16  6.98232e-18
      5681.29  1.19058e-16  7.21977e-18
      5684.03  1.20517e-16  8.25079e-18
      5686.76  9.78753e-17  1.17099e-17
      5689.50  1.10884e-16  1.05923e-17
      5692.23  1.05531e-16  7.71791e-18
      5694.96  1.00774e-16  6.96181e-18
      5697.70  1.67188e-16  1.08367e-17
