      2888.70 -6.51969e-15  4.50416e-15
      2891.44  4.15756e-15  2.32709e-15
      2894.18 -1.24653e-15  1.76583e-15
      2896.93 -3.03567e-15  1.28429e-15
      2899.67 -1.30463e-15  1.09192e-15
      2902.42  4.06623e-16  1.06139e-15
      2905.16 -1.87209e-15  8.31972e-16
      2907.91 -7.14066e-16  7.57430e-16
      2910.65  2.20031e-15  1.63256e-15
      2913.40  6.09920e-16  7.03561e-16
      2916.14 -1.27402e-15  5.65300e-16
      2918.89  6.15046e-16  4.79611e-16
      2921.64  9.77788e-16  4.42756e-16
      2924.38  2.78789e-16  4.32537e-16
      2927.13 -8.28384e-16  4.90967e-16
      2929.87  1.04928e-15  3.26787e-16
      2932.62 -2.62261e-16  4.39061e-16
      2935.36  5.24632e-16  5.04140e-16
      2938.11 -8.55896e-15  1.23696e-15
      2940.85  4.19671e-16  2.07511e-16
      2943.60 -1.31339e-16  1.92029e-16
      2946.34  5.55214e-17  1.62645e-16
      2949.09  6.30169e-16  1.57192e-16
      2951.83  4.34872e-16  1.19666e-16
      2954.58 -3.83167e-17  1.08095e-16
      2957.32  2.62534e-16  1.06183e-16
      2960.07 -2.52683e-15  3.23407e-16
      2962.81  1.77403e-16  9.28808e-17
      2965.56  1.59436e-16  8.50579e-17
      2968.31  2.87001e-16  7.93130e-17
      2971.05  3.08273e-16  7.34720e-17
      2973.80  6.83947e-17  6.98931e-17
      2976.54  2.09606e-16  6.73040e-17
      2979.29  3.35669e-16  6.87304e-17
      2982.03  2.90001e-17  6.58132e-17
      2984.78  2.13401e-16  8.09777e-17
      2987.52  4.66563e-16  1.55207e-16
      2990.27  3.64528e-16  7.42830e-17
      2993.02  9.83232e-17  7.48583e-17
      2995.76  3.48801e-16  7.24707e-17
      2998.51  4.26347e-16  6.77648e-17
      3001.25  2.37757e-16  7.02493e-17
      3004.00  1.44086e-16  7.21740e-17
      3006.74  1.50979e-16  2.01443e-16
      3009.49  1.57872e-16  6.50548e-17
      3012.24  1.64765e-16  5.71115e-17
      3014.98  1.71658e-16  6.07563e-17
      3017.73  1.78552e-16  2.31863e-16
      3020.47  1.85445e-16  5.60388e-17
      3023.22  1.92338e-16  5.22282e-17
      3025.96  3.52553e-16  5.51438e-17
      3028.71  3.62133e-16  5.44433e-17
      3031.46  2.25686e-16  5.11266e-17
      3034.20  1.97604e-16  5.11972e-17
      3036.95  4.03384e-16  5.49743e-17
      3039.69  2.40870e-16  8.69578e-17
      3042.44  1.40382e-16  4.87702e-17
      3045.19  3.36329e-16  5.02531e-17
      3047.93  3.16032e-16  4.65505e-17
      3050.68  1.50391e-16  5.16460e-17
      3053.42  3.97358e-16  4.93295e-17
      3056.17  3.63739e-16  4.72682e-17
      3058.92  2.49857e-16  5.74329e-17
      3061.66  2.08219e-16  4.77156e-17
      3064.41  3.22025e-16  4.58217e-17
      3067.16  2.59612e-16  4.40892e-17
      3069.90  2.00809e-16  4.07409e-17
      3072.65  1.70792e-16  4.00140e-17
      3075.39  3.41975e-16  4.17595e-17
      3078.14  2.41646e-16  4.49039e-17
      3080.89  2.21318e-16  4.62025e-17
      3083.63  2.13727e-16  6.50717e-17
      3086.38  3.67207e-16  4.16539e-17
      3089.13  2.11853e-16  5.21997e-17
      3091.87  2.02166e-16  4.25064e-17
      3094.62  2.15745e-16  5.92323e-17
      3097.36  2.26963e-16  4.93621e-17
      3100.11  2.05923e-16  4.26363e-17
      3102.86  3.22752e-16  4.04627e-17
      3105.60  3.45661e-16  4.61629e-17
      3108.35  1.73977e-16  3.98864e-17
      3111.10  3.07573e-16  4.25660e-17
      3113.84  3.28331e-16  4.49514e-17
      3116.59  2.58614e-16  8.69858e-17
      3119.34  2.18300e-16  3.99856e-17
      3122.08  2.88230e-16  4.10969e-17
      3124.83  3.20462e-16  3.87356e-17
      3127.58  1.23476e-16  3.82657e-17
      3130.32  2.57729e-16  4.14056e-17
      3133.07  2.42658e-16  3.64589e-17
      3135.82  2.31017e-16  4.25602e-17
      3138.56  2.29853e-16  4.15043e-17
      3141.31  2.28689e-16  2.46359e-16
      3144.06  2.27525e-16  1.27558e-16
      3146.80  2.26361e-16  3.81582e-17
      3149.55  2.25197e-16  4.27520e-17
      3152.30  2.24033e-16  3.72076e-17
      3155.04  2.22869e-16  4.33912e-17
      3157.79  1.66342e-16  3.61275e-17
      3160.54  3.14934e-16  4.52857e-17
      3163.28  1.36498e-16  6.87528e-17
      3166.03  1.39689e-16  3.19031e-17
      3168.78  2.24444e-16  3.77879e-17
      3171.52  4.13236e-16  3.80266e-17
      3174.27  2.74433e-16  4.00779e-17
      3177.02  1.50993e-16  3.80621e-17
      3179.76  2.36375e-16  4.10507e-17
      3182.51  3.03562e-16  3.28826e-17
      3185.26  1.51541e-16  3.16309e-17
      3188.00  1.78184e-16  5.66108e-17
      3190.75  3.43858e-16  3.48990e-17
      3193.50  2.21261e-16  3.10644e-17
      3196.25  1.99941e-16  3.27119e-17
      3198.99  2.67989e-16  3.30350e-17
      3201.74  2.97095e-16  3.25748e-17
      3204.49  2.28044e-16  3.05816e-17
      3207.23  2.46292e-16  3.90200e-17
      3209.98  3.25117e-16  3.34265e-17
      3212.73  2.94632e-16  3.18950e-17
      3215.47  2.30279e-16  3.54702e-17
      3218.22  3.36335e-16  3.25346e-17
      3220.97  2.93845e-16  3.27217e-17
      3223.72  2.77449e-16  3.11441e-17
      3226.46  2.58822e-16  4.02424e-17
      3229.21  3.16300e-16  3.31504e-17
      3231.96  2.52684e-16  3.44358e-17
      3234.70  2.71213e-16  3.85848e-17
      3237.45  3.94836e-16  3.91394e-17
      3240.20  3.16637e-16  5.82364e-17
      3242.95  3.29866e-16  3.56041e-17
      3245.69  3.71087e-16  3.45147e-17
      3248.44  4.35574e-16  3.44566e-17
      3251.19  2.71868e-16  3.09524e-17
      3253.94  2.14223e-16  2.94807e-17
      3256.68  3.74570e-16  3.67764e-17
      3259.43  4.21038e-16  3.10443e-17
      3262.18  2.95029e-16  2.82213e-17
      3264.93  1.99355e-16  3.93862e-17
      3267.67  3.88084e-16  3.26748e-17
      3270.42  3.80079e-16  2.91556e-17
      3273.17  3.33465e-16  3.33089e-17
      3275.91  3.97544e-16  3.32471e-17
      3278.66  4.22382e-16  2.98493e-17
      3281.41  3.30471e-16  3.02870e-17
      3284.16  3.34197e-16  3.34569e-17
      3286.90  4.67969e-16  3.44703e-17
      3289.65  3.87485e-16  2.87684e-17
      3292.40  2.96359e-16  2.72351e-17
      3295.15  3.92035e-16  3.02825e-17
      3297.89  3.92294e-16  2.93431e-17
      3300.64  3.01549e-16  2.77695e-17
      3303.39  3.14803e-16  2.88552e-17
      3306.14  3.74042e-16  2.85183e-17
      3308.88  3.35831e-16  2.74673e-17
      3311.63  2.85307e-16  2.75229e-17
      3314.38  3.80351e-16  2.91657e-17
      3317.13  4.02096e-16  2.79635e-17
      3319.87  3.20138e-16  2.71376e-17
      3322.62  2.78114e-16  2.70356e-17
      3325.37  3.62106e-16  3.77656e-17
      3328.12  3.82873e-16  3.18873e-17
      3330.87  3.11921e-16  2.92740e-17
      3333.61  3.62330e-16  3.04517e-17
      3336.36  3.62453e-16  2.84697e-17
      3339.11  2.16509e-16  2.53546e-17
      3341.86  3.21146e-16  2.72500e-17
      3344.60  3.68278e-16  3.02307e-17
      3347.35  3.56673e-16  3.84286e-17
      3350.10  3.45067e-16  2.87924e-16
      3352.85  3.33463e-16  2.48483e-17
      3355.59  3.21857e-16  2.62498e-17
      3358.34  2.54717e-16  3.80954e-17
      3361.09  1.82012e-16  2.58010e-17
      3363.84  3.34085e-16  3.00499e-17
      3366.59  2.68161e-16  2.51763e-17
      3369.33  1.64800e-16  2.29816e-17
      3372.08  3.24093e-16  2.67137e-17
      3374.83  3.43557e-16  2.67076e-17
      3377.58  2.07114e-16  2.45600e-17
      3380.33  2.41311e-16  2.48536e-17
      3383.07  3.38319e-16  2.53473e-17
      3385.82  3.15694e-16  2.56805e-17
      3388.57  2.93070e-16  3.36659e-17
      3391.32  2.70444e-16  1.61645e-16
      3394.06  2.47819e-16  2.56873e-17
      3396.81  2.25193e-16  3.47822e-17
      3399.56  2.64074e-16  3.43559e-17
      3402.31  2.88637e-16  2.55769e-17
      3405.06  2.53734e-16  2.28445e-17
      3407.80  2.31452e-16  2.27777e-17
      3410.55  2.55493e-16  2.59266e-17
      3413.30  1.83766e-16  5.16563e-17
      3416.05  2.23636e-16  2.31596e-17
      3418.80  1.65104e-16  2.72990e-17
      3421.54  3.04130e-16  4.79082e-17
      3424.29  2.28439e-16  2.55084e-17
      3427.04  2.18639e-16  2.30105e-17
      3429.79  3.04149e-16  2.66446e-17
      3432.54  2.97352e-16  2.80871e-17
      3435.28  2.76388e-16  3.97674e-17
      3438.03  2.76852e-16  3.68110e-17
      3440.78  2.88576e-16  2.35697e-17
      3443.53  2.51198e-16  2.26256e-17
      3446.28  2.10013e-16  2.16984e-17
      3449.03  3.08908e-16  2.41466e-17
      3451.77  2.99304e-16  4.21382e-17
      3454.52  2.66739e-16  2.43198e-17
      3457.27  2.56496e-16  2.23918e-17
      3460.02  3.17991e-16  2.31166e-17
      3462.77  3.16561e-16  2.38952e-17
      3465.51  2.60050e-16  2.19480e-17
      3468.26  3.20522e-16  2.32779e-17
      3471.01  3.19418e-16  2.40861e-17
      3473.76  2.38656e-16  2.18894e-17
      3476.51  2.76668e-16  2.23562e-17
      3479.26  3.48065e-16  2.30408e-17
      3482.00  3.16961e-16  2.23034e-17
      3484.75  3.01025e-16  2.21040e-17
      3487.50  3.32877e-16  2.23921e-17
      3490.25  3.45327e-16  2.29139e-17
      3493.00  3.42977e-16  2.57858e-17
      3495.75  2.87637e-16  2.22918e-17
      3498.49  3.41801e-16  2.65469e-17
      3501.24  3.59351e-16  2.37632e-17
      3503.99  2.87381e-16  2.15596e-17
      3506.74  2.80997e-16  2.55085e-17
      3509.49  3.99039e-16  2.25041e-17
      3512.24  3.04647e-16  2.35596e-17
      3514.98  3.35453e-16  2.31832e-17
      3517.73  3.99715e-16  2.64663e-17
      3520.48  3.48886e-16  2.20821e-17
      3523.23  3.29186e-16  2.27657e-17
      3525.98  3.76867e-16  2.28841e-17
      3528.73  3.60745e-16  2.41238e-17
      3531.47  3.20002e-16  2.22797e-17
      3534.22  3.01618e-16  2.20849e-17
      3536.97  2.85575e-16  3.88706e-17
      3539.72  3.67206e-16  2.22570e-17
      3542.47  2.87512e-16  2.12415e-17
      3545.22  3.66521e-16  2.21851e-17
      3547.96  3.95677e-16  2.71085e-17
      3550.71  3.44371e-16  2.16146e-17
      3553.46  3.52092e-16  2.19039e-17
      3556.21  4.17953e-16  2.89406e-17
      3558.96  4.07728e-16  2.29635e-17
      3561.71  3.67186e-16  2.20679e-17
      3564.46  3.84873e-16  2.44853e-17
      3567.20  4.15093e-16  2.30080e-17
      3569.95  3.53790e-16  2.14790e-17
      3572.70  3.84772e-16  2.23332e-17
      3575.45  3.93263e-16  2.59860e-17
      3578.20  4.05526e-16  2.38195e-17
      3580.95  3.82703e-16  2.21327e-17
      3583.69  3.98566e-16  2.42747e-17
      3586.44  4.74598e-16  2.54704e-17
      3589.19  3.80776e-16  2.37834e-17
      3591.94  4.05507e-16  2.39015e-17
      3594.69  4.99107e-16  2.47884e-17
      3597.44  4.11684e-16  2.32537e-17
      3600.19  3.67059e-16  2.10864e-17
      3602.93  4.44596e-16  2.45192e-17
      3605.68  4.10148e-16  2.90958e-17
      3608.43  4.63257e-16  2.52631e-17
      3611.18  4.51548e-16  2.69067e-17
      3613.93  4.68534e-16  2.84620e-17
      3616.68  5.71656e-16  2.59424e-17
      3619.43  4.76555e-16  2.47789e-17
      3622.17  5.31842e-16  2.31756e-17
      3624.92  5.72668e-16  2.67657e-17
      3627.67  5.50266e-16  2.67342e-17
      3630.42  5.25017e-16  2.33722e-17
      3633.17  5.45683e-16  4.37868e-17
      3635.92  5.96084e-16  2.42914e-17
      3638.67  5.72124e-16  2.39743e-17
      3641.42  6.06191e-16  2.71378e-17
      3644.16  6.51656e-16  2.47108e-17
      3646.91  6.12476e-16  2.37000e-17
      3649.66  5.59277e-16  2.25967e-17
      3652.41  6.70699e-16  2.40999e-17
      3655.16  6.47455e-16  3.39492e-17
      3657.91  6.27284e-16  2.34486e-17
      3660.66  6.94468e-16  2.59234e-17
      3663.40  6.90476e-16  2.36179e-17
      3666.15  6.10969e-16  2.80243e-17
      3668.90  6.78167e-16  2.35002e-17
      3671.65  7.61417e-16  2.47677e-17
      3674.40  7.35550e-16  4.14933e-17
      3677.15  5.87066e-16  4.69516e-17
      3679.90  7.14047e-16  2.39438e-17
      3682.65  7.89492e-16  2.56162e-17
      3685.39  7.54242e-16  3.01117e-17
      3688.14  6.27198e-16  2.35898e-17
      3690.89  7.15846e-16  2.45528e-17
      3693.64  7.32302e-16  2.50726e-17
      3696.39  7.29813e-16  2.41440e-17
      3699.14  7.27323e-16  2.85795e-17
      3701.89  7.24834e-16  1.85786e-16
      3704.64  7.22344e-16  3.34102e-17
      3707.38  7.19854e-16  2.96848e-17
      3710.13  7.69232e-16  2.70906e-17
      3712.88  7.74520e-16  2.52378e-17
      3715.63  6.56405e-16  2.33618e-17
      3718.38  6.96281e-16  2.27966e-17
      3721.13  7.48319e-16  2.35795e-17
      3723.88  6.95597e-16  2.28098e-17
      3726.63  6.13651e-16  2.26637e-17
      3729.37  6.71844e-16  2.31662e-17
      3732.12  6.60870e-16  2.28297e-17
      3734.87  6.32930e-16  2.67659e-17
      3737.62  6.54446e-16  2.13025e-17
      3740.37  6.87445e-16  2.28168e-17
      3743.12  5.87254e-16  2.13273e-17
      3745.87  6.19954e-16  2.15866e-17
      3748.62  6.62051e-16  2.18540e-17
      3751.36  6.69752e-16  2.19733e-17
      3754.11  5.82586e-16  3.29578e-17
      3756.86  5.66469e-16  3.94126e-17
      3759.61  7.14140e-16  2.28877e-17
      3762.36  6.57041e-16  3.48331e-17
      3765.11  5.82852e-16  2.17974e-17
      3767.86  5.93115e-16  2.55827e-17
      3770.61  7.07525e-16  2.13271e-17
      3773.35  6.22754e-16  2.02637e-17
      3776.10  6.47980e-16  2.22101e-17
      3778.85  6.99035e-16  2.15045e-17
      3781.60  6.22022e-16  3.13569e-17
      3784.35  6.24005e-16  2.19828e-17
      3787.10  6.18229e-16  2.31989e-17
      3789.85  6.24020e-16  2.94820e-17
      3792.60  5.47708e-16  2.04195e-17
      3795.35  4.99249e-16  2.37349e-17
      3798.09  5.50379e-16  1.85528e-17
      3800.84  4.96332e-16  1.78227e-17
      3803.59  4.65265e-16  1.91687e-17
      3806.34  4.66980e-16  1.88884e-17
      3809.09  4.91633e-16  1.84886e-17
      3811.84  4.12397e-16  2.25821e-17
      3814.59  3.83436e-16  1.71313e-17
      3817.34  4.73233e-16  1.87797e-17
      3820.09  4.04880e-16  1.71807e-17
      3822.83  3.52600e-16  1.62781e-17
      3825.58  3.73825e-16  1.62714e-17
      3828.33  3.50587e-16  1.63315e-17
      3831.08  3.14837e-16  1.59114e-17
      3833.83  3.12163e-16  1.57335e-17
      3836.58  3.21757e-16  1.51057e-17
      3839.33  2.84812e-16  1.52281e-17
      3842.08  2.78175e-16  1.45476e-17
      3844.82  3.12045e-16  1.52562e-17
      3847.57  2.97085e-16  1.69904e-17
      3850.32  2.58987e-16  1.42600e-17
      3853.07  3.02742e-16  2.23493e-17
      3855.82  3.08622e-16  1.70515e-17
      3858.57  2.75120e-16  1.44467e-17
      3861.32  3.01366e-16  1.77374e-17
      3864.07  2.73163e-16  1.61762e-17
      3866.82  2.98799e-16  1.50983e-17
      3869.56  2.76931e-16  1.48959e-17
      3872.31  2.45760e-16  3.76538e-17
      3875.06  3.04805e-16  1.63265e-17
      3877.81  3.00936e-16  1.66693e-17
      3880.56  2.69651e-16  2.92115e-17
      3883.31  2.94665e-16  1.50567e-17
      3886.06  3.97943e-16  1.50111e-17
      3888.81  3.02334e-16  1.41297e-17
      3891.56  3.17532e-16  1.42242e-17
      3894.30  3.49802e-16  1.47155e-17
      3897.05  3.49207e-16  1.44172e-17
      3899.80  3.10456e-16  1.54236e-17
      3902.55  3.25398e-16  1.38390e-17
      3905.30  3.62734e-16  1.41257e-17
      3908.05  2.93026e-16  1.35738e-17
      3910.80  3.53827e-16  2.05297e-17
      3913.55  3.66663e-16  1.43996e-17
      3916.29  3.79695e-16  1.45428e-17
      3919.04  2.72294e-16  2.22417e-17
      3921.79  3.49486e-16  1.46778e-17
      3924.54  3.71339e-16  1.50377e-17
      3927.29  3.33659e-16  1.37385e-17
      3930.04  3.36969e-16  1.47794e-17
      3932.79  3.52272e-16  1.38410e-17
      3935.54  3.65538e-16  1.40910e-17
      3938.29  3.44146e-16  1.50114e-17
      3941.03  3.73249e-16  1.50179e-17
      3943.78  4.34619e-16  1.46296e-17
      3946.53  3.96350e-16  1.39953e-17
      3949.28  3.72868e-16  1.36970e-17
      3952.03  4.27075e-16  2.77999e-17
      3954.78  4.18980e-16  1.40979e-17
      3957.53  4.25560e-16  1.43448e-17
      3960.28  4.38164e-16  1.54048e-17
      3963.02  4.44582e-16  1.57289e-17
      3965.77  4.60437e-16  1.45300e-17
      3968.52  4.52151e-16  1.52569e-17
      3971.27  5.27185e-16  1.59837e-17
      3974.02  5.67758e-16  1.78421e-17
      3976.77  4.99620e-16  2.59671e-17
      3979.52  5.91804e-16  1.70159e-17
      3982.27  5.78746e-16  1.54007e-17
      3985.02  5.86049e-16  2.84479e-17
      3987.76  6.02529e-16  1.59036e-17
      3990.51  6.49877e-16  1.60351e-17
      3993.26  6.74737e-16  2.00068e-17
      3996.01  6.64132e-16  1.66392e-17
      3998.76  7.13780e-16  1.86149e-17
      4001.51  7.70860e-16  1.73648e-17
      4004.26  7.28435e-16  1.67226e-17
      4007.01  7.93565e-16  1.72935e-17
      4009.75  7.88058e-16  1.71093e-17
      4012.50  8.20981e-16  2.20983e-17
      4015.25  7.95952e-16  1.78635e-17
      4018.00  8.15410e-16  1.95474e-17
      4020.75  8.56843e-16  1.95249e-17
      4023.50  8.40806e-16  1.75381e-17
      4026.25  8.45788e-16  1.90939e-17
      4029.00  8.97148e-16  3.43531e-17
      4031.74  9.56664e-16  1.79031e-17
      4034.49  9.22358e-16  1.78376e-17
      4037.24  9.27608e-16  1.93071e-17
      4039.99  9.45618e-16  2.19911e-17
      4042.74  9.69310e-16  1.83228e-17
      4045.49  9.55402e-16  2.13419e-17
      4048.24  9.29155e-16  2.34874e-17
      4050.99  9.24541e-16  3.52993e-17
      4053.73  9.42288e-16  2.36769e-17
      4056.48  1.04963e-15  1.89504e-17
      4059.23  1.02584e-15  2.53176e-17
      4061.98  9.88064e-16  1.98135e-17
      4064.73  1.00880e-15  1.96460e-17
      4067.48  1.06339e-15  1.99490e-17
      4070.23  1.03935e-15  1.95723e-17
      4072.97  1.01546e-15  1.94715e-17
      4075.72  1.02358e-15  1.94909e-17
      4078.47  1.03121e-15  1.80064e-17
      4081.22  9.71364e-16  1.79295e-17
      4083.97  9.97063e-16  1.93749e-17
      4086.72  1.03180e-15  2.46573e-17
      4089.47  1.03443e-15  1.80222e-17
      4092.22  1.04205e-15  1.88025e-17
      4094.96  1.01516e-15  2.40825e-17
      4097.71  1.00047e-15  2.29456e-17
      4100.46  8.56876e-16  1.87810e-17
      4103.21  9.11083e-16  1.88004e-17
      4105.96  9.66556e-16  1.83488e-17
      4108.71  9.06433e-16  1.71114e-17
      4111.46  9.04388e-16  1.70016e-17
      4114.20  8.84493e-16  1.82818e-17
      4116.95  8.49836e-16  2.16688e-17
      4119.70  8.47737e-16  2.28615e-17
      4122.45  8.87906e-16  1.69712e-17
      4125.20  8.47575e-16  2.06999e-17
      4127.95  8.54617e-16  1.77207e-17
      4130.70  8.40625e-16  1.66832e-17
      4133.44  8.53265e-16  1.63705e-17
      4136.19  8.57084e-16  1.73706e-17
      4138.94  8.25845e-16  1.84778e-17
      4141.69  8.42998e-16  1.74584e-17
      4144.44  8.51770e-16  1.77499e-17
      4147.19  8.51496e-16  2.06521e-17
      4149.93  8.34486e-16  1.95094e-17
      4152.68  7.95118e-16  1.78002e-17
      4155.43  8.59939e-16  1.78186e-17
      4158.18  8.45672e-16  1.60795e-17
      4160.93  8.72170e-16  1.72576e-17
      4163.68  8.86093e-16  1.84869e-17
      4166.43  8.88901e-16  1.76475e-17
      4169.17  8.91368e-16  1.88891e-17
      4171.92  8.81679e-16  1.74416e-17
      4174.67  9.61018e-16  1.71462e-17
      4177.42  8.86928e-16  1.82229e-17
      4180.17  8.90317e-16  2.15108e-17
      4182.92  9.01552e-16  1.89405e-17
      4185.66  9.37213e-16  1.85300e-17
      4188.41  9.69823e-16  1.89330e-17
      4191.16  9.73077e-16  2.00769e-17
      4193.91  1.01066e-15  1.84422e-17
      4196.66  9.78430e-16  1.89680e-17
      4199.41  9.74016e-16  1.91156e-17
      4202.15  9.11479e-16  2.09374e-17
      4204.90  9.38367e-16  2.25149e-17
      4207.65  9.48067e-16  1.95975e-17
      4210.40  1.04277e-15  1.78570e-17
      4213.15  9.84190e-16  2.45143e-17
      4215.90  1.03884e-15  1.92675e-17
      4218.65  9.78409e-16  1.89939e-17
      4221.39  1.00053e-15  2.00653e-17
      4224.14  1.07089e-15  1.75705e-17
      4226.89  9.88631e-16  2.11699e-17
      4229.64  1.02447e-15  2.11300e-17
      4232.39  1.07832e-15  2.22028e-17
      4235.13  1.03200e-15  1.86133e-17
      4237.88  1.02369e-15  1.89297e-17
      4240.63  1.10157e-15  1.84225e-17
      4243.38  1.03532e-15  1.88007e-17
      4246.13  9.99434e-16  2.07719e-17
      4248.88  1.02062e-15  1.81889e-17
      4251.62  1.01954e-15  1.82105e-17
      4254.37  1.02559e-15  1.85317e-17
      4257.12  1.01943e-15  1.74840e-17
      4259.87  1.03934e-15  1.81238e-17
      4262.62  1.03164e-15  1.81061e-17
      4265.36  9.78479e-16  2.48085e-17
      4268.11  9.90922e-16  1.84214e-17
      4270.86  1.01057e-15  1.83119e-17
      4273.61  1.00611e-15  1.91601e-17
      4276.36  9.87700e-16  1.82387e-17
      4279.11  9.65232e-16  2.04467e-17
      4281.85  1.04331e-15  1.69313e-17
      4284.60  1.01385e-15  2.00410e-17
      4287.35  9.61039e-16  1.84331e-17
      4290.10  9.77875e-16  1.80597e-17
      4292.85  9.93409e-16  1.75627e-17
      4295.59  9.42453e-16  1.77705e-17
      4298.34  9.64898e-16  1.72384e-17
      4301.09  8.93546e-16  1.95948e-17
      4303.84  9.20959e-16  1.74014e-17
      4306.59  8.66351e-16  1.89341e-17
      4309.33  9.11736e-16  1.69370e-17
      4312.08  9.34943e-16  1.73660e-17
      4314.83  9.01079e-16  1.70306e-17
      4317.58  9.09945e-16  1.71366e-17
      4320.33  9.17047e-16  3.27677e-17
      4323.07  8.64077e-16  1.72033e-17
      4325.82  8.56223e-16  1.66608e-17
      4328.57  8.43632e-16  1.71422e-17
      4331.32  8.25420e-16  1.57581e-17
      4334.07  8.35408e-16  1.59215e-17
      4336.81  8.70161e-16  1.55609e-17
      4339.56  8.89458e-16  1.93300e-17
      4342.31  9.20589e-16  1.66552e-17
      4345.06  9.09852e-16  1.55043e-17
      4347.80  9.16843e-16  1.56342e-17
      4350.55  8.71952e-16  1.52621e-17
      4353.30  8.56889e-16  1.51060e-17
      4356.05  8.83064e-16  1.63399e-17
      4358.80  8.19813e-16  1.64888e-17
      4361.54  8.82234e-16  1.60475e-17
      4364.29  8.24347e-16  1.73878e-17
      4367.04  8.54121e-16  1.59306e-17
      4369.79  8.10925e-16  1.61311e-17
      4372.53  8.11846e-16  1.63189e-17
      4375.28  7.81399e-16  1.61960e-17
      4378.03  7.38258e-16  1.76445e-17
      4380.78  7.95376e-16  1.47045e-17
      4383.53  7.90633e-16  1.81763e-17
      4386.27  7.94324e-16  1.45556e-17
      4389.02  7.82698e-16  1.44066e-17
      4391.77  7.36638e-16  1.38597e-17
      4394.52  7.50328e-16  1.42188e-17
      4397.26  7.52881e-16  1.41233e-17
      4400.01  7.17595e-16  1.40058e-17
      4402.76  7.29706e-16  1.49623e-17
      4405.51  7.78915e-16  1.51229e-17
      4408.25  6.94037e-16  1.40018e-17
      4411.00  6.85083e-16  1.37293e-17
      4413.75  6.46657e-16  1.41420e-17
      4416.50  6.84425e-16  1.48528e-17
      4419.24  6.85748e-16  1.48514e-17
      4421.99  6.68521e-16  1.54578e-17
      4424.74  6.38292e-16  1.37602e-17
      4427.49  6.06990e-16  1.39163e-17
      4430.23  5.71547e-16  1.44656e-17
      4432.98  6.37911e-16  1.45727e-17
      4435.73  6.25975e-16  1.50012e-17
      4438.48  5.79947e-16  1.31265e-17
      4441.22  5.29017e-16  1.44798e-17
      4443.97  5.39801e-16  1.43296e-17
      4446.72  5.29527e-16  1.30224e-17
      4449.47  5.28273e-16  1.27940e-17
      4452.21  5.21765e-16  1.24326e-17
      4454.96  5.20533e-16  1.19255e-17
      4457.71  5.03581e-16  1.25371e-17
      4460.46  5.32650e-16  2.21592e-17
      4463.20  5.04894e-16  1.23945e-17
      4465.95  4.42964e-16  1.25137e-17
      4468.70  4.66523e-16  1.20589e-17
      4471.45  5.14507e-16  1.39437e-17
      4474.19  4.65281e-16  1.15649e-17
      4476.94  4.52746e-16  1.28416e-17
      4479.69  4.65178e-16  1.17838e-17
      4482.43  4.65871e-16  1.13779e-17
      4485.18  4.82155e-16  1.18751e-17
      4487.93  4.35248e-16  1.15464e-17
      4490.68  4.74873e-16  1.14044e-17
      4493.42  4.48810e-16  1.19453e-17
      4496.17  4.40066e-16  1.13862e-17
      4498.92  4.54067e-16  1.17413e-17
      4501.66  4.84287e-16  1.14836e-17
      4504.41  4.65826e-16  1.37803e-17
      4507.16  4.12053e-16  1.54728e-17
      4509.91  4.53159e-16  1.23625e-17
      4512.65  4.85499e-16  1.19748e-17
      4515.40  4.67103e-16  1.12918e-17
      4518.15  4.54126e-16  1.13535e-17
      4520.89  4.67801e-16  1.22641e-17
      4523.64  4.57174e-16  1.15509e-17
      4526.39  4.54550e-16  1.12491e-17
      4529.13  4.73473e-16  1.15599e-17
      4531.88  5.10514e-16  1.22498e-17
      4534.63  4.54809e-16  1.19727e-17
      4537.38  4.72765e-16  1.28739e-17
      4540.12  4.59521e-16  2.17466e-17
      4542.87  4.87679e-16  1.51133e-17
      4545.62  5.11828e-16  1.22028e-17
      4548.36  5.03872e-16  1.23224e-17
      4551.11  4.87354e-16  1.34335e-17
      4553.86  5.21002e-16  1.31368e-17
      4556.60  4.97790e-16  1.73488e-17
      4559.35  5.33612e-16  1.34282e-17
      4562.10  5.45716e-16  1.25168e-17
      4564.84  5.33332e-16  1.27709e-17
      4567.59  5.63202e-16  1.31673e-17
      4570.34  5.94631e-16  1.27653e-17
      4573.08  5.58541e-16  1.32265e-17
      4575.83  5.42836e-16  1.30244e-17
      4578.58  6.20240e-16  1.40263e-17
      4581.32  5.72386e-16  1.44509e-17
      4584.07  6.10572e-16  1.25830e-17
      4586.82  6.18416e-16  1.29228e-17
      4589.56  6.38196e-16  1.31774e-17
      4592.31  6.53919e-16  1.30939e-17
      4595.06  6.25521e-16  1.28210e-17
      4597.80  6.67265e-16  1.30517e-17
      4600.55  6.41292e-16  1.50722e-17
      4603.30  6.41385e-16  1.39624e-17
      4606.04  6.97911e-16  1.35037e-17
      4608.79  6.69603e-16  1.29644e-17
      4611.54  6.99151e-16  1.38465e-17
      4614.28  7.24656e-16  1.61450e-17
      4617.03  7.00755e-16  1.45802e-17
      4619.77  7.16740e-16  1.50610e-17
      4622.52  7.06550e-16  1.47000e-17
      4625.27  7.29977e-16  1.37916e-17
      4628.01  7.36592e-16  1.45158e-17
      4630.76  7.37692e-16  1.43653e-17
      4633.51  7.10787e-16  1.34149e-17
      4636.25  7.57700e-16  1.45464e-17
      4639.00  7.45838e-16  1.45931e-17
      4641.75  7.22037e-16  1.39520e-17
      4644.49  7.56581e-16  1.39189e-17
      4647.24  7.54711e-16  1.45177e-17
      4649.98  7.41679e-16  1.49283e-17
      4652.73  6.98508e-16  1.50911e-17
      4655.48  7.71113e-16  1.43378e-17
      4658.22  8.11664e-16  1.46066e-17
      4660.97  7.46619e-16  1.49808e-17
      4663.71  7.72123e-16  1.47606e-17
      4666.46  8.52731e-16  4.07506e-17
      4669.21  8.18374e-16  1.40794e-17
      4671.95  7.84929e-16  1.50686e-17
      4674.70  8.16350e-16  1.40706e-17
      4677.45  8.28948e-16  1.41614e-17
      4680.19  8.09058e-16  1.41670e-17
      4682.94  8.71264e-16  1.51743e-17
      4685.68  8.21694e-16  1.63581e-17
      4688.43  8.58998e-16  1.62110e-17
      4691.17  8.33690e-16  1.56473e-17
      4693.92  8.40687e-16  1.56318e-17
      4696.67  8.36295e-16  1.64854e-17
      4699.41  8.31811e-16  1.43944e-17
      4702.16  8.36051e-16  1.67420e-17
      4704.90  8.76881e-16  1.47419e-17
      4707.65  8.47800e-16  1.50912e-17
      4710.40  7.98989e-16  1.59896e-17
      4713.14  8.45149e-16  1.51777e-17
      4715.89  8.62860e-16  1.44309e-17
      4718.63  8.52039e-16  1.50043e-17
      4721.38  8.59626e-16  1.73348e-17
      4724.12  8.95539e-16  1.61726e-17
      4726.87  8.49307e-16  1.50236e-17
      4729.62  8.76694e-16  1.50256e-17
      4732.36  8.42967e-16  1.47632e-17
      4735.11  8.35975e-16  1.60214e-17
      4737.85  7.66953e-16  1.56049e-17
      4740.60  8.51779e-16  1.46052e-17
      4743.34  7.99847e-16  1.71323e-17
      4746.09  8.89451e-16  1.62811e-17
      4748.83  8.24774e-16  1.48091e-17
      4751.58  8.01848e-16  1.48181e-17
      4754.33  8.48267e-16  1.50249e-17
      4757.07  7.89319e-16  1.48882e-17
      4759.82  8.00455e-16  1.48694e-17
      4762.56  7.82935e-16  1.43248e-17
      4765.31  7.97838e-16  1.49039e-17
      4768.05  7.39679e-16  1.67485e-17
      4770.80  7.25666e-16  1.99422e-17
      4773.54  7.67291e-16  1.46050e-17
      4776.29  7.35929e-16  1.54603e-17
      4779.03  7.42494e-16  2.05427e-17
      4781.78  7.70022e-16  1.47486e-17
      4784.52  7.22537e-16  1.60189e-17
      4787.27  7.46692e-16  1.62734e-17
      4790.01  7.67441e-16  1.69039e-17
      4792.76  7.70287e-16  1.39228e-17
      4795.50  7.42144e-16  1.46972e-17
      4798.25  7.28302e-16  1.35212e-17
      4801.00  7.96127e-16  1.41412e-17
      4803.74  7.14617e-16  1.33940e-17
      4806.49  7.19436e-16  1.33214e-17
      4809.23  7.52346e-16  1.77053e-17
      4811.98  7.20163e-16  1.33587e-17
      4814.72  7.40232e-16  1.40654e-17
      4817.47  6.96942e-16  1.47149e-17
      4820.21  7.09453e-16  1.42561e-17
      4822.96  7.20428e-16  1.50801e-17
      4825.70  6.92775e-16  1.49167e-17
      4828.44  7.05517e-16  1.37011e-17
      4831.19  7.09014e-16  1.39225e-17
      4833.93  6.67544e-16  1.34557e-17
      4836.68  6.67699e-16  1.42667e-17
      4839.42  7.03611e-16  1.54125e-17
      4842.17  6.59181e-16  1.57641e-17
      4844.91  6.23121e-16  1.26792e-17
      4847.66  6.29150e-16  1.43838e-17
      4850.40  6.43979e-16  1.37028e-17
      4853.15  6.28567e-16  1.27505e-17
      4855.89  6.27981e-16  1.28680e-17
      4858.64  6.45129e-16  1.31393e-17
      4861.38  6.06700e-16  1.72233e-17
      4864.13  5.81637e-16  1.36858e-17
      4866.87  5.93132e-16  1.26889e-17
      4869.62  5.74662e-16  1.20852e-17
      4872.36  5.58887e-16  1.20720e-17
      4875.10  5.82745e-16  1.21855e-17
      4877.85  5.45461e-16  1.22412e-17
      4880.59  5.29652e-16  1.19824e-17
      4883.34  5.45716e-16  1.18735e-17
      4886.08  5.49789e-16  1.18766e-17
      4888.83  5.38602e-16  1.27157e-17
      4891.57  4.93815e-16  1.33905e-17
      4894.31  4.96062e-16  1.34830e-17
      4897.06  5.30496e-16  1.24817e-17
      4899.80  4.74521e-16  1.19977e-17
      4902.55  4.82361e-16  1.76875e-17
      4905.29  5.11927e-16  1.14604e-17
      4908.04  4.84501e-16  1.17817e-17
      4910.78  4.45440e-16  1.20248e-17
      4913.52  4.87662e-16  1.12107e-17
      4916.27  5.24101e-16  1.17818e-17
      4919.01  4.99137e-16  1.17580e-17
      4921.76  4.71119e-16  1.12181e-17
      4924.50  4.90973e-16  1.15841e-17
      4927.25  5.15762e-16  1.17972e-17
      4929.99  4.79771e-16  1.15359e-17
      4932.73  5.08064e-16  1.12939e-17
      4935.48  4.97610e-16  1.14309e-17
      4938.22  4.91945e-16  1.15264e-17
      4940.96  4.84258e-16  2.70254e-17
      4943.71  4.98091e-16  1.12297e-17
      4946.45  4.75135e-16  1.16357e-17
      4949.20  4.70570e-16  1.10801e-17
      4951.94  4.80669e-16  1.14229e-17
      4954.68  4.83164e-16  1.35737e-17
      4957.43  4.63075e-16  1.08565e-17
      4960.17  4.64592e-16  1.11479e-17
      4962.92  4.78272e-16  1.10280e-17
      4965.66  4.37700e-16  1.27598e-17
      4968.40  4.27033e-16  1.43425e-17
      4971.15  4.31784e-16  1.06901e-17
      4973.89  4.15483e-16  1.13306e-17
      4976.63  4.04268e-16  1.07304e-17
      4979.38  4.22403e-16  1.05928e-17
      4982.12  4.47387e-16  1.21778e-17
      4984.86  4.26974e-16  1.22007e-17
      4987.61  3.99902e-16  1.16638e-17
      4990.35  3.96876e-16  1.18367e-17
      4993.09  4.15204e-16  1.07865e-17
      4995.84  3.95408e-16  1.12779e-17
      4998.58  4.05307e-16  1.03457e-17
      5001.32  4.04128e-16  1.08092e-17
      5004.07  4.13561e-16  1.07977e-17
      5006.81  3.62321e-16  1.06466e-17
      5009.55  4.04910e-16  1.05086e-17
      5012.30  3.86887e-16  1.07870e-17
      5015.04  3.81193e-16  1.05075e-17
      5017.78  3.46132e-16  1.03536e-17
      5020.53  4.07764e-16  1.07544e-17
      5023.27  3.88291e-16  1.05458e-17
      5026.01  3.65613e-16  1.03178e-17
      5028.76  4.01362e-16  1.14418e-17
      5031.50  4.26020e-16  1.05430e-17
      5034.24  4.08375e-16  1.17097e-17
      5036.98  3.94767e-16  1.16527e-17
      5039.73  4.20309e-16  1.06141e-17
      5042.47  3.93030e-16  1.04291e-17
      5045.21  3.93929e-16  1.00925e-17
      5047.96  4.33061e-16  1.18865e-17
      5050.70  4.28243e-16  1.08589e-17
      5053.44  4.30830e-16  1.07437e-17
      5056.18  4.23569e-16  1.18603e-17
      5058.93  4.61319e-16  1.08749e-17
      5061.67  4.60980e-16  1.08455e-17
      5064.41  4.64005e-16  1.15813e-17
      5067.16  4.12237e-16  2.61177e-17
      5069.90  5.07479e-16  1.24051e-17
      5072.64  4.92441e-16  1.12431e-17
      5075.38  4.90353e-16  1.11177e-17
      5078.13  5.08838e-16  1.13151e-17
      5080.87  4.82748e-16  1.08225e-17
      5083.61  4.81740e-16  1.20388e-17
      5086.35  4.84344e-16  1.13154e-17
      5089.10  4.84882e-16  1.84127e-17
      5091.84  4.95303e-16  1.27628e-17
      5094.58  4.81267e-16  1.07883e-17
      5097.32  4.48124e-16  1.10634e-17
      5100.07  4.79207e-16  1.12759e-17
      5102.81  4.40585e-16  1.13901e-17
      5105.55  4.66421e-16  1.90172e-17
      5108.29  4.44403e-16  1.04804e-17
      5111.03  4.46027e-16  1.03050e-17
      5113.78  4.09535e-16  1.07747e-17
      5116.52  4.29678e-16  1.08616e-17
      5119.26  4.30628e-16  1.33245e-17
      5122.00  3.85505e-16  1.01518e-17
      5124.75  3.82825e-16  9.92710e-18
      5127.49  4.03087e-16  1.01482e-17
      5130.23  3.69944e-16  9.97482e-18
      5132.97  3.67325e-16  1.00261e-17
      5135.71  3.84290e-16  1.02967e-17
      5138.45  3.75864e-16  9.74251e-18
      5141.20  3.46373e-16  9.66901e-18
      5143.94  3.47971e-16  9.70517e-18
      5146.68  3.49300e-16  9.55502e-18
      5149.42  3.44363e-16  9.50498e-18
      5152.16  3.35383e-16  9.92135e-18
      5154.91  3.40245e-16  1.54449e-17
      5157.65  3.07835e-16  1.04780e-17
      5160.39  3.75749e-16  9.83239e-18
      5163.13  3.58488e-16  9.68075e-18
      5165.87  3.58385e-16  1.16572e-17
      5168.61  3.65624e-16  9.87877e-18
      5171.36  3.36737e-16  9.54476e-18
      5174.10  3.38788e-16  9.59130e-18
      5176.84  3.74836e-16  1.20273e-17
      5179.58  3.77971e-16  9.50949e-18
      5182.32  3.81105e-16  2.54688e-17
      5185.06  3.84240e-16  9.79801e-18
      5187.80  3.93551e-16  1.08036e-17
      5190.55  3.46008e-16  9.51867e-18
      5193.29  3.64409e-16  9.85030e-18
      5196.03  3.63300e-16  1.37301e-17
      5198.77  3.38160e-16  9.78384e-18
      5201.51  3.72767e-16  1.00242e-17
      5204.25  3.79944e-16  1.01075e-17
      5206.99  3.82175e-16  1.03234e-17
      5209.73  3.62502e-16  9.86309e-18
      5212.48  3.86689e-16  1.00894e-17
      5215.22  3.73715e-16  1.01393e-17
      5217.96  3.73688e-16  9.77372e-18
      5220.70  3.63499e-16  9.80474e-18
      5223.44  3.94896e-16  1.00838e-17
      5226.18  4.07381e-16  1.16158e-17
      5228.92  3.96102e-16  1.02387e-17
      5231.66  4.08763e-16  1.05518e-17
      5234.40  4.23267e-16  1.02310e-17
      5237.14  4.03691e-16  1.02272e-17
      5239.88  4.07377e-16  1.01539e-17
      5242.62  4.49356e-16  1.07687e-17
      5245.37  4.26488e-16  1.03458e-17
      5248.11  4.10357e-16  1.00868e-17
      5250.85  4.27974e-16  1.15810e-17
      5253.59  4.37587e-16  1.21234e-17
      5256.33  4.20724e-16  1.07499e-17
      5259.07  4.45784e-16  1.21775e-17
      5261.81  4.54879e-16  1.05435e-17
      5264.55  4.55870e-16  1.06480e-17
      5267.29  4.60819e-16  1.16869e-17
      5270.03  4.80172e-16  1.08391e-17
      5272.77  4.70711e-16  1.09430e-17
      5275.51  4.79150e-16  1.09337e-17
      5278.25  4.90860e-16  1.23292e-17
      5280.99  5.09256e-16  1.13399e-17
      5283.73  5.05009e-16  1.14465e-17
      5286.47  4.89773e-16  1.14529e-17
      5289.21  5.07187e-16  1.14998e-17
      5291.95  5.49352e-16  1.19021e-17
      5294.69  5.32008e-16  1.18410e-17
      5297.43  5.09142e-16  1.25448e-17
      5300.17  5.85114e-16  1.23269e-17
      5302.91  5.53139e-16  1.21780e-17
      5305.65  5.29635e-16  1.15215e-17
      5308.39  5.58872e-16  1.17319e-17
      5311.13  5.90013e-16  1.17671e-17
      5313.87  5.75964e-16  1.16871e-17
      5316.61  5.53005e-16  1.17626e-17
      5319.35  5.71884e-16  1.18472e-17
      5322.09  5.55494e-16  1.21394e-17
      5324.83  6.11715e-16  1.21910e-17
      5327.57  5.90232e-16  1.18583e-17
      5330.31  5.91622e-16  1.18707e-17
      5333.05  5.90011e-16  1.18287e-17
      5335.79  5.96368e-16  1.44112e-17
      5338.53  6.28679e-16  1.27503e-17
      5341.27  6.10460e-16  1.21020e-17
      5344.01  5.88887e-16  1.18229e-17
      5346.75  6.17134e-16  1.25111e-17
      5349.49  6.46218e-16  1.91915e-17
      5352.23  6.40041e-16  1.24608e-17
      5354.97  6.07858e-16  1.21791e-17
      5357.71  6.33185e-16  1.25130e-17
      5360.44  6.22158e-16  1.25170e-17
      5363.18  6.13544e-16  1.31145e-17
      5365.92  6.12027e-16  1.31517e-17
      5368.66  6.42815e-16  1.32611e-17
      5371.40  6.09685e-16  1.29363e-17
      5374.14  6.16583e-16  1.26517e-17
      5376.88  6.31129e-16  1.24833e-17
      5379.62  6.33898e-16  1.26649e-17
      5382.36  6.28189e-16  1.27770e-17
      5385.10  6.42201e-16  1.23467e-17
      5387.84  6.50222e-16  1.23775e-17
      5390.57  6.10012e-16  1.21854e-17
      5393.31  6.03966e-16  1.20609e-17
      5396.05  6.16990e-16  1.24074e-17
      5398.79  6.12548e-16  1.31967e-17
      5401.53  5.85559e-16  1.24051e-17
      5404.27  6.08518e-16  1.22023e-17
      5407.01  6.11161e-16  1.27832e-17
      5409.75  6.01140e-16  1.20344e-17
      5412.48  5.59185e-16  1.18704e-17
      5415.22  5.77854e-16  1.30852e-17
      5417.96  5.68217e-16  1.25289e-17
      5420.70  4.99347e-16  2.39750e-17
      5423.44  5.59140e-16  1.18725e-17
      5426.18  5.53095e-16  1.37636e-17
      5428.92  5.16228e-16  1.34487e-17
      5431.65  5.10063e-16  1.18404e-17
      5434.39  5.56829e-16  1.19504e-17
      5437.13  5.10390e-16  1.19377e-17
      5439.87  4.65763e-16  1.13607e-17
      5442.61  4.84888e-16  1.15583e-17
      5445.35  5.00114e-16  1.15450e-17
      5448.08  4.69498e-16  1.12417e-17
      5450.82  4.66514e-16  1.10425e-17
      5453.56  4.49599e-16  1.23653e-17
      5456.30  4.70559e-16  1.26629e-17
      5459.04  4.66063e-16  1.19408e-17
      5461.77  4.30318e-16  1.15261e-17
      5464.51  4.66237e-16  1.10282e-17
      5467.25  5.20024e-16  1.38907e-17
      5469.99  4.39228e-16  1.10128e-17
      5472.72  4.45931e-16  1.10803e-17
      5475.46  4.49177e-16  1.09137e-17
      5478.20  4.47000e-16  1.11251e-17
      5480.94  4.44822e-16  7.53605e-17
      5483.68  4.42644e-16  1.11929e-17
      5486.41  4.40466e-16  1.08104e-17
      5489.15  4.38288e-16  1.10425e-17
      5491.89  4.39779e-16  1.15593e-17
      5494.63  4.61932e-16  1.12480e-17
      5497.36  4.21543e-16  1.19589e-17
      5500.10  4.54209e-16  1.11773e-17
      5502.84  4.42273e-16  1.27552e-17
      5505.58  4.53962e-16  1.15052e-17
      5508.31  4.00795e-16  1.08876e-17
      5511.05  4.20582e-16  1.08960e-17
      5513.79  4.57789e-16  1.11547e-17
      5516.52  4.13894e-16  1.06718e-17
      5519.26  4.42641e-16  1.10249e-17
      5522.00  4.66273e-16  1.62485e-17
      5524.74  4.47159e-16  1.10257e-17
      5527.47  4.21057e-16  1.11781e-17
      5530.21  4.33237e-16  1.08798e-17
      5532.95  4.42603e-16  1.11548e-17
      5535.68  4.18162e-16  1.11530e-17
      5538.42  4.46815e-16  1.12221e-17
      5541.16  4.49568e-16  1.12912e-17
      5543.89  4.37800e-16  1.10609e-17
      5546.63  4.32986e-16  1.08861e-17
      5549.37  4.29854e-16  1.19670e-17
      5552.10  4.24917e-16  3.23046e-17
      5554.84  4.16075e-16  1.17832e-17
      5557.58  4.31683e-16  1.21154e-17
      5560.31  4.30555e-16  1.20119e-17
      5563.05  4.14843e-16  1.09795e-17
      5565.79  4.22922e-16  1.10956e-17
      5568.52  4.40297e-16  1.08924e-17
      5571.26  4.38370e-16  1.08439e-17
      5574.00  4.13288e-16  1.11617e-17
      5576.73  4.31645e-16  1.06950e-17
      5579.47  4.31453e-16  1.09164e-17
      5582.21  4.39156e-16  1.09883e-17
      5584.94  4.26069e-16  1.09918e-17
      5587.68  4.28468e-16  1.16776e-17
      5590.41  4.27252e-16  1.08585e-17
      5593.15  4.24777e-16  1.08871e-17
      5595.89  3.98483e-16  1.84429e-17
      5598.62  4.26119e-16  1.08423e-17
      5601.36  4.33150e-16  1.10440e-17
      5604.09  4.06483e-16  1.31884e-17
      5606.83  4.32133e-16  1.22846e-17
      5609.57  4.16088e-16  1.07797e-17
      5612.30  4.18888e-16  1.07141e-17
      5615.04  3.79173e-16  1.13250e-17
      5617.77  4.24332e-16  1.08332e-17
      5620.51  4.13042e-16  1.07876e-17
      5623.24  3.93554e-16  1.07550e-17
      5625.98  3.90785e-16  1.13815e-17
      5628.71  4.01978e-16  1.11139e-17
      5631.45  3.78522e-16  1.10278e-17
      5634.19  3.70543e-16  1.78286e-17
      5636.92  4.12720e-16  1.09518e-17
      5639.66  3.87497e-16  1.19233e-17
      5642.39  3.52504e-16  1.23919e-17
      5645.13  4.15186e-16  1.44641e-17
      5647.86  3.78607e-16  1.06685e-17
      5650.60  3.92142e-16  1.14594e-17
      5653.33  3.68200e-16  1.04998e-17
      5656.07  4.04570e-16  1.11939e-17
      5658.80  3.76544e-16  1.09876e-17
      5661.54  3.66037e-16  1.10329e-17
      5664.27  3.85661e-16  1.06869e-17
      5667.01  3.90912e-16  1.06225e-17
      5669.74  3.62894e-16  1.05106e-17
      5672.48  3.79690e-16  1.06660e-17
      5675.21  4.04806e-16  1.09876e-17
      5677.95  4.02623e-16  1.08269e-17
      5680.68  3.69505e-16  1.05014e-17
      5683.42  3.96532e-16  1.21946e-17
      5686.15  4.25578e-16  1.69673e-17
      5688.89  3.99385e-16  1.58224e-17
      5691.62  4.20292e-16  1.29207e-17
      5694.36  3.98049e-16  1.53386e-17
      5697.09  6.34436e-16  3.27661e-17
