      2888.82  7.32515e-15  3.90602e-15
      2891.56  2.28349e-15  2.17944e-15
      2894.31  5.42474e-16  1.77395e-15
      2897.05  4.54246e-15  1.41066e-15
      2899.80  7.47702e-16  1.15279e-15
      2902.54  2.62324e-15  1.00889e-15
      2905.29  2.17387e-15  8.59119e-16
      2908.03  2.88028e-15  7.99453e-16
      2910.77  2.94184e-15  1.46083e-15
      2913.52  3.56533e-15  6.39452e-16
      2916.26  3.21612e-15  6.14283e-16
      2919.01  4.03401e-15  5.44481e-16
      2921.75  4.27695e-15  4.75471e-16
      2924.50  4.09878e-15  4.52653e-16
      2927.24  3.75785e-15  5.09826e-16
      2929.99  4.22153e-15  3.57751e-16
      2932.73  4.68517e-15  4.44375e-16
      2935.48  5.14885e-15  4.10585e-16
      2938.22  3.77579e-15  1.08785e-15
      2940.97  4.76973e-15  2.38022e-16
      2943.71  4.74222e-15  2.27662e-16
      2946.46  5.13484e-15  2.20954e-16
      2949.20  5.41437e-15  2.04294e-16
      2951.95  5.47306e-15  1.78909e-16
      2954.70  5.78623e-15  1.83155e-16
      2957.44  5.94400e-15  1.67802e-16
      2960.19  5.92063e-15  2.03899e-16
      2962.93  5.72598e-15  1.54983e-16
      2965.68  5.74578e-15  1.43362e-16
      2968.42  5.89510e-15  1.45624e-16
      2971.17  6.08767e-15  1.48936e-16
      2973.91  6.28899e-15  1.43101e-16
      2976.66  6.07290e-15  1.28399e-16
      2979.40  6.23250e-15  1.28155e-16
      2982.15  6.27950e-15  1.28374e-16
      2984.89  6.35870e-15  1.32177e-16
      2987.64  6.17909e-15  1.48631e-16
      2990.38  6.08295e-15  1.22770e-16
      2993.13  5.98026e-15  1.24819e-16
      2995.88  5.62002e-15  1.22832e-16
      2998.62  5.50624e-15  1.16835e-16
      3001.37  5.50548e-15  1.22376e-16
      3004.11  5.68069e-15  1.17579e-16
      3006.86  5.66265e-15  2.03814e-16
      3009.60  5.19693e-15  1.08135e-16
      3012.35  5.09158e-15  1.22503e-16
      3015.09  4.97016e-15  1.21962e-16
      3017.84  4.92834e-15  2.33437e-16
      3020.59  4.86142e-15  1.08615e-16
      3023.33  4.79521e-15  9.89651e-17
      3026.08  4.60941e-15  9.71961e-17
      3028.82  4.72024e-15  9.63150e-17
      3031.57  4.57727e-15  9.49688e-17
      3034.31  4.49893e-15  9.36253e-17
      3037.06  4.69050e-15  9.43105e-17
      3039.81  4.59997e-15  1.11990e-16
      3042.55  4.72491e-15  9.31425e-17
      3045.30  4.69945e-15  9.06043e-17
      3048.04  4.72721e-15  8.96850e-17
      3050.79  4.82977e-15  9.18682e-17
      3053.54  4.84823e-15  8.84076e-17
      3056.28  4.94052e-15  8.85929e-17
      3059.03  5.01354e-15  9.36293e-17
      3061.77  5.02234e-15  8.80427e-17
      3064.52  5.10154e-15  8.76945e-17
      3067.27  4.94597e-15  8.66539e-17
      3070.01  5.17231e-15  8.66106e-17
      3072.76  5.23719e-15  8.63974e-17
      3075.50  5.23539e-15  8.56862e-17
      3078.25  5.59259e-15  8.83796e-17
      3081.00  5.29217e-15  8.79136e-17
      3083.74  5.25865e-15  9.82849e-17
      3086.49  5.37172e-15  8.61709e-17
      3089.23  5.40552e-15  9.86904e-17
      3091.98  5.31228e-15  8.60878e-17
      3094.73  5.15230e-15  9.42341e-17
      3097.47  5.21231e-15  1.03386e-16
      3100.22  5.20531e-15  8.23326e-17
      3102.96  5.40505e-15  8.32901e-17
      3105.71  5.63002e-15  8.80312e-17
      3108.46  5.46655e-15  8.64950e-17
      3111.20  5.60816e-15  8.75320e-17
      3113.95  5.72736e-15  8.67659e-17
      3116.70  5.64444e-15  1.12477e-16
      3119.44  5.90745e-15  8.49409e-17
      3122.19  5.96056e-15  8.45675e-17
      3124.94  6.12360e-15  8.61704e-17
      3127.68  6.34198e-15  8.79507e-17
      3130.43  6.29812e-15  8.88253e-17
      3133.17  6.74786e-15  8.91274e-17
      3135.92  6.94114e-15  9.19850e-17
      3138.67  6.88078e-15  9.07380e-17
      3141.41  7.47376e-15  2.47153e-16
      3144.16  7.02629e-15  1.40931e-16
      3146.91  7.27470e-15  9.03685e-17
      3149.65  7.59674e-15  9.42418e-17
      3152.40  7.66003e-15  9.20812e-17
      3155.15  7.98995e-15  1.00703e-16
      3157.89  8.07720e-15  9.83870e-17
      3160.64  8.19341e-15  9.72903e-17
      3163.39  8.27134e-15  1.12957e-16
      3166.13  8.55396e-15  9.36932e-17
      3168.88  8.28598e-15  9.77451e-17
      3171.63  8.45985e-15  9.79583e-17
      3174.37  8.57259e-15  9.33512e-17
      3177.12  8.57993e-15  9.38314e-17
      3179.87  8.55058e-15  9.67437e-17
      3182.61  8.28510e-15  1.04198e-16
      3185.36  8.48967e-15  9.56148e-17
      3188.11  8.38038e-15  1.04863e-16
      3190.85  8.46391e-15  9.49557e-17
      3193.60  8.37734e-15  1.01973e-16
      3196.35  8.42363e-15  9.40677e-17
      3199.09  8.14502e-15  8.78817e-17
      3201.84  8.23870e-15  8.87811e-17
      3204.59  7.71468e-15  1.05723e-16
      3207.33  7.88079e-15  9.22967e-17
      3210.08  7.66242e-15  8.40438e-17
      3212.83  7.85308e-15  8.43820e-17
      3215.57  7.54385e-15  8.60379e-17
      3218.32  7.01823e-15  1.29344e-16
      3221.07  6.95378e-15  1.06447e-16
      3223.82  7.18013e-15  8.32051e-17
      3226.56  6.88267e-15  8.91472e-17
      3229.31  6.79072e-15  8.06457e-17
      3232.06  6.85656e-15  8.07593e-17
      3234.80  6.54225e-15  8.03119e-17
      3237.55  6.35766e-15  7.43937e-17
      3240.30  6.39916e-15  8.67446e-17
      3243.04  6.19862e-15  8.46684e-17
      3245.79  5.97119e-15  7.68629e-17
      3248.54  5.77988e-15  7.08552e-17
      3251.29  5.68738e-15  7.33289e-17
      3254.03  5.42472e-15  7.65795e-17
      3256.78  5.47803e-15  7.39724e-17
      3259.53  5.18889e-15  6.94334e-17
      3262.27  5.20845e-15  6.62617e-17
      3265.02  4.81432e-15  6.73528e-17
      3267.77  4.81942e-15  6.82533e-17
      3270.52  4.80453e-15  7.13064e-17
      3273.26  4.83475e-15  6.90904e-17
      3276.01  4.76658e-15  6.41489e-17
      3278.76  4.66062e-15  6.15650e-17
      3281.50  4.63299e-15  6.19433e-17
      3284.25  4.38771e-15  6.44565e-17
      3287.00  4.60360e-15  6.30482e-17
      3289.75  4.61706e-15  6.06836e-17
      3292.49  4.45620e-15  5.94755e-17
      3295.24  4.37279e-15  6.75228e-17
      3297.99  4.32234e-15  6.95151e-17
      3300.74  4.53474e-15  6.23134e-17
      3303.48  4.58550e-15  6.47804e-17
      3306.23  4.52784e-15  6.68061e-17
      3308.98  4.54228e-15  6.52640e-17
      3311.73  4.74810e-15  6.18854e-17
      3314.47  4.72996e-15  6.11471e-17
      3317.22  4.54611e-15  6.70559e-17
      3319.97  4.73518e-15  6.30554e-17
      3322.72  4.85427e-15  6.88781e-17
      3325.46  4.87077e-15  6.60097e-17
      3328.21  5.07568e-15  6.41349e-17
      3330.96  5.12388e-15  6.46277e-17
      3333.70  5.17853e-15  6.24140e-17
      3336.45  5.30172e-15  6.26540e-17
      3339.20  5.51139e-15  6.33286e-17
      3341.95  5.44548e-15  7.23057e-17
      3344.70  5.55141e-15  7.17602e-17
      3347.44  5.76882e-15  6.84224e-17
      3350.19  5.88052e-15  1.92362e-16
      3352.94  5.99223e-15  6.77422e-17
      3355.69  6.10393e-15  7.06916e-17
      3358.43  6.21563e-15  7.40126e-17
      3361.18  6.32734e-15  6.57825e-17
      3363.93  6.34932e-15  7.38403e-17
      3366.68  6.36404e-15  6.80829e-17
      3369.42  6.20265e-15  8.21645e-17
      3372.17  6.05704e-15  8.45381e-17
      3374.92  6.10132e-15  7.21136e-17
      3377.67  6.14560e-15  6.54417e-17
      3380.41  6.18987e-15  6.73567e-17
      3383.16  6.23416e-15  6.74176e-17
      3385.91  6.26383e-15  6.47392e-17
      3388.66  6.30208e-15  7.26448e-17
      3391.41  6.34033e-15  2.62713e-16
      3394.15  6.37858e-15  6.68159e-17
      3396.90  6.41683e-15  7.42191e-17
      3399.65  6.47502e-15  7.20058e-17
      3402.40  6.35120e-15  7.38638e-17
      3405.14  6.45061e-15  7.05694e-17
      3407.89  6.34472e-15  6.93315e-17
      3410.64  6.27029e-15  6.94753e-17
      3413.39  6.43032e-15  7.62537e-17
      3416.14  6.43513e-15  6.54465e-17
      3418.88  6.45832e-15  6.66005e-17
      3421.63  6.38369e-15  7.79417e-17
      3424.38  6.39967e-15  6.86115e-17
      3427.13  6.73035e-15  6.58375e-17
      3429.87  6.62888e-15  6.97750e-17
      3432.62  6.72952e-15  7.06607e-17
      3435.37  6.87847e-15  7.34380e-17
      3438.12  6.76976e-15  7.57935e-17
      3440.87  6.90674e-15  6.72245e-17
      3443.61  6.88603e-15  6.56476e-17
      3446.36  6.92097e-15  6.69545e-17
      3449.11  6.94358e-15  6.96770e-17
      3451.86  7.24084e-15  7.53711e-17
      3454.61  7.23613e-15  7.11156e-17
      3457.35  7.14655e-15  7.05379e-17
      3460.10  7.24057e-15  7.07371e-17
      3462.85  7.46914e-15  6.73254e-17
      3465.60  7.49162e-15  6.71539e-17
      3468.35  7.50908e-15  6.75272e-17
      3471.09  7.42591e-15  6.68805e-17
      3473.84  7.50636e-15  6.84784e-17
      3476.59  7.59117e-15  6.81249e-17
      3479.34  7.47293e-15  8.17859e-17
      3482.09  7.65835e-15  8.04531e-17
      3484.83  7.63746e-15  7.79418e-17
      3487.58  7.76054e-15  7.83082e-17
      3490.33  7.84887e-15  7.32323e-17
      3493.08  7.86619e-15  8.64217e-17
      3495.83  8.19140e-15  6.85693e-17
      3498.57  8.09493e-15  7.29751e-17
      3501.32  8.20968e-15  7.46605e-17
      3504.07  8.32383e-15  6.87323e-17
      3506.82  8.40815e-15  7.22910e-17
      3509.57  8.51888e-15  7.10660e-17
      3512.32  8.52217e-15  7.32203e-17
      3515.06  8.57013e-15  7.49060e-17
      3517.81  8.68228e-15  7.40931e-17
      3520.56  8.73192e-15  7.37098e-17
      3523.31  8.87185e-15  7.64888e-17
      3526.06  9.10094e-15  7.15820e-17
      3528.80  9.14549e-15  7.57929e-17
      3531.55  9.26685e-15  8.06817e-17
      3534.30  9.43580e-15  7.78940e-17
      3537.05  9.46054e-15  8.58638e-17
      3539.80  9.70642e-15  7.88417e-17
      3542.55  1.00290e-14  8.35706e-17
      3545.29  1.00658e-14  7.97962e-17
      3548.04  1.00570e-14  8.12214e-17
      3550.79  1.02618e-14  8.02678e-17
      3553.54  1.02165e-14  7.84393e-17
      3556.29  1.03067e-14  8.72141e-17
      3559.03  1.02855e-14  8.56895e-17
      3561.78  1.03817e-14  9.42414e-17
      3564.53  1.04626e-14  8.49922e-17
      3567.28  1.04471e-14  8.07559e-17
      3570.03  1.03710e-14  9.00360e-17
      3572.78  1.02098e-14  8.77126e-17
      3575.52  1.05138e-14  8.16163e-17
      3578.27  1.08293e-14  8.53634e-17
      3581.02  1.09521e-14  8.22829e-17
      3583.77  1.10507e-14  8.22740e-17
      3586.52  1.08935e-14  8.58940e-17
      3589.27  1.13399e-14  8.08741e-17
      3592.01  1.11465e-14  9.19340e-17
      3594.76  1.13105e-14  7.87169e-17
      3597.51  1.13022e-14  7.85466e-17
      3600.26  1.11760e-14  8.75549e-17
      3603.01  1.12913e-14  8.24941e-17
      3605.76  1.09498e-14  1.26710e-16
      3608.51  1.17775e-14  8.47293e-17
      3611.25  1.15251e-14  8.39716e-17
      3614.00  1.14461e-14  8.14466e-17
      3616.75  1.14266e-14  8.64344e-17
      3619.50  1.12849e-14  8.19500e-17
      3622.25  1.15368e-14  1.02152e-16
      3625.00  1.12940e-14  9.26013e-17
      3627.74  1.13632e-14  8.49158e-17
      3630.49  1.10962e-14  9.61044e-17
      3633.24  1.11741e-14  9.16810e-17
      3635.99  1.12299e-14  8.51300e-17
      3638.74  1.11308e-14  8.87612e-17
      3641.49  1.10280e-14  8.46893e-17
      3644.23  1.13650e-14  8.24816e-17
      3646.98  1.12637e-14  8.58312e-17
      3649.73  1.09479e-14  8.01196e-17
      3652.48  1.12416e-14  8.15501e-17
      3655.23  1.14058e-14  7.93966e-17
      3657.98  1.13761e-14  8.19278e-17
      3660.73  1.14203e-14  8.56907e-17
      3663.47  1.11676e-14  9.42097e-17
      3666.22  1.13470e-14  1.20407e-16
      3668.97  1.11505e-14  9.17217e-17
      3671.72  1.13589e-14  9.00281e-17
      3674.47  1.14844e-14  8.87832e-17
      3677.22  1.10607e-14  8.66372e-17
      3679.97  1.11294e-14  7.61010e-17
      3682.71  1.09084e-14  7.83171e-17
      3685.46  1.08161e-14  9.13171e-17
      3688.21  1.06393e-14  7.64998e-17
      3690.96  1.05876e-14  7.65687e-17
      3693.71  1.06737e-14  7.68325e-17
      3696.46  1.04218e-14  9.68478e-17
      3699.21  1.03211e-14  8.07556e-17
      3701.95  1.02203e-14  1.92839e-16
      3704.70  1.01196e-14  7.29983e-17
      3707.45  1.00188e-14  7.70698e-17
      3710.20  9.83408e-15  7.23417e-17
      3712.95  9.42275e-15  7.51768e-17
      3715.70  8.90466e-15  7.45765e-17
      3718.45  8.87632e-15  7.75412e-17
      3721.19  8.89226e-15  7.30992e-17
      3723.94  8.66989e-15  6.80226e-17
      3726.69  8.39133e-15  5.99445e-17
      3729.44  7.91640e-15  6.13604e-17
      3732.19  7.62321e-15  6.98392e-17
      3734.94  7.65478e-15  6.49699e-17
      3737.69  7.43685e-15  5.66162e-17
      3740.43  7.31657e-15  5.63962e-17
      3743.18  6.87592e-15  5.57187e-17
      3745.93  6.66003e-15  5.58453e-17
      3748.68  6.50878e-15  5.22644e-17
      3751.43  6.30277e-15  5.11921e-17
      3754.18  6.24027e-15  5.38701e-17
      3756.93  5.99285e-15  5.89583e-17
      3759.67  5.93977e-15  5.09132e-17
      3762.42  5.70827e-15  5.32473e-17
      3765.17  5.53529e-15  5.21625e-17
      3767.92  5.55925e-15  5.09132e-17
      3770.67  5.68392e-15  4.68293e-17
      3773.42  5.57882e-15  4.57632e-17
      3776.17  5.57947e-15  4.70344e-17
      3778.91  5.56390e-15  4.64983e-17
      3781.66  5.40552e-15  5.53159e-17
      3784.41  5.51571e-15  4.69133e-17
      3787.16  5.45687e-15  4.66990e-17
      3789.91  5.31505e-15  4.84570e-17
      3792.66  5.29163e-15  4.82165e-17
      3795.41  5.27678e-15  5.26223e-17
      3798.16  5.09135e-15  4.68741e-17
      3800.90  5.10687e-15  4.68316e-17
      3803.65  5.15439e-15  4.58589e-17
      3806.40  5.11745e-15  4.83465e-17
      3809.15  5.16421e-15  4.27286e-17
      3811.90  5.06328e-15  4.87734e-17
      3814.65  5.00670e-15  4.25730e-17
      3817.40  5.07154e-15  4.41855e-17
      3820.14  4.87784e-15  4.67377e-17
      3822.89  4.96061e-15  4.14888e-17
      3825.64  4.92310e-15  4.20945e-17
      3828.39  4.83501e-15  4.15395e-17
      3831.14  4.81230e-15  4.12969e-17
      3833.89  4.79898e-15  4.44600e-17
      3836.64  4.92737e-15  4.26708e-17
      3839.39  4.88612e-15  4.44567e-17
      3842.13  5.09131e-15  4.63705e-17
      3844.88  5.21602e-15  4.65703e-17
      3847.63  5.24395e-15  4.20198e-17
      3850.38  5.33067e-15  4.67376e-17
      3853.13  5.48864e-15  5.61343e-17
      3855.88  5.54576e-15  5.11229e-17
      3858.63  5.94087e-15  4.42489e-17
      3861.37  5.97351e-15  4.55011e-17
      3864.12  6.05770e-15  4.98414e-17
      3866.87  6.08471e-15  5.47148e-17
      3869.62  6.32180e-15  5.55384e-17
      3872.37  6.39420e-15  8.04979e-17
      3875.12  7.03152e-15  4.76998e-17
      3877.87  7.09896e-15  5.86612e-17
      3880.61  7.43768e-15  5.35553e-17
      3883.36  7.89172e-15  5.25576e-17
      3886.11  8.03659e-15  6.65385e-17
      3888.86  8.58177e-15  5.46747e-17
      3891.61  8.92058e-15  6.36780e-17
      3894.36  8.98269e-15  8.38168e-17
      3897.11  9.71606e-15  6.97748e-17
      3899.86  9.87815e-15  7.17459e-17
      3902.60  1.02213e-14  6.86550e-17
      3905.35  1.02040e-14  7.06138e-17
      3908.10  1.07352e-14  6.95834e-17
      3910.85  1.11401e-14  7.03326e-17
      3913.60  1.10986e-14  9.00167e-17
      3916.35  1.10611e-14  1.03133e-16
      3919.10  1.17474e-14  6.58596e-17
      3921.84  1.19986e-14  6.51462e-17
      3924.59  1.18104e-14  8.98136e-17
      3927.34  1.19785e-14  9.56039e-17
      3930.09  1.22979e-14  7.51236e-17
      3932.84  1.21575e-14  7.31796e-17
      3935.59  1.21175e-14  7.24629e-17
      3938.34  1.22560e-14  6.73417e-17
      3941.09  1.26533e-14  6.66486e-17
      3943.83  1.22600e-14  9.65531e-17
      3946.58  1.25422e-14  9.12661e-17
      3949.33  1.29738e-14  7.58470e-17
      3952.08  1.27367e-14  9.12561e-17
      3954.83  1.27655e-14  9.55236e-17
      3957.58  1.32490e-14  8.02163e-17
      3960.33  1.32563e-14  9.58215e-17
      3963.07  1.31504e-14  1.06896e-16
      3965.82  1.31627e-14  9.36819e-17
      3968.57  1.33197e-14  7.33964e-17
      3971.32  1.34768e-14  8.41012e-17
      3974.07  1.36338e-14  6.80095e-17
      3976.82  1.37909e-14  9.91390e-17
      3979.57  1.39623e-14  9.86101e-17
      3982.31  1.40277e-14  9.36274e-17
      3985.06  1.41578e-14  8.29205e-17
      3987.81  1.40707e-14  8.09972e-17
      3990.56  1.38596e-14  7.68202e-17
      3993.31  1.37807e-14  9.15138e-17
      3996.06  1.32145e-14  1.05024e-16
      3998.81  1.32104e-14  8.95666e-17
      4001.55  1.30369e-14  1.04132e-16
      4004.30  1.28635e-14  8.38969e-17
      4007.05  1.26900e-14  8.21015e-17
      4009.80  1.25166e-14  8.60380e-17
      4012.55  1.23431e-14  8.65669e-17
      4015.30  1.21697e-14  8.43070e-17
      4018.05  1.20918e-14  6.99577e-17
      4020.79  1.19767e-14  6.67172e-17
      4023.54  1.19428e-14  6.65035e-17
      4026.29  1.19044e-14  6.64784e-17
      4029.04  1.17749e-14  8.62734e-17
      4031.79  1.16441e-14  6.94632e-17
      4034.54  1.16164e-14  6.50692e-17
      4037.29  1.16504e-14  6.39224e-17
      4040.03  1.16372e-14  6.66589e-17
      4042.78  1.16830e-14  9.39910e-17
      4045.53  1.17288e-14  6.42058e-17
      4048.28  1.17682e-14  6.51949e-17
      4051.03  1.17935e-14  8.73837e-17
      4053.78  1.18188e-14  9.91141e-17
      4056.53  1.18442e-14  7.28120e-17
      4059.27  1.18695e-14  7.97268e-17
      4062.02  1.19974e-14  8.07766e-17
      4064.77  1.23955e-14  6.62018e-17
      4067.52  1.24654e-14  6.61215e-17
      4070.27  1.25859e-14  7.01324e-17
      4073.02  1.24343e-14  8.83742e-17
      4075.77  1.23248e-14  8.76634e-17
      4078.51  1.27999e-14  6.78122e-17
      4081.26  1.26475e-14  8.25486e-17
      4084.01  1.28467e-14  8.54902e-17
      4086.76  1.32594e-14  7.61761e-17
      4089.51  1.33109e-14  6.78180e-17
      4092.26  1.32190e-14  8.39872e-17
      4095.00  1.33051e-14  6.94092e-17
      4097.75  1.34921e-14  7.39117e-17
      4100.50  1.33200e-14  8.97697e-17
      4103.25  1.36055e-14  8.28345e-17
      4106.00  1.35476e-14  8.54933e-17
      4108.75  1.36970e-14  8.51282e-17
      4111.49  1.32826e-14  1.00171e-16
      4114.24  1.37080e-14  7.26910e-17
      4116.99  1.37453e-14  8.41786e-17
      4119.74  1.38594e-14  7.29099e-17
      4122.49  1.37066e-14  6.95476e-17
      4125.24  1.36927e-14  6.89238e-17
      4127.98  1.35693e-14  6.89092e-17
      4130.73  1.35589e-14  8.32884e-17
      4133.48  1.33634e-14  6.91749e-17
      4136.23  1.33709e-14  8.25220e-17
      4138.98  1.31295e-14  8.65291e-17
      4141.73  1.30754e-14  8.70974e-17
      4144.48  1.33678e-14  8.16044e-17
      4147.22  1.31016e-14  8.80551e-17
      4149.97  1.31450e-14  7.10120e-17
      4152.72  1.28705e-14  8.03792e-17
      4155.47  1.29255e-14  6.78467e-17
      4158.22  1.27033e-14  7.88175e-17
      4160.96  1.23881e-14  8.00185e-17
      4163.71  1.23343e-14  7.82707e-17
      4166.46  1.20931e-14  7.60218e-17
      4169.21  1.19606e-14  7.72250e-17
      4171.96  1.19505e-14  7.97761e-17
      4174.71  1.16618e-14  8.35699e-17
      4177.45  1.18903e-14  7.85757e-17
      4180.20  1.19239e-14  7.81379e-17
      4182.95  1.16248e-14  7.73651e-17
      4185.70  1.20625e-14  6.21931e-17
      4188.45  1.19204e-14  5.95378e-17
      4191.20  1.17336e-14  6.00415e-17
      4193.94  1.20234e-14  6.05782e-17
      4196.69  1.19533e-14  6.02830e-17
      4199.44  1.18378e-14  6.07146e-17
      4202.19  1.14678e-14  7.61552e-17
      4204.94  1.15753e-14  6.87571e-17
      4207.68  1.17553e-14  6.19896e-17
      4210.43  1.16643e-14  6.89617e-17
      4213.18  1.17824e-14  7.22110e-17
      4215.93  1.13942e-14  7.86622e-17
      4218.68  1.12545e-14  7.50725e-17
      4221.43  1.13707e-14  7.52298e-17
      4224.17  1.14124e-14  5.92098e-17
      4226.92  1.12071e-14  7.13507e-17
      4229.67  1.11737e-14  6.99846e-17
      4232.42  1.09808e-14  7.32050e-17
      4235.17  1.09763e-14  6.06562e-17
      4237.91  1.06667e-14  7.02465e-17
      4240.66  1.05604e-14  5.82950e-17
      4243.41  1.05256e-14  5.65538e-17
      4246.16  1.03942e-14  5.73339e-17
      4248.91  1.01035e-14  6.79100e-17
      4251.65  1.00961e-14  5.56983e-17
      4254.40  9.87572e-15  6.62349e-17
      4257.15  9.96944e-15  5.51812e-17
      4259.90  9.72352e-15  5.82774e-17
      4262.65  9.73739e-15  5.44842e-17
      4265.39  9.44844e-15  6.89151e-17
      4268.14  9.41321e-15  6.57137e-17
      4270.89  9.27027e-15  6.49229e-17
      4273.64  9.12128e-15  6.39950e-17
      4276.39  9.28672e-15  5.29858e-17
      4279.13  9.13294e-15  5.20794e-17
      4281.88  9.05914e-15  5.82638e-17
      4284.63  8.98277e-15  5.18698e-17
      4287.38  8.88778e-15  5.11164e-17
      4290.12  8.91312e-15  4.97608e-17
      4292.87  8.76880e-15  5.06753e-17
      4295.62  8.46123e-15  6.17861e-17
      4298.37  8.51915e-15  5.22772e-17
      4301.12  8.22026e-15  6.05000e-17
      4303.86  8.24026e-15  5.87395e-17
      4306.61  8.21833e-15  4.94114e-17
      4309.36  8.20718e-15  4.74343e-17
      4312.11  8.04844e-15  4.83501e-17
      4314.86  7.98681e-15  4.65379e-17
      4317.60  7.84590e-15  4.63236e-17
      4320.35  7.86846e-15  5.34107e-17
      4323.10  7.62086e-15  4.75390e-17
      4325.85  7.60915e-15  4.55356e-17
      4328.59  7.43224e-15  4.64481e-17
      4331.34  7.39934e-15  4.63099e-17
      4334.09  7.40462e-15  4.61032e-17
      4336.84  7.30566e-15  4.58329e-17
      4339.59  7.36185e-15  4.69786e-17
      4342.33  7.42067e-15  4.75146e-17
      4345.08  7.50001e-15  4.78908e-17
      4347.83  7.22703e-15  4.85342e-17
      4350.58  7.20676e-15  5.70135e-17
      4353.32  7.31148e-15  5.47628e-17
      4356.07  7.53154e-15  5.12222e-17
      4358.82  7.72389e-15  4.47686e-17
      4361.57  7.63356e-15  5.13392e-17
      4364.31  7.60640e-15  4.99132e-17
      4367.06  7.66482e-15  4.60205e-17
      4369.81  7.73459e-15  4.66191e-17
      4372.56  7.79813e-15  4.51209e-17
      4375.30  7.84674e-15  4.53402e-17
      4378.05  7.77885e-15  5.26316e-17
      4380.80  7.96687e-15  4.71028e-17
      4383.55  8.06290e-15  4.75754e-17
      4386.29  7.99371e-15  4.66183e-17
      4389.04  8.39212e-15  4.40710e-17
      4391.79  8.26735e-15  4.21524e-17
      4394.54  8.23647e-15  4.21868e-17
      4397.28  8.44028e-15  4.81506e-17
      4400.03  8.29206e-15  5.48796e-17
      4402.78  8.32139e-15  5.54020e-17
      4405.53  8.43434e-15  4.77321e-17
      4408.27  8.45443e-15  4.98536e-17
      4411.02  8.58061e-15  4.96037e-17
      4413.77  8.43759e-15  6.50168e-17
      4416.52  8.71170e-15  5.07604e-17
      4419.26  8.77810e-15  5.26627e-17
      4422.01  8.95775e-15  4.87747e-17
      4424.76  8.85344e-15  4.72705e-17
      4427.51  8.86342e-15  4.98140e-17
      4430.25  8.97041e-15  4.72923e-17
      4433.00  8.96885e-15  5.03550e-17
      4435.75  8.74219e-15  6.57077e-17
      4438.49  8.83495e-15  4.80242e-17
      4441.24  8.49261e-15  6.49186e-17
      4443.99  8.48581e-15  4.68103e-17
      4446.74  8.32038e-15  4.64840e-17
      4449.48  8.28380e-15  4.72033e-17
      4452.23  8.13414e-15  4.50209e-17
      4454.98  8.18263e-15  4.57284e-17
      4457.72  7.98238e-15  5.06143e-17
      4460.47  7.77376e-15  6.07418e-17
      4463.22  7.75436e-15  4.47107e-17
      4465.97  7.54462e-15  5.39369e-17
      4468.71  7.68292e-15  4.41665e-17
      4471.46  7.48758e-15  5.95729e-17
      4474.21  7.57817e-15  4.43450e-17
      4476.95  7.53255e-15  6.01870e-17
      4479.70  7.93338e-15  4.15186e-17
      4482.45  7.98253e-15  4.56682e-17
      4485.20  7.92473e-15  4.64086e-17
      4487.94  7.93561e-15  6.53955e-17
      4490.69  8.16279e-15  4.59303e-17
      4493.44  8.60085e-15  4.21880e-17
      4496.18  8.47975e-15  5.18123e-17
      4498.93  8.74428e-15  4.54763e-17
      4501.68  8.73929e-15  5.08007e-17
      4504.42  8.88791e-15  5.08510e-17
      4507.17  8.95768e-15  5.51886e-17
      4509.92  9.06126e-15  5.67966e-17
      4512.66  9.06121e-15  6.63106e-17
      4515.41  9.10570e-15  6.70122e-17
      4518.16  9.51711e-15  5.83693e-17
      4520.91  9.41167e-15  6.73002e-17
      4523.65  9.48695e-15  5.47448e-17
      4526.40  9.51151e-15  5.12167e-17
      4529.15  9.56981e-15  5.58064e-17
      4531.89  9.56438e-15  5.39899e-17
      4534.64  9.54156e-15  5.91307e-17
      4537.39  9.32755e-15  7.35872e-17
      4540.13  9.64698e-15  6.92320e-17
      4542.88  9.90736e-15  5.08744e-17
      4545.63  9.67910e-15  6.22443e-17
      4548.37  9.59056e-15  6.82463e-17
      4551.12  9.85305e-15  5.19115e-17
      4553.87  9.89032e-15  5.26013e-17
      4556.61  9.80009e-15  6.82004e-17
      4559.36  9.99142e-15  6.69178e-17
      4562.11  1.01878e-14  4.88551e-17
      4564.85  9.81863e-15  6.86187e-17
      4567.60  9.40546e-15  7.70246e-17
      4570.35  9.73224e-15  5.98145e-17
      4573.09  9.90785e-15  5.07561e-17
      4575.84  9.68247e-15  4.91640e-17
      4578.58  9.46531e-15  6.77276e-17
      4581.33  9.66445e-15  5.95386e-17
      4584.08  9.36825e-15  6.76672e-17
      4586.82  9.42281e-15  6.73697e-17
      4589.57  9.38122e-15  7.05166e-17
      4592.32  9.49695e-15  5.62935e-17
      4595.06  9.50833e-15  5.40248e-17
      4597.81  9.33122e-15  7.16592e-17
      4600.56  9.34527e-15  6.69328e-17
      4603.30  9.42240e-15  5.59641e-17
      4606.05  9.60428e-15  5.64442e-17
      4608.79  9.43305e-15  6.75343e-17
      4611.54  9.56932e-15  6.81275e-17
      4614.29  9.78704e-15  5.27145e-17
      4617.03  9.42249e-15  7.40664e-17
      4619.78  9.48001e-15  7.39503e-17
      4622.53  9.40592e-15  7.35243e-17
      4625.27  9.56194e-15  6.29424e-17
      4628.02  9.69052e-15  4.97536e-17
      4630.76  9.59272e-15  5.62656e-17
      4633.51  9.75539e-15  5.25042e-17
      4636.26  9.76814e-15  5.22436e-17
      4639.00  9.72237e-15  5.23888e-17
      4641.75  9.42781e-15  6.24546e-17
      4644.49  9.59208e-15  6.59714e-17
      4647.24  9.60830e-15  4.91028e-17
      4649.99  9.50855e-15  4.90218e-17
      4652.73  9.36225e-15  6.64694e-17
      4655.48  9.15091e-15  7.00460e-17
      4658.22  9.25448e-15  6.75488e-17
      4660.97  9.26853e-15  6.66105e-17
      4663.72  8.88641e-15  7.47926e-17
      4666.46  9.06975e-15  7.75925e-17
      4669.21  8.74604e-15  7.10144e-17
      4671.95  9.02893e-15  6.45603e-17
      4674.70  8.61990e-15  7.01526e-17
      4677.45  8.50293e-15  7.09393e-17
      4680.19  8.51164e-15  5.27856e-17
      4682.94  8.45236e-15  6.41136e-17
      4685.68  8.09662e-15  6.65696e-17
      4688.43  8.35216e-15  4.63245e-17
      4691.17  8.02092e-15  5.54742e-17
      4693.92  7.65362e-15  6.66672e-17
      4696.67  7.79799e-15  4.54497e-17
      4699.41  7.73249e-15  4.88508e-17
      4702.16  7.72426e-15  4.43364e-17
      4704.90  7.41834e-15  6.47986e-17
      4707.65  7.36476e-15  5.53326e-17
      4710.39  7.31197e-15  5.93822e-17
      4713.14  7.59815e-15  4.69559e-17
      4715.89  7.48974e-15  4.82341e-17
      4718.63  7.48263e-15  4.80291e-17
      4721.38  7.51480e-15  4.38884e-17
      4724.12  7.58333e-15  4.33766e-17
      4726.87  7.23094e-15  5.80535e-17
      4729.61  7.63280e-15  4.15449e-17
      4732.36  7.41324e-15  4.95591e-17
      4735.10  7.61808e-15  4.66045e-17
      4737.85  7.59816e-15  4.82624e-17
      4740.59  7.68235e-15  4.46827e-17
      4743.34  7.73397e-15  4.26855e-17
      4746.09  7.71425e-15  4.84582e-17
      4748.83  7.51012e-15  4.86275e-17
      4751.58  7.43848e-15  6.03122e-17
      4754.32  7.84060e-15  4.02020e-17
      4757.07  7.48922e-15  5.41415e-17
      4759.81  7.44995e-15  6.09149e-17
      4762.56  7.38404e-15  6.02885e-17
      4765.30  7.56921e-15  3.93251e-17
      4768.05  7.24919e-15  6.08088e-17
      4770.79  7.09684e-15  6.01134e-17
      4773.54  7.16087e-15  4.73085e-17
      4776.28  7.18455e-15  4.12079e-17
      4779.03  6.93725e-15  5.91148e-17
      4781.77  6.91130e-15  5.61829e-17
      4784.52  6.91964e-15  4.42992e-17
      4787.26  6.71218e-15  5.48915e-17
      4790.01  6.69536e-15  4.50157e-17
      4792.75  6.48834e-15  5.14691e-17
      4795.50  6.51441e-15  5.45791e-17
      4798.24  6.56114e-15  4.64662e-17
      4800.99  6.41143e-15  5.48634e-17
      4803.73  6.48646e-15  4.37943e-17
      4806.48  6.46521e-15  3.97282e-17
      4809.22  6.24259e-15  5.99192e-17
      4811.97  6.45385e-15  4.25601e-17
      4814.71  6.67141e-15  3.74445e-17
      4817.46  6.52208e-15  5.37137e-17
      4820.20  6.71202e-15  4.71610e-17
      4822.95  6.69373e-15  4.64052e-17
      4825.69  6.57574e-15  5.95757e-17
      4828.44  6.71608e-15  5.54307e-17
      4831.18  6.85140e-15  4.19054e-17
      4833.92  6.91898e-15  4.07025e-17
      4836.67  6.79790e-15  5.63735e-17
      4839.41  6.81141e-15  5.53229e-17
      4842.16  6.74094e-15  5.59738e-17
      4844.90  6.92287e-15  4.16795e-17
      4847.65  6.74322e-15  5.56557e-17
      4850.39  6.75028e-15  4.69515e-17
      4853.14  6.87029e-15  3.97569e-17
      4855.88  6.76327e-15  4.16149e-17
      4858.63  6.68684e-15  4.88206e-17
      4861.37  6.63376e-15  4.22754e-17
      4864.11  6.54053e-15  4.07440e-17
      4866.86  6.24176e-15  5.20654e-17
      4869.60  6.23683e-15  4.10032e-17
      4872.35  6.17349e-15  4.70953e-17
      4875.09  6.04276e-15  4.32406e-17
      4877.84  5.95461e-15  3.82621e-17
      4880.58  5.69610e-15  5.07388e-17
      4883.32  5.69500e-15  4.42132e-17
      4886.07  5.55494e-15  5.13571e-17
      4888.81  5.52811e-15  4.81534e-17
      4891.56  5.39519e-15  4.95691e-17
      4894.30  5.29791e-15  4.85276e-17
      4897.05  5.43920e-15  3.79064e-17
      4899.79  5.17659e-15  5.33312e-17
      4902.53  5.38204e-15  3.57749e-17
      4905.28  5.40869e-15  3.16998e-17
      4908.02  5.36844e-15  3.17896e-17
      4910.77  5.38877e-15  3.30842e-17
      4913.51  5.30770e-15  3.90773e-17
      4916.25  5.35157e-15  3.95206e-17
      4919.00  5.41941e-15  3.63091e-17
      4921.74  5.33891e-15  3.77217e-17
      4924.48  5.50224e-15  3.34183e-17
      4927.23  5.53261e-15  3.40643e-17
      4929.97  5.56601e-15  3.69228e-17
      4932.72  5.55106e-15  4.84496e-17
      4935.46  5.66394e-15  3.53166e-17
      4938.20  5.56549e-15  4.94262e-17
      4940.95  5.63458e-15  4.86011e-17
      4943.69  5.73447e-15  4.01039e-17
      4946.44  5.77035e-15  4.81304e-17
      4949.18  5.83394e-15  4.14052e-17
      4951.92  5.90966e-15  3.51403e-17
      4954.67  5.79582e-15  4.09369e-17
      4957.41  5.85125e-15  3.54503e-17
      4960.15  5.96564e-15  3.61386e-17
      4962.90  5.92995e-15  3.57931e-17
      4965.64  5.73157e-15  4.92432e-17
      4968.38  5.47682e-15  5.36956e-17
      4971.13  5.76738e-15  4.04922e-17
      4973.87  5.61681e-15  4.98917e-17
      4976.61  5.84309e-15  4.08079e-17
      4979.36  5.78714e-15  3.52401e-17
      4982.10  5.88700e-15  3.97769e-17
      4984.84  5.80330e-15  4.29531e-17
      4987.59  5.81684e-15  4.82673e-17
      4990.33  5.73094e-15  4.90148e-17
      4993.07  5.70583e-15  5.43268e-17
      4995.82  5.70130e-15  5.31952e-17
      4998.56  5.69217e-15  5.38654e-17
      5001.30  5.73271e-15  4.96456e-17
      5004.05  5.86065e-15  3.89035e-17
      5006.79  5.60553e-15  5.08479e-17
      5009.53  5.52617e-15  5.00899e-17
      5012.27  5.57203e-15  4.95130e-17
      5015.02  5.85240e-15  3.43305e-17
      5017.76  5.51993e-15  5.31599e-17
      5020.50  5.74850e-15  3.98047e-17
      5023.25  5.81344e-15  3.43666e-17
      5025.99  5.83925e-15  3.31696e-17
      5028.73  5.69730e-15  3.80196e-17
      5031.48  5.52113e-15  5.37028e-17
      5034.22  5.66302e-15  4.67079e-17
      5036.96  5.73775e-15  3.57784e-17
      5039.70  5.78708e-15  3.69364e-17
      5042.45  5.80019e-15  3.39104e-17
      5045.19  5.63146e-15  4.80818e-17
      5047.93  5.64852e-15  5.13208e-17
      5050.67  5.75819e-15  4.97901e-17
      5053.42  5.79777e-15  4.36009e-17
      5056.16  5.81933e-15  4.99772e-17
      5058.90  5.69705e-15  5.71291e-17
      5061.64  6.08572e-15  3.59040e-17
      5064.39  5.88329e-15  4.08336e-17
      5067.13  6.11471e-15  4.29984e-17
      5069.87  6.03046e-15  4.31261e-17
      5072.61  5.98837e-15  4.93098e-17
      5075.36  6.19654e-15  3.57635e-17
      5078.10  6.15501e-15  4.14024e-17
      5080.84  6.07254e-15  5.18162e-17
      5083.58  6.09660e-15  5.26259e-17
      5086.33  6.13197e-15  5.11847e-17
      5089.07  6.34408e-15  4.57454e-17
      5091.81  6.45309e-15  4.25112e-17
      5094.55  6.53898e-15  4.02456e-17
      5097.29  6.49689e-15  4.18761e-17
      5100.04  6.68568e-15  4.05531e-17
      5102.78  6.65407e-15  4.10295e-17
      5105.52  6.54915e-15  5.58478e-17
      5108.26  6.66209e-15  5.27867e-17
      5111.01  6.86650e-15  4.18612e-17
      5113.75  6.84922e-15  5.16722e-17
      5116.49  6.71535e-15  4.92418e-17
      5119.23  6.76745e-15  5.72701e-17
      5121.97  6.89585e-15  5.39720e-17
      5124.72  7.12117e-15  3.98073e-17
      5127.46  7.24026e-15  4.36812e-17
      5130.20  7.16218e-15  5.48146e-17
      5132.94  7.19475e-15  5.54267e-17
      5135.68  7.39514e-15  4.50495e-17
      5138.42  7.28121e-15  4.53367e-17
      5141.17  7.28136e-15  4.74161e-17
      5143.91  7.41311e-15  4.43384e-17
      5146.65  7.40276e-15  4.29813e-17
      5149.39  7.39479e-15  5.50185e-17
      5152.13  7.40986e-15  5.76026e-17
      5154.87  7.54223e-15  5.73831e-17
      5157.62  7.54831e-15  4.62685e-17
      5160.36  7.61671e-15  4.63059e-17
      5163.10  7.47875e-15  5.18728e-17
      5165.84  7.63727e-15  4.51886e-17
      5168.58  7.58976e-15  4.55048e-17
      5171.32  7.49828e-15  4.58804e-17
      5174.06  7.25449e-15  5.55168e-17
      5176.81  7.23965e-15  5.79845e-17
      5179.55  7.36122e-15  5.45445e-17
      5182.29  7.36750e-15  4.81415e-17
      5185.03  7.13767e-15  5.57837e-17
      5187.77  7.09938e-15  5.31666e-17
      5190.51  7.21016e-15  4.32803e-17
      5193.25  7.13446e-15  4.47187e-17
      5195.99  7.38165e-15  3.85410e-17
      5198.73  7.12469e-15  4.14958e-17
      5201.48  7.07617e-15  4.29922e-17
      5204.22  7.01639e-15  5.31139e-17
      5206.96  7.11515e-15  4.19928e-17
      5209.70  6.91368e-15  5.93986e-17
      5212.44  7.01572e-15  4.95183e-17
      5215.18  6.98986e-15  5.21301e-17
      5217.92  7.01556e-15  5.39865e-17
      5220.66  7.19467e-15  3.83247e-17
      5223.40  7.09889e-15  4.40139e-17
      5226.14  7.17003e-15  4.62749e-17
      5228.88  7.15629e-15  5.23070e-17
      5231.62  7.19168e-15  4.37148e-17
      5234.37  7.46973e-15  4.02337e-17
      5237.11  7.33449e-15  4.23188e-17
      5239.85  7.24734e-15  4.27382e-17
      5242.59  7.27209e-15  4.29434e-17
      5245.33  7.14146e-15  5.43115e-17
      5248.07  6.92727e-15  5.93931e-17
      5250.81  7.16258e-15  5.50593e-17
      5253.55  6.97836e-15  5.31643e-17
      5256.29  7.17582e-15  4.25493e-17
      5259.03  7.11934e-15  4.38228e-17
      5261.77  7.08620e-15  4.20675e-17
      5264.51  6.95309e-15  4.43542e-17
      5267.25  6.75249e-15  4.33528e-17
      5269.99  6.70073e-15  4.22052e-17
      5272.73  6.64547e-15  4.31632e-17
      5275.47  6.49544e-15  4.01370e-17
      5278.21  6.38955e-15  3.82730e-17
      5280.95  6.12037e-15  4.40405e-17
      5283.69  5.97785e-15  4.86376e-17
      5286.43  5.87123e-15  4.02442e-17
      5289.17  5.80341e-15  3.41620e-17
      5291.91  5.62215e-15  3.73521e-17
      5294.65  5.50142e-15  3.72049e-17
      5297.39  5.18836e-15  4.53416e-17
      5300.13  5.25169e-15  4.51456e-17
      5302.87  5.22254e-15  3.18923e-17
      5305.61  4.99512e-15  3.52084e-17
      5308.35  4.80785e-15  4.54382e-17
      5311.09  4.90415e-15  3.44113e-17
      5313.83  4.77048e-15  3.10019e-17
      5316.57  4.79680e-15  3.12189e-17
      5319.31  4.59658e-15  3.39594e-17
      5322.05  4.62822e-15  3.42487e-17
      5324.79  4.51168e-15  4.18592e-17
      5327.53  4.66497e-15  3.08575e-17
      5330.27  4.58379e-15  4.19824e-17
      5333.01  4.54618e-15  4.19244e-17
      5335.75  4.69340e-15  3.18255e-17
      5338.49  4.55317e-15  4.23448e-17
      5341.22  4.52723e-15  4.17940e-17
      5343.96  4.48495e-15  4.44482e-17
      5346.70  4.52452e-15  4.43607e-17
      5349.44  4.77960e-15  3.32180e-17
      5352.18  4.84698e-15  3.08236e-17
      5354.92  4.73790e-15  3.13666e-17
      5357.66  4.92404e-15  3.25461e-17
      5360.40  4.79870e-15  3.47411e-17
      5363.14  4.78924e-15  3.15223e-17
      5365.88  4.74798e-15  4.45955e-17
      5368.62  4.85346e-15  4.29687e-17
      5371.35  4.85104e-15  4.38293e-17
      5374.09  4.87288e-15  4.37592e-17
      5376.83  4.92690e-15  3.54176e-17
      5379.57  5.12617e-15  3.49339e-17
      5382.31  4.94789e-15  4.49495e-17
      5385.05  5.13983e-15  3.66908e-17
      5387.79  5.13550e-15  3.73593e-17
      5390.53  5.16166e-15  3.79448e-17
      5393.27  4.94766e-15  4.64545e-17
      5396.00  5.29833e-15  3.75826e-17
      5398.74  5.31437e-15  3.87530e-17
      5401.48  5.40284e-15  3.74586e-17
      5404.22  5.52254e-15  3.37744e-17
      5406.96  5.48859e-15  3.71501e-17
      5409.70  5.37020e-15  4.72390e-17
      5412.44  5.36716e-15  4.56349e-17
      5415.17  5.53282e-15  3.68663e-17
      5417.91  5.54746e-15  3.74032e-17
      5420.65  5.41886e-15  4.72371e-17
      5423.39  5.52371e-15  3.80510e-17
      5426.13  5.55032e-15  3.90519e-17
      5428.86  5.47002e-15  3.72755e-17
      5431.60  5.67460e-15  3.12197e-17
      5434.34  5.55122e-15  3.56850e-17
      5437.08  5.45313e-15  4.00080e-17
      5439.82  5.37261e-15  3.92608e-17
      5442.56  5.29209e-15  3.92052e-17
      5445.29  5.43187e-15  3.83914e-17
      5448.03  5.36008e-15  3.66738e-17
      5450.77  5.28719e-15  3.82933e-17
      5453.51  5.32941e-15  3.65640e-17
      5456.24  5.32938e-15  3.37016e-17
      5458.98  5.19760e-15  3.45085e-17
      5461.72  5.16896e-15  3.66225e-17
      5464.46  5.06352e-15  4.47858e-17
      5467.20  4.99086e-15  4.55223e-17
      5469.93  5.09062e-15  3.24889e-17
      5472.67  5.00716e-15  3.17558e-17
      5475.41  4.92526e-15  3.58973e-17
      5478.15  4.81399e-15  3.55893e-17
      5480.88  4.74142e-15  7.96558e-17
      5483.62  4.66888e-15  3.11567e-17
      5486.36  4.59633e-15  3.45254e-17
      5489.10  4.51698e-15  3.55869e-17
      5491.83  4.52683e-15  3.09510e-17
      5494.57  4.50222e-15  3.13752e-17
      5497.31  4.52571e-15  3.14630e-17
      5500.04  4.42717e-15  3.01910e-17
      5502.78  4.26458e-15  4.09320e-17
      5505.52  4.25635e-15  4.10784e-17
      5508.26  4.31652e-15  3.08616e-17
      5510.99  4.32044e-15  3.12177e-17
      5513.73  4.42222e-15  3.41352e-17
      5516.47  4.33704e-15  3.37082e-17
      5519.20  4.46751e-15  3.34966e-17
      5521.94  4.53811e-15  3.59508e-17
      5524.68  4.53687e-15  3.38920e-17
      5527.42  4.57052e-15  3.43036e-17
      5530.15  4.72249e-15  3.06709e-17
      5532.89  4.77314e-15  3.49198e-17
      5535.63  4.71265e-15  4.33246e-17
      5538.36  4.88795e-15  3.57892e-17
      5541.10  5.03395e-15  3.59887e-17
      5543.84  5.15308e-15  3.33534e-17
      5546.57  5.23008e-15  3.61251e-17
      5549.31  5.19499e-15  3.93608e-17
      5552.04  5.39724e-15  4.56515e-17
      5554.78  5.41812e-15  3.28853e-17
      5557.52  5.45186e-15  3.72473e-17
      5560.25  5.50839e-15  3.79943e-17
      5562.99  5.66408e-15  3.81131e-17
      5565.73  5.76607e-15  3.54212e-17
      5568.46  5.81325e-15  3.39591e-17
      5571.20  5.71261e-15  4.82851e-17
      5573.94  5.74434e-15  4.80293e-17
      5576.67  5.93189e-15  3.87084e-17
      5579.41  5.99517e-15  3.96941e-17
      5582.14  5.89177e-15  4.86534e-17
      5584.88  6.04638e-15  3.97468e-17
      5587.62  6.12603e-15  4.00655e-17
      5590.35  5.95851e-15  4.96873e-17
      5593.09  6.19758e-15  3.94853e-17
      5595.82  6.06660e-15  5.29374e-17
      5598.56  6.26641e-15  4.06731e-17
      5601.29  6.03097e-15  4.94495e-17
      5604.03  6.18384e-15  4.11417e-17
      5606.77  6.02243e-15  4.07599e-17
      5609.50  5.99854e-15  3.96370e-17
      5612.24  5.98703e-15  4.09615e-17
      5614.97  6.01622e-15  3.86710e-17
      5617.71  6.06473e-15  3.92471e-17
      5620.44  6.00347e-15  4.10293e-17
      5623.18  5.95625e-15  3.90010e-17
      5625.92  6.01613e-15  3.92976e-17
      5628.65  5.99728e-15  4.96889e-17
      5631.39  5.95324e-15  4.98152e-17
      5634.12  6.18470e-15  4.33208e-17
      5636.86  6.07580e-15  4.03180e-17
      5639.59  5.95809e-15  5.01875e-17
      5642.33  6.05851e-15  5.36974e-17
      5645.06  6.16099e-15  4.41518e-17
      5647.80  6.28730e-15  4.08884e-17
      5650.53  6.33968e-15  3.72192e-17
      5653.27  6.17858e-15  5.07456e-17
      5656.00  6.16104e-15  5.01915e-17
      5658.74  6.38859e-15  4.11953e-17
      5661.47  6.23475e-15  4.09509e-17
      5664.21  6.21405e-15  4.29539e-17
      5666.94  6.20278e-15  5.01658e-17
      5669.68  6.08577e-15  5.00692e-17
      5672.41  6.16206e-15  5.01726e-17
      5675.15  6.21801e-15  4.02288e-17
      5677.88  6.04074e-15  4.98815e-17
      5680.61  6.15936e-15  5.05689e-17
      5683.35  6.29900e-15  4.03104e-17
      5686.08  6.11284e-15  5.17301e-17
      5688.82  6.28018e-15  4.18161e-17
      5691.55  6.23719e-15  4.35541e-17
      5694.29  6.14767e-15  5.16038e-17
      5697.02  9.04725e-15  4.53499e-16
