      2888.50 -1.19722e-14  4.43457e-15
      2891.24 -1.32389e-15  2.30914e-15
      2893.99 -7.22754e-17  1.93589e-15
      2896.73 -1.12412e-15  1.35320e-15
      2899.48 -1.57964e-15  1.11450e-15
      2902.22 -3.80560e-16  1.09233e-15
      2904.97  3.17198e-17  8.78787e-16
      2907.71  6.11832e-17  7.95810e-16
      2910.46 -9.65386e-16  1.66590e-15
      2913.20 -1.34820e-16  6.51164e-16
      2915.95  1.37456e-16  5.98382e-16
      2918.69  4.54642e-16  5.14721e-16
      2921.44 -5.16142e-18  4.65854e-16
      2924.18  3.42360e-16  4.81978e-16
      2926.93 -1.61547e-15  5.84048e-16
      2929.67 -1.60999e-16  3.21450e-16
      2932.42  1.79016e-16  4.19017e-16
      2935.16 -3.54749e-16  5.94541e-16
      2937.91 -4.33909e-15  1.27961e-15
      2940.65  6.46091e-17  1.88669e-16
      2943.40  5.83233e-16  1.92591e-16
      2946.14  4.23605e-16  1.72642e-16
      2948.89  2.59284e-16  1.63928e-16
      2951.63 -9.23062e-17  1.19642e-16
      2954.38  2.70526e-16  1.16731e-16
      2957.12  1.29763e-16  1.09914e-16
      2959.87 -1.92557e-16  2.29411e-16
      2962.61  2.39080e-16  9.65718e-17
      2965.36  2.13606e-16  8.28211e-17
      2968.10  1.70661e-16  8.08876e-17
      2970.85  6.73780e-17  7.22078e-17
      2973.59  3.10627e-16  7.64507e-17
      2976.34  2.55694e-16  7.09685e-17
      2979.09  9.33260e-17  6.60295e-17
      2981.83  1.77839e-16  7.06326e-17
      2984.58  3.18627e-16  8.38436e-17
      2987.32  2.59687e-16  1.42451e-16
      2990.07  1.96429e-16  6.85384e-17
      2992.81  2.50255e-16  7.13001e-17
      2995.56  5.33050e-16  7.53065e-17
      2998.30  1.44968e-16  6.05603e-17
      3001.05  1.60950e-16  6.51070e-17
      3003.79  3.88439e-16  6.77510e-17
      3006.54  2.48596e-16  2.12046e-16
      3009.29  1.25451e-16  5.89333e-17
      3012.03  1.11417e-16  5.98533e-17
      3014.78  1.36891e-16  6.25827e-17
      3017.52  1.62367e-16  2.42026e-16
      3020.27  1.92523e-16  5.44326e-17
      3023.01  1.59598e-16  5.47917e-17
      3025.76  1.26669e-16  5.99242e-17
      3028.51  9.37412e-17  5.29360e-17
      3031.25  6.08158e-17  5.00639e-17
      3034.00  8.58865e-17  5.18329e-17
      3036.74  1.48141e-16  5.14694e-17
      3039.49 -4.96145e-17  7.66877e-17
      3042.23  1.57552e-16  5.20996e-17
      3044.98  1.70786e-16  4.77714e-17
      3047.73  1.41953e-16  4.61467e-17
      3050.47  4.74861e-17  5.20485e-17
      3053.22  1.33040e-16  4.93909e-17
      3055.96  1.07691e-16  4.66250e-17
      3058.71  1.02188e-16  5.54150e-17
      3061.46  1.22571e-16  4.30926e-17
      3064.20  1.79851e-16  4.73027e-17
      3066.95  8.66073e-17  4.58635e-17
      3069.69  1.10706e-16  4.04476e-17
      3072.44  9.17532e-17  4.02616e-17
      3075.19  1.55260e-16  3.97857e-17
      3077.93  1.62466e-16  4.45745e-17
      3080.68  9.31154e-17  4.58005e-17
      3083.42 -3.55226e-18  6.48819e-17
      3086.17  1.32958e-16  3.94254e-17
      3088.92  5.32316e-17  5.68953e-17
      3091.66  5.91685e-17  4.08660e-17
      3094.41  2.35873e-16  7.26127e-17
      3097.16  8.33017e-17  7.75388e-17
      3099.90  4.51773e-17  3.79919e-17
      3102.65  1.62572e-16  3.93052e-17
      3105.39  9.83341e-17  4.48135e-17
      3108.14  5.42207e-17  3.93927e-17
      3110.89  2.79556e-17  3.89018e-17
      3113.63  1.75694e-16  4.09781e-17
      3116.38  1.98721e-17  7.41064e-17
      3119.13  9.69946e-17  3.61597e-17
      3121.87  1.20265e-16  3.59972e-17
      3124.62  2.03571e-16  3.76225e-17
      3127.37  1.41176e-16  3.98795e-17
      3130.11  6.55084e-17  4.10922e-17
      3132.86  1.02103e-16  3.60847e-17
      3135.60  1.21363e-16  4.61212e-17
      3138.35  1.40625e-16  4.01301e-17
      3141.10  1.59887e-16  2.59200e-16
      3143.84  1.79147e-16  7.96577e-17
      3146.59  1.98409e-16  3.65919e-17
      3149.34  1.14720e-16  4.36204e-17
      3152.08  1.34144e-16  3.74496e-17
      3154.83  8.68585e-18  4.77995e-17
      3157.58  1.64052e-16  3.61891e-17
      3160.32  5.09224e-17  4.81936e-17
      3163.07  1.57294e-16  7.02992e-17
      3165.82  1.28292e-16  3.23119e-17
      3168.56  7.90681e-17  3.68107e-17
      3171.31  1.02203e-16  3.45397e-17
      3174.06  1.86023e-16  3.88268e-17
      3176.80  7.18711e-18  3.69831e-17
      3179.55  9.26532e-17  4.06977e-17
      3182.30  1.91959e-16  3.23333e-17
      3185.04  9.27147e-17  3.16482e-17
      3187.79  1.71842e-16  6.26163e-17
      3190.54  1.09051e-16  3.25609e-17
      3193.28  1.43361e-16  3.09703e-17
      3196.03  1.59186e-16  3.45894e-17
      3198.78  1.48179e-16  3.28516e-17
      3201.52  1.79931e-16  3.24390e-17
      3204.27  1.13331e-16  3.01742e-17
      3207.02  7.61933e-17  3.33597e-17
      3209.77  1.12071e-16  3.15452e-17
      3212.51  1.19935e-16  3.12570e-17
      3215.26  1.51871e-16  3.74724e-17
      3218.01  1.41161e-16  3.12731e-17
      3220.75  1.58721e-16  3.21946e-17
      3223.50  2.11263e-16  3.28941e-17
      3226.25  9.98373e-17  4.40340e-17
      3228.99  1.44226e-16  3.03152e-17
      3231.74  1.25774e-16  2.90128e-17
      3234.49  1.78762e-16  2.93671e-17
      3237.24  1.38023e-16  2.96548e-17
      3239.98  1.36454e-16  6.50101e-17
      3242.73  1.62236e-16  3.03183e-17
      3245.48  2.29383e-16  2.90724e-17
      3248.22  1.95861e-16  3.10203e-17
      3250.97  1.70616e-16  3.17177e-17
      3253.72  1.82450e-16  3.02707e-17
      3256.47  2.34460e-16  3.69499e-17
      3259.21  1.85569e-16  2.79444e-17
      3261.96  2.08920e-16  2.77543e-17
      3264.71  2.06915e-16  2.96980e-17
      3267.45  1.51082e-16  3.03325e-17
      3270.20  1.28398e-16  2.61272e-17
      3272.95  1.79612e-16  3.19501e-17
      3275.70  1.84218e-16  3.59284e-17
      3278.44  1.43728e-16  2.62216e-17
      3281.19  1.30305e-16  2.78514e-17
      3283.94  1.65691e-16  3.13391e-17
      3286.68  1.33760e-16  3.02792e-17
      3289.43  1.56702e-16  2.56080e-17
      3292.18  1.87039e-16  2.63193e-17
      3294.93  1.56451e-16  3.01611e-17
      3297.67  1.01056e-16  2.58338e-17
      3300.42  9.33784e-17  2.58683e-17
      3303.17  1.57780e-16  2.73221e-17
      3305.92  8.89289e-17  2.46489e-17
      3308.66  1.08657e-16  2.46178e-17
      3311.41  1.66759e-16  2.64886e-17
      3314.16  1.41577e-16  2.69699e-17
      3316.91  1.32111e-16  2.47112e-17
      3319.65  7.55401e-17  2.43396e-17
      3322.40  1.50121e-16  2.56344e-17
      3325.15  5.72106e-17  4.00225e-17
      3327.90  1.44673e-16  2.63273e-17
      3330.64  5.82367e-17  2.52106e-17
      3333.39  1.87728e-16  2.82409e-17
      3336.14  1.46506e-16  2.63668e-17
      3338.89  1.23501e-16  2.38439e-17
      3341.63  1.30772e-16  2.47204e-17
      3344.38  1.28485e-16  2.56051e-17
      3347.13  1.26198e-16  2.74019e-17
      3349.88  1.23910e-16  2.05049e-16
      3352.62  1.21623e-16  2.47992e-17
      3355.37  1.19336e-16  2.49079e-17
      3358.12  5.45238e-17  3.47076e-17
      3360.87  1.34881e-16  2.45794e-17
      3363.61  2.03720e-16  2.78718e-17
      3366.36  1.35401e-16  2.33291e-17
      3369.11  1.37824e-16  2.30549e-17
      3371.86  1.35142e-16  2.38304e-17
      3374.60  1.94913e-16  2.38992e-17
      3377.35  1.66168e-16  2.43523e-17
      3380.10  1.43685e-16  2.39309e-17
      3382.85  1.92069e-16  2.44145e-17
      3385.60  1.68494e-16  2.60875e-17
      3388.34  1.25299e-16  3.33293e-17
      3391.09  1.66518e-16  1.73326e-16
      3393.84  2.07738e-16  2.70879e-17
      3396.59  1.58935e-16  4.09985e-17
      3399.33  2.02741e-16  3.29117e-17
      3402.08  1.89578e-16  2.32890e-17
      3404.83  1.97414e-16  2.23952e-17
      3407.58  1.64664e-16  2.22162e-17
      3410.33  2.08763e-16  2.58643e-17
      3413.07  1.22572e-16  5.40064e-17
      3415.82  1.91134e-16  2.40775e-17
      3418.57  1.38724e-16  2.69395e-17
      3421.32  1.04184e-16  4.92758e-17
      3424.07  1.25657e-16  2.50520e-17
      3426.81  2.23892e-16  2.36149e-17
      3429.56  1.90901e-16  2.59523e-17
      3432.31  2.03391e-16  2.82140e-17
      3435.06  2.05189e-16  3.43022e-17
      3437.80  2.00007e-16  3.81064e-17
      3440.55  1.94824e-16  2.28474e-17
      3443.30  1.89642e-16  2.25733e-17
      3446.05  1.85314e-16  2.18402e-17
      3448.80  2.06224e-16  2.36882e-17
      3451.54  1.77913e-16  4.37937e-17
      3454.29  2.22736e-16  2.46519e-17
      3457.04  2.16020e-16  2.18745e-17
      3459.79  1.84280e-16  2.21077e-17
      3462.54  2.38033e-16  2.33258e-17
      3465.28  2.25209e-16  2.18924e-17
      3468.03  2.05579e-16  2.18207e-17
      3470.78  2.37048e-16  2.30590e-17
      3473.53  2.38923e-16  2.26122e-17
      3476.28  2.11725e-16  2.12131e-17
      3479.03  2.60443e-16  2.20814e-17
      3481.77  2.76416e-16  2.23195e-17
      3484.52  2.77407e-16  2.23278e-17
      3487.27  2.56407e-16  2.25781e-17
      3490.02  2.77941e-16  2.41357e-17
      3492.77  2.78399e-16  6.76147e-17
      3495.51  2.78857e-16  2.24105e-17
      3498.26  2.79316e-16  2.63813e-17
      3501.01  2.79774e-16  2.36143e-17
      3503.76  2.67091e-16  2.16744e-17
      3506.51  2.59858e-16  2.47571e-17
      3509.25  2.89112e-16  2.16985e-17
      3512.00  2.67209e-16  2.24277e-17
      3514.75  2.41098e-16  2.18891e-17
      3517.50  1.74042e-16  2.31622e-17
      3520.25  2.41093e-16  2.09632e-17
      3523.00  2.70974e-16  2.21991e-17
      3525.74  2.45940e-16  2.19021e-17
      3528.49  2.49520e-16  2.37408e-17
      3531.24  2.51413e-16  2.12551e-17
      3533.99  2.17521e-16  2.08748e-17
      3536.74  1.70057e-16  4.34322e-17
      3539.49  2.14296e-16  2.06590e-17
      3542.23  2.76131e-16  2.15761e-17
      3544.98  2.30149e-16  2.09724e-17
      3547.73  2.57137e-16  2.72822e-17
      3550.48  3.25120e-16  2.16262e-17
      3553.23  2.48725e-16  2.08909e-17
      3555.97  2.70150e-16  2.84652e-17
      3558.72  2.51143e-16  2.08544e-17
      3561.47  2.88201e-16  2.12864e-17
      3564.22  2.89306e-16  2.47579e-17
      3566.97  2.70964e-16  2.16379e-17
      3569.72  2.42184e-16  2.05138e-17
      3572.46  2.71488e-16  2.06105e-17
      3575.21  2.89094e-16  2.47651e-17
      3577.96  3.14837e-16  2.26471e-17
      3580.71  2.98719e-16  2.14621e-17
      3583.46  2.66791e-16  2.29560e-17
      3586.21  2.82547e-16  2.40162e-17
      3588.95  2.40724e-16  2.00356e-17
      3591.70  3.01970e-16  2.09199e-17
      3594.45  2.80245e-16  2.17445e-17
      3597.20  2.73007e-16  2.12215e-17
      3599.95  3.06233e-16  2.05725e-17
      3602.70  3.44598e-16  2.37063e-17
      3605.45  3.08383e-16  2.85721e-17
      3608.19  3.50422e-16  2.46059e-17
      3610.94  3.32503e-16  2.62244e-17
      3613.69  3.60320e-16  2.80722e-17
      3616.44  3.35116e-16  2.36998e-17
      3619.19  3.24292e-16  2.40943e-17
      3621.94  3.46075e-16  2.15822e-17
      3624.68  3.52687e-16  2.57041e-17
      3627.43  2.60078e-16  2.58396e-17
      3630.18  3.52652e-16  2.16247e-17
      3632.93  3.54170e-16  4.54881e-17
      3635.68  3.55688e-16  2.11540e-17
      3638.43  3.57206e-16  2.21129e-17
      3641.18  3.58724e-16  2.04311e-17
      3643.92  3.60242e-16  2.18115e-17
      3646.67  3.09774e-16  2.04818e-17
      3649.42  3.40453e-16  2.02536e-17
      3652.17  3.37557e-16  2.05838e-17
      3654.92  3.21229e-16  3.36272e-17
      3657.67  3.08833e-16  2.06164e-17
      3660.41  3.46368e-16  2.24812e-17
      3663.16  3.12260e-16  1.95319e-17
      3665.91  2.64966e-16  2.50851e-17
      3668.66  3.33326e-16  1.97361e-17
      3671.41  3.25489e-16  2.24131e-17
      3674.16  2.61482e-16  4.25509e-17
      3676.91  3.98363e-16  4.66861e-17
      3679.65  3.23519e-16  1.97763e-17
      3682.40  3.30737e-16  2.09520e-17
      3685.15  3.52869e-16  2.60001e-17
      3687.90  3.04340e-16  1.88452e-17
      3690.65  3.41528e-16  1.94406e-17
      3693.40  2.99676e-16  1.94099e-17
      3696.15  3.04858e-16  2.15160e-17
      3698.89  2.78912e-16  2.65336e-17
      3701.64  2.52966e-16  2.03233e-16
      3704.39  2.27020e-16  2.70320e-17
      3707.14  2.48612e-16  2.37514e-17
      3709.89  3.16496e-16  2.01248e-17
      3712.64  3.45267e-16  2.24465e-17
      3715.39  2.80049e-16  2.06341e-17
      3718.14  2.80496e-16  1.91916e-17
      3720.88  3.53282e-16  2.01904e-17
      3723.63  3.13877e-16  1.90694e-17
      3726.38  3.11526e-16  1.81786e-17
      3729.13  3.63478e-16  1.88289e-17
      3731.88  4.23848e-16  2.12976e-17
      3734.63  4.05091e-16  2.74354e-17
      3737.38  3.85116e-16  2.13647e-17
      3740.12  4.73801e-16  2.25757e-17
      3742.87  4.61603e-16  2.27315e-17
      3745.62  4.52546e-16  2.36419e-17
      3748.37  5.10637e-16  2.10598e-17
      3751.12  5.93940e-16  2.14974e-17
      3753.87  5.75545e-16  3.00194e-17
      3756.62  6.39599e-16  3.65895e-17
      3759.36  6.26218e-16  2.20601e-17
      3762.11  7.02299e-16  3.69513e-17
      3764.86  6.67785e-16  2.12992e-17
      3767.61  6.68014e-16  2.74156e-17
      3770.36  7.09686e-16  2.41959e-17
      3773.11  7.07386e-16  2.20611e-17
      3775.86  6.67020e-16  2.20160e-17
      3778.60  6.43305e-16  2.29635e-17
      3781.35  6.38674e-16  2.87343e-17
      3784.10  6.06188e-16  2.06482e-17
      3786.85  5.51756e-16  2.04709e-17
      3789.60  4.77312e-16  2.67209e-17
      3792.35  5.26895e-16  2.00783e-17
      3795.10  5.05446e-16  2.37695e-17
      3797.85  4.46724e-16  1.79658e-17
      3800.59  4.35227e-16  1.81475e-17
      3803.34  4.64454e-16  2.04761e-17
      3806.09  4.68227e-16  1.91455e-17
      3808.84  4.10668e-16  1.78789e-17
      3811.59  4.65816e-16  1.92479e-17
      3814.34  4.35109e-16  1.71908e-17
      3817.09  4.33086e-16  1.74557e-17
      3819.84  4.67864e-16  1.75591e-17
      3822.58  5.12683e-16  1.81777e-17
      3825.33  4.81777e-16  1.75231e-17
      3828.08  4.57853e-16  1.80136e-17
      3830.83  5.10867e-16  1.85012e-17
      3833.58  5.69943e-16  1.90851e-17
      3836.33  5.27650e-16  1.76754e-17
      3839.08  4.90105e-16  1.75498e-17
      3841.82  5.70601e-16  1.81494e-17
      3844.57  5.39695e-16  1.80098e-17
      3847.32  5.32411e-16  1.79222e-17
      3850.07  5.71714e-16  1.79063e-17
      3852.82  4.79160e-16  2.36854e-17
      3855.57  4.74883e-16  1.68676e-17
      3858.32  4.97978e-16  1.71487e-17
      3861.07  5.19278e-16  2.13223e-17
      3863.81  4.41572e-16  1.70045e-17
      3866.56  3.64906e-16  1.80502e-17
      3869.31  4.34434e-16  1.70496e-17
      3872.06  4.29803e-16  5.00025e-17
      3874.81  4.25172e-16  1.51282e-17
      3877.56  4.20541e-16  1.55171e-17
      3880.31  4.15910e-16  2.06965e-17
      3883.06  4.06379e-16  1.53316e-17
      3885.80  4.21651e-16  1.64486e-17
      3888.55  3.64260e-16  1.63580e-17
      3891.30  3.95870e-16  1.67215e-17
      3894.05  3.44803e-16  1.56739e-17
      3896.80  3.72853e-16  1.60355e-17
      3899.55  3.90042e-16  1.72441e-17
      3902.30  3.91707e-16  1.48003e-17
      3905.04  3.60554e-16  1.43301e-17
      3907.79  3.58139e-16  1.45683e-17
      3910.54  3.19200e-16  2.79456e-17
      3913.29  3.62285e-16  1.45965e-17
      3916.04  3.95759e-16  1.54347e-17
      3918.79  3.87702e-16  2.01517e-17
      3921.54  4.41616e-16  1.59192e-17
      3924.29  4.29480e-16  1.63213e-17
      3927.03  4.41002e-16  1.55726e-17
      3929.78  4.99983e-16  1.66520e-17
      3932.53  4.99343e-16  1.58159e-17
      3935.28  5.04495e-16  1.59562e-17
      3938.03  4.96958e-16  1.60873e-17
      3940.78  5.58651e-16  1.61078e-17
      3943.53  5.63929e-16  1.62134e-17
      3946.27  6.07406e-16  1.86358e-17
      3949.02  5.98386e-16  1.72356e-17
      3951.77  6.19018e-16  2.65133e-17
      3954.52  6.46795e-16  1.65019e-17
      3957.27  6.50105e-16  1.67794e-17
      3960.02  6.83461e-16  1.69188e-17
      3962.77  6.42147e-16  1.65380e-17
      3965.52  6.60269e-16  1.65534e-17
      3968.26  6.98687e-16  1.85415e-17
      3971.01  7.10993e-16  1.78287e-17
      3973.76  7.17232e-16  1.83300e-17
      3976.51  7.16286e-16  2.90295e-17
      3979.26  7.61249e-16  2.21970e-17
      3982.01  7.80644e-16  1.85019e-17
      3984.76  7.06194e-16  3.08997e-17
      3987.50  7.43195e-16  1.72426e-17
      3990.25  7.78485e-16  1.72596e-17
      3993.00  7.80487e-16  2.13408e-17
      3995.75  7.44428e-16  1.76207e-17
      3998.50  7.58131e-16  2.06511e-17
      4001.25  8.67114e-16  1.82851e-17
      4004.00  8.26284e-16  1.76895e-17
      4006.74  8.82962e-16  1.81936e-17
      4009.49  8.34838e-16  1.81587e-17
      4012.24  8.07796e-16  2.35361e-17
      4014.99  8.78929e-16  1.85362e-17
      4017.74  8.31527e-16  1.81388e-17
      4020.49  8.53824e-16  1.81400e-17
      4023.24  8.77588e-16  1.75260e-17
      4025.99  8.29583e-16  1.75009e-17
      4028.73  8.16526e-16  3.51722e-17
      4031.48  8.46500e-16  1.86372e-17
      4034.23  8.51044e-16  1.87354e-17
      4036.98  8.93020e-16  1.78256e-17
      4039.73  9.15093e-16  2.09232e-17
      4042.48  9.50116e-16  1.89062e-17
      4045.23  8.94927e-16  2.14284e-17
      4047.97  9.52124e-16  1.89825e-17
      4050.72  9.10533e-16  3.31430e-17
      4053.47  9.85273e-16  2.42563e-17
      4056.22  9.10725e-16  2.24281e-17
      4058.97  9.68012e-16  2.38542e-17
      4061.72  9.21874e-16  2.00922e-17
      4064.46  8.84468e-16  1.93534e-17
      4067.21  8.96649e-16  1.89419e-17
      4069.96  8.63850e-16  1.84701e-17
      4072.71  8.93692e-16  1.77665e-17
      4075.46  7.80590e-16  1.93369e-17
      4078.21  8.60607e-16  1.87639e-17
      4080.96  7.76263e-16  1.86250e-17
      4083.70  7.92706e-16  1.66589e-17
      4086.45  7.58069e-16  2.46198e-17
      4089.20  7.61009e-16  1.63275e-17
      4091.95  7.73509e-16  1.62332e-17
      4094.70  7.18260e-16  1.98877e-17
      4097.45  7.31697e-16  2.13273e-17
      4100.20  7.45415e-16  1.61331e-17
      4102.94  7.27646e-16  1.58063e-17
      4105.69  7.01455e-16  1.66648e-17
      4108.44  6.88030e-16  1.72655e-17
      4111.19  7.04527e-16  1.73004e-17
      4113.94  6.99516e-16  1.62164e-17
      4116.69  6.75890e-16  1.59167e-17
      4119.43  7.14162e-16  1.66995e-17
      4122.18  6.57068e-16  1.52562e-17
      4124.93  6.59280e-16  1.68154e-17
      4127.68  6.38166e-16  1.48500e-17
      4130.43  6.41245e-16  1.53224e-17
      4133.18  6.31848e-16  1.47210e-17
      4135.92  6.78359e-16  1.67633e-17
      4138.67  6.63787e-16  1.85480e-17
      4141.42  6.64691e-16  1.52172e-17
      4144.17  6.62974e-16  1.55997e-17
      4146.92  6.84450e-16  1.59373e-17
      4149.67  6.98403e-16  1.87480e-17
      4152.41  7.20925e-16  1.57319e-17
      4155.16  7.43722e-16  1.56194e-17
      4157.91  7.66718e-16  1.56040e-17
      4160.66  7.91788e-16  1.96216e-17
      4163.41  6.96815e-16  2.41644e-17
      4166.16  7.46905e-16  1.66954e-17
      4168.90  7.66751e-16  1.60855e-17
      4171.65  7.28381e-16  1.52122e-17
      4174.40  7.20582e-16  1.54177e-17
      4177.15  7.44018e-16  1.57847e-17
      4179.90  6.95828e-16  2.11864e-17
      4182.65  7.17540e-16  1.57872e-17
      4185.39  7.25927e-16  1.74093e-17
      4188.14  7.14558e-16  1.67502e-17
      4190.89  7.40316e-16  1.65505e-17
      4193.64  7.08689e-16  1.52155e-17
      4196.39  7.12743e-16  1.54879e-17
      4199.14  7.39649e-16  1.79746e-17
      4201.88  6.54331e-16  1.48137e-17
      4204.63  6.82826e-16  1.49922e-17
      4207.38  6.47088e-16  1.59841e-17
      4210.13  6.76791e-16  1.53779e-17
      4212.88  6.30346e-16  2.33888e-17
      4215.62  5.75626e-16  1.69667e-17
      4218.37  6.46788e-16  1.48994e-17
      4221.12  6.50237e-16  1.70095e-17
      4223.87  5.90759e-16  1.39341e-17
      4226.62  5.94957e-16  1.38613e-17
      4229.36  5.99732e-16  1.38600e-17
      4232.11  5.95111e-16  1.46297e-17
      4234.86  5.73256e-16  1.42526e-17
      4237.61  5.55896e-16  1.36981e-17
      4240.36  5.27187e-16  1.42576e-17
      4243.11  5.43061e-16  1.35896e-17
      4245.85  5.25411e-16  1.60085e-17
      4248.60  5.38111e-16  1.33916e-17
      4251.35  5.53306e-16  1.35951e-17
      4254.10  5.37683e-16  1.38109e-17
      4256.85  5.44262e-16  1.36595e-17
      4259.59  6.03322e-16  1.48711e-17
      4262.34  5.57978e-16  1.35615e-17
      4265.09  5.47368e-16  2.01552e-17
      4267.84  6.23689e-16  1.39938e-17
      4270.59  6.21277e-16  1.38948e-17
      4273.33  6.57486e-16  1.60998e-17
      4276.08  6.24505e-16  1.39144e-17
      4278.83  6.43434e-16  1.39575e-17
      4281.58  6.69838e-16  1.44090e-17
      4284.33  7.16046e-16  1.47565e-17
      4287.07  7.01252e-16  1.45259e-17
      4289.82  7.60993e-16  1.49503e-17
      4292.57  7.29928e-16  1.49532e-17
      4295.32  7.21983e-16  1.45994e-17
      4298.06  7.43035e-16  1.50360e-17
      4300.81  7.53327e-16  1.50471e-17
      4303.56  7.30436e-16  1.46093e-17
      4306.31  7.35238e-16  1.45714e-17
      4309.06  7.47824e-16  1.87749e-17
      4311.80  7.51271e-16  1.95686e-17
      4314.55  6.98348e-16  1.74867e-17
      4317.30  6.85434e-16  1.50899e-17
      4320.05  6.15779e-16  3.33152e-17
      4322.80  6.74146e-16  1.41834e-17
      4325.54  6.45461e-16  1.43080e-17
      4328.29  6.70822e-16  1.54564e-17
      4331.04  6.28894e-16  1.43376e-17
      4333.79  6.12303e-16  1.35440e-17
      4336.53  6.65187e-16  1.42501e-17
      4339.28  5.61876e-16  2.66042e-17
      4342.03  6.67720e-16  1.49800e-17
      4344.78  6.29979e-16  1.43310e-17
      4347.52  6.43848e-16  1.36924e-17
      4350.27  6.28887e-16  1.35519e-17
      4353.02  6.20761e-16  1.33891e-17
      4355.77  6.30666e-16  1.38893e-17
      4358.52  6.06175e-16  1.46927e-17
      4361.26  6.42799e-16  1.37060e-17
      4364.01  6.36644e-16  1.62642e-17
      4366.76  6.03585e-16  1.49482e-17
      4369.51  6.34131e-16  1.54463e-17
      4372.25  6.05196e-16  1.57470e-17
      4375.00  6.17359e-16  1.60651e-17
      4377.75  6.50155e-16  1.48392e-17
      4380.50  6.40943e-16  1.36589e-17
      4383.24  6.23678e-16  1.66766e-17
      4385.99  6.27971e-16  1.34562e-17
      4388.74  6.66706e-16  1.37114e-17
      4391.49  6.30719e-16  1.31342e-17
      4394.23  6.20279e-16  1.31686e-17
      4396.98  5.99615e-16  1.30864e-17
      4399.73  6.14680e-16  1.32200e-17
      4402.48  5.83473e-16  1.36204e-17
      4405.22  5.55878e-16  1.30424e-17
      4407.97  5.46392e-16  1.30447e-17
      4410.72  5.22930e-16  1.33197e-17
      4413.47  5.04377e-16  1.21852e-17
      4416.21  5.04247e-16  1.22862e-17
      4418.96  4.99343e-16  1.25593e-17
      4421.71  5.12586e-16  1.39748e-17
      4424.46  4.97382e-16  1.19121e-17
      4427.20  5.01990e-16  1.29028e-17
      4429.95  4.86871e-16  1.26946e-17
      4432.70  4.64388e-16  1.42563e-17
      4435.44  4.97086e-16  1.42690e-17
      4438.19  5.04725e-16  1.21225e-17
      4440.94  5.25190e-16  1.22979e-17
      4443.69  4.97803e-16  1.20565e-17
      4446.43  4.97047e-16  1.24367e-17
      4449.18  5.15300e-16  1.21852e-17
      4451.93  4.99559e-16  1.26091e-17
      4454.68  5.02927e-16  1.19495e-17
      4457.42  5.37928e-16  1.28347e-17
      4460.17  5.35234e-16  1.56609e-17
      4462.92  4.98788e-16  1.20715e-17
      4465.66  4.96196e-16  1.20964e-17
      4468.41  5.01814e-16  1.21113e-17
      4471.16  5.02561e-16  1.36224e-17
      4473.91  4.75314e-16  1.19073e-17
      4476.65  4.59285e-16  1.30346e-17
      4479.40  4.84247e-16  1.19958e-17
      4482.15  4.42330e-16  1.15938e-17
      4484.89  4.66745e-16  1.18017e-17
      4487.64  4.50449e-16  1.20651e-17
      4490.39  4.20691e-16  1.16476e-17
      4493.13  4.30603e-16  1.13471e-17
      4495.88  4.43025e-16  1.16167e-17
      4498.63  4.29476e-16  1.16647e-17
      4501.38  4.11584e-16  1.15171e-17
      4504.12  4.21559e-16  1.44637e-17
      4506.87  4.30293e-16  1.34997e-17
      4509.62  4.24221e-16  1.13197e-17
      4512.36  4.23654e-16  1.16082e-17
      4515.11  4.19991e-16  1.09976e-17
      4517.86  4.30984e-16  1.19756e-17
      4520.60  4.60233e-16  1.32871e-17
      4523.35  4.56504e-16  1.23141e-17
      4526.10  4.58445e-16  1.23672e-17
      4528.84  4.50651e-16  1.23245e-17
      4531.59  4.25463e-16  1.35920e-17
      4534.34  4.69682e-16  1.20201e-17
      4537.08  5.04589e-16  1.26920e-17
      4539.83  4.70002e-16  1.91792e-17
      4542.58  4.77447e-16  1.38608e-17
      4545.32  5.31935e-16  1.32174e-17
      4548.07  5.21912e-16  1.27567e-17
      4550.82  5.35367e-16  1.27718e-17
      4553.56  5.30387e-16  1.37200e-17
      4556.31  5.35297e-16  1.62543e-17
      4559.06  5.49434e-16  1.20502e-17
      4561.80  5.61450e-16  1.28266e-17
      4564.55  5.52005e-16  1.29223e-17
      4567.30  5.98597e-16  1.28290e-17
      4570.04  5.97949e-16  1.25060e-17
      4572.79  6.15894e-16  1.34039e-17
      4575.54  5.87980e-16  1.24704e-17
      4578.28  6.21819e-16  1.31117e-17
      4581.03  6.55515e-16  1.37340e-17
      4583.78  6.77238e-16  1.50234e-17
      4586.52  6.34293e-16  1.30879e-17
      4589.27  6.38929e-16  1.30257e-17
      4592.02  6.23092e-16  1.35136e-17
      4594.76  6.44295e-16  1.30719e-17
      4597.51  6.33628e-16  1.35798e-17
      4600.26  6.62664e-16  1.32574e-17
      4603.00  6.47099e-16  1.32387e-17
      4605.75  7.01275e-16  1.33877e-17
      4608.49  6.76332e-16  1.32175e-17
      4611.24  6.86830e-16  1.33564e-17
      4613.99  7.15264e-16  1.36167e-17
      4616.73  6.98995e-16  1.33702e-17
      4619.48  7.68944e-16  1.44584e-17
      4622.23  7.22801e-16  1.48694e-17
      4624.97  7.31403e-16  1.36376e-17
      4627.72  8.02938e-16  1.54908e-17
      4630.46  7.99703e-16  1.50500e-17
      4633.21  8.13803e-16  1.41993e-17
      4635.96  8.63101e-16  1.48104e-17
      4638.70  8.33405e-16  1.60123e-17
      4641.45  8.37320e-16  1.64420e-17
      4644.19  8.62378e-16  1.72616e-17
      4646.94  9.22307e-16  1.72933e-17
      4649.69  9.05104e-16  1.59891e-17
      4652.43  9.53980e-16  1.52685e-17
      4655.18  1.00350e-15  1.54848e-17
      4657.93  1.08287e-15  1.60425e-17
      4660.67  1.02812e-15  1.56155e-17
      4663.42  1.03159e-15  1.88868e-17
      4666.16  9.46760e-16  4.51138e-17
      4668.91  1.01957e-15  2.03723e-17
      4671.65  1.08061e-15  1.60562e-17
      4674.40  1.10752e-15  1.60779e-17
      4677.15  1.06672e-15  1.67432e-17
      4679.89  1.05461e-15  1.68056e-17
      4682.64  1.08209e-15  1.69273e-17
      4685.38  1.09127e-15  1.61023e-17
      4688.13  1.10986e-15  1.76057e-17
      4690.88  1.06178e-15  1.69895e-17
      4693.62  1.05924e-15  1.60005e-17
      4696.37  1.09479e-15  1.61055e-17
      4699.11  1.04558e-15  1.65724e-17
      4701.86  1.10567e-15  1.63874e-17
      4704.60  1.11254e-15  1.62603e-17
      4707.35  1.10225e-15  1.62465e-17
      4710.10  1.07635e-15  1.68291e-17
      4712.84  1.13123e-15  1.66224e-17
      4715.59  1.11228e-15  1.62559e-17
      4718.33  1.16271e-15  1.71128e-17
      4721.08  1.09741e-15  1.81211e-17
      4723.82  1.13986e-15  1.72659e-17
      4726.57  1.14872e-15  1.64759e-17
      4729.31  1.14775e-15  1.80263e-17
      4732.06  1.12796e-15  1.67845e-17
      4734.81  1.14913e-15  1.80503e-17
      4737.55  1.15305e-15  1.64354e-17
      4740.30  1.13560e-15  1.73920e-17
      4743.04  1.12239e-15  1.65735e-17
      4745.79  1.15640e-15  1.65399e-17
      4748.53  1.06719e-15  1.90492e-17
      4751.28  1.04614e-15  1.76868e-17
      4754.02  1.09507e-15  1.68723e-17
      4756.77  1.04464e-15  1.61556e-17
      4759.51  1.02358e-15  1.61732e-17
      4762.26  9.87218e-16  1.57687e-17
      4765.00  9.46574e-16  1.72082e-17
      4767.75  9.78449e-16  1.68958e-17
      4770.49  9.28786e-16  1.57462e-17
      4773.24  8.75610e-16  1.47558e-17
      4775.98  8.87047e-16  1.57521e-17
      4778.73  8.42772e-16  2.41351e-17
      4781.47  8.45870e-16  1.62149e-17
      4784.22  7.92417e-16  1.43842e-17
      4786.96  7.80050e-16  1.39746e-17
      4789.71  7.55170e-16  1.37431e-17
      4792.46  7.01725e-16  1.35611e-17
      4795.20  7.20250e-16  1.52524e-17
      4797.94  6.48595e-16  1.51873e-17
      4800.69  6.72566e-16  1.36694e-17
      4803.43  6.67130e-16  1.31805e-17
      4806.18  6.63503e-16  1.30184e-17
      4808.92  5.86366e-16  1.78457e-17
      4811.67  6.12843e-16  1.26772e-17
      4814.41  6.48152e-16  1.32327e-17
      4817.16  6.47644e-16  1.48471e-17
      4819.90  6.41406e-16  1.34344e-17
      4822.65  6.44578e-16  1.48074e-17
      4825.39  6.97893e-16  1.69044e-17
      4828.14  6.89607e-16  1.50564e-17
      4830.88  6.75634e-16  1.50437e-17
      4833.63  6.63783e-16  1.48912e-17
      4836.37  7.10867e-16  1.39635e-17
      4839.12  6.94386e-16  1.31943e-17
      4841.86  6.96421e-16  1.81781e-17
      4844.61  6.86782e-16  1.37485e-17
      4847.35  7.06446e-16  1.36866e-17
      4850.09  6.85209e-16  1.40579e-17
      4852.84  6.69706e-16  1.32207e-17
      4855.58  6.57308e-16  1.32125e-17
      4858.33  6.99239e-16  1.36236e-17
      4861.07  6.49507e-16  1.80043e-17
      4863.82  6.79691e-16  1.45263e-17
      4866.56  6.80163e-16  1.32470e-17
      4869.31  6.34326e-16  1.26635e-17
      4872.05  6.50656e-16  1.31155e-17
      4874.79  6.36057e-16  1.27633e-17
      4877.54  6.21375e-16  1.29198e-17
      4880.28  6.30718e-16  1.29697e-17
      4883.03  5.84396e-16  1.34254e-17
      4885.77  6.31950e-16  1.26755e-17
      4888.52  6.21367e-16  1.24821e-17
      4891.26  6.27821e-16  1.27321e-17
      4894.00  6.35466e-16  1.30323e-17
      4896.75  6.64485e-16  1.33700e-17
      4899.49  6.55391e-16  1.31944e-17
      4902.24  6.57894e-16  1.93490e-17
      4904.98  7.02483e-16  1.37855e-17
      4907.72  7.30187e-16  1.35570e-17
      4910.47  6.87349e-16  1.31144e-17
      4913.21  7.36548e-16  1.33390e-17
      4915.96  7.67570e-16  1.37567e-17
      4918.70  7.50993e-16  1.35511e-17
      4921.44  7.59583e-16  1.36057e-17
      4924.19  7.88174e-16  1.40272e-17
      4926.93  7.84630e-16  1.48003e-17
      4929.68  8.06485e-16  1.42687e-17
      4932.42  8.07749e-16  1.37686e-17
      4935.16  8.13563e-16  1.40433e-17
      4937.91  7.97309e-16  1.40102e-17
      4940.65  7.54844e-16  2.74394e-17
      4943.40  7.71811e-16  1.34843e-17
      4946.14  7.58497e-16  1.35390e-17
      4948.88  7.67304e-16  1.54787e-17
      4951.63  7.57785e-16  1.56282e-17
      4954.37  7.67684e-16  1.69075e-17
      4957.11  7.51628e-16  1.32821e-17
      4959.86  7.21150e-16  1.34385e-17
      4962.60  6.94442e-16  1.29163e-17
      4965.34  6.69571e-16  1.32072e-17
      4968.09  6.56015e-16  1.61606e-17
      4970.83  6.61514e-16  1.26506e-17
      4973.57  6.34117e-16  1.24801e-17
      4976.32  6.39184e-16  1.24145e-17
      4979.06  6.07496e-16  1.23079e-17
      4981.80  5.96780e-16  1.32261e-17
      4984.55  5.94033e-16  1.24808e-17
      4987.29  5.82104e-16  1.25778e-17
      4990.03  5.63472e-16  1.27049e-17
      4992.78  5.75463e-16  1.22391e-17
      4995.52  5.94892e-16  1.34427e-17
      4998.26  6.24233e-16  1.22708e-17
      5001.01  5.62862e-16  1.17650e-17
      5003.75  5.85919e-16  1.37627e-17
      5006.49  6.04840e-16  1.43248e-17
      5009.24  6.17284e-16  1.21239e-17
      5011.98  5.86818e-16  1.27211e-17
      5014.72  6.10557e-16  1.45376e-17
      5017.47  6.43268e-16  1.43885e-17
      5020.21  6.59627e-16  1.47266e-17
      5022.95  6.49497e-16  1.24502e-17
      5025.69  6.46362e-16  1.28480e-17
      5028.44  6.82529e-16  1.41144e-17
      5031.18  6.92494e-16  1.31589e-17
      5033.92  7.23697e-16  1.31788e-17
      5036.67  7.33519e-16  1.30920e-17
      5039.41  7.09900e-16  1.36053e-17
      5042.15  7.11627e-16  1.31094e-17
      5044.89  7.37243e-16  1.30259e-17
      5047.64  7.84573e-16  1.46298e-17
      5050.38  7.66388e-16  1.35226e-17
      5053.12  7.61281e-16  1.34837e-17
      5055.86  8.41770e-16  1.48690e-17
      5058.61  8.29857e-16  1.38400e-17
      5061.35  7.88821e-16  1.79129e-17
      5064.09  7.54238e-16  1.49616e-17
      5066.83  7.88302e-16  2.13867e-17
      5069.58  7.73605e-16  1.66318e-17
      5072.32  8.02347e-16  1.34767e-17
      5075.06  8.06574e-16  1.35657e-17
      5077.80  7.91542e-16  1.37625e-17
      5080.55  7.61223e-16  1.32909e-17
      5083.29  7.71963e-16  1.41882e-17
      5086.03  7.68859e-16  1.40591e-17
      5088.77  6.88530e-16  2.48587e-17
      5091.52  7.30204e-16  1.51318e-17
      5094.26  7.52829e-16  1.32761e-17
      5097.00  6.79500e-16  1.33788e-17
      5099.74  7.10512e-16  1.28552e-17
      5102.48  6.69234e-16  1.35221e-17
      5105.23  6.06998e-16  2.05470e-17
      5107.97  6.65626e-16  1.24361e-17
      5110.71  6.11908e-16  1.35600e-17
      5113.45  6.30251e-16  1.32352e-17
      5116.20  6.16939e-16  1.21991e-17
      5118.94  5.90820e-16  1.45238e-17
      5121.68  6.00457e-16  1.21625e-17
      5124.42  5.86453e-16  1.20080e-17
      5127.16  5.72446e-16  1.24018e-17
      5129.90  5.58443e-16  1.18967e-17
      5132.65  5.44439e-16  1.15372e-17
      5135.39  5.89356e-16  1.26682e-17
      5138.13  5.62632e-16  1.16951e-17
      5140.87  5.63169e-16  1.16315e-17
      5143.61  5.52640e-16  1.23045e-17
      5146.36  5.90513e-16  1.24800e-17
      5149.10  5.77287e-16  1.27197e-17
      5151.84  5.58255e-16  1.20191e-17
      5154.58  5.62539e-16  1.80343e-17
      5157.32  5.99740e-16  1.26083e-17
      5160.06  5.90363e-16  1.22415e-17
      5162.80  5.88900e-16  1.17346e-17
      5165.55  6.17828e-16  1.38359e-17
      5168.29  5.88761e-16  1.19348e-17
      5171.03  5.77341e-16  1.17730e-17
      5173.77  5.88088e-16  1.19212e-17
      5176.51  6.07016e-16  1.36776e-17
      5179.25  6.05364e-16  1.17219e-17
      5181.99  6.03713e-16  2.70101e-17
      5184.74  6.02061e-16  1.17097e-17
      5187.48  6.00410e-16  1.28197e-17
      5190.22  5.99215e-16  1.17265e-17
      5192.96  5.93534e-16  1.19034e-17
      5195.70  5.87853e-16  1.60734e-17
      5198.44  5.82173e-16  1.17866e-17
      5201.18  5.76493e-16  1.16784e-17
      5203.92  5.75039e-16  1.17598e-17
      5206.66  5.77970e-16  1.20127e-17
      5209.41  5.91767e-16  1.19547e-17
      5212.15  5.86528e-16  1.19026e-17
      5214.89  5.97006e-16  1.21436e-17
      5217.63  6.13967e-16  1.19645e-17
      5220.37  5.69580e-16  1.15782e-17
      5223.11  6.03712e-16  1.19737e-17
      5225.85  6.10991e-16  1.27471e-17
      5228.59  5.71574e-16  1.17620e-17
      5231.33  6.10759e-16  1.19712e-17
      5234.07  6.13373e-16  1.19507e-17
      5236.81  5.81395e-16  1.18139e-17
      5239.55  5.73383e-16  1.16758e-17
      5242.29  6.06611e-16  1.21967e-17
      5245.03  5.64045e-16  1.19639e-17
      5247.78  5.90110e-16  1.22076e-17
      5250.52  5.63256e-16  1.14914e-17
      5253.26  5.70218e-16  1.17415e-17
      5256.00  5.79320e-16  1.18662e-17
      5258.74  5.80975e-16  1.37848e-17
      5261.48  6.05189e-16  1.23658e-17
      5264.22  6.10979e-16  1.22620e-17
      5266.96  5.92329e-16  1.49083e-17
      5269.70  6.04380e-16  1.38804e-17
      5272.44  6.10806e-16  1.40442e-17
      5275.18  6.02112e-16  1.20972e-17
      5277.92  6.29228e-16  1.34492e-17
      5280.66  6.08528e-16  1.21905e-17
      5283.40  6.21003e-16  1.24276e-17
      5286.14  6.25562e-16  1.22432e-17
      5288.88  6.08019e-16  1.21191e-17
      5291.62  6.19425e-16  1.22676e-17
      5294.36  6.29398e-16  1.24197e-17
      5297.10  5.88854e-16  1.34475e-17
      5299.84  6.56076e-16  1.24945e-17
      5302.58  6.98864e-16  1.30868e-17
      5305.32  6.85869e-16  1.27418e-17
      5308.06  6.79511e-16  1.28097e-17
      5310.80  6.71464e-16  1.25386e-17
      5313.54  7.03145e-16  1.27862e-17
      5316.28  7.16222e-16  1.31310e-17
      5319.02  7.07457e-16  1.30339e-17
      5321.76  7.48791e-16  1.40107e-17
      5324.50  7.56847e-16  1.35629e-17
      5327.24  7.42728e-16  1.31789e-17
      5329.98  7.46934e-16  1.31399e-17
      5332.71  7.89859e-16  1.35488e-17
      5335.45  7.53190e-16  1.58181e-17
      5338.19  7.71104e-16  1.50750e-17
      5340.93  8.02673e-16  1.36470e-17
      5343.67  8.29283e-16  1.38047e-17
      5346.41  8.21976e-16  1.37969e-17
      5349.15  8.08486e-16  1.80175e-17
      5351.89  8.23003e-16  1.42143e-17
      5354.63  8.13909e-16  1.37603e-17
      5357.37  8.27053e-16  1.40577e-17
      5360.11  8.20686e-16  1.38713e-17
      5362.85  8.30715e-16  1.38861e-17
      5365.59  8.58423e-16  1.40399e-17
      5368.32  8.48817e-16  1.40411e-17
      5371.06  8.38306e-16  1.40083e-17
      5373.80  8.91957e-16  1.42717e-17
      5376.54  8.63997e-16  1.41712e-17
      5379.28  8.87605e-16  1.43503e-17
      5382.02  9.06856e-16  1.46406e-17
      5384.76  8.09539e-16  1.53896e-17
      5387.50  8.62863e-16  1.45112e-17
      5390.24  8.39947e-16  1.40974e-17
      5392.97  8.45923e-16  1.40081e-17
      5395.71  8.50208e-16  1.41199e-17
      5398.45  7.85092e-16  1.47086e-17
      5401.19  8.36789e-16  1.43886e-17
      5403.93  7.97424e-16  1.41961e-17
      5406.67  7.89820e-16  1.41371e-17
      5409.41  7.67997e-16  1.34759e-17
      5412.14  7.70041e-16  1.36269e-17
      5414.88  7.50700e-16  1.45530e-17
      5417.62  7.12204e-16  1.51583e-17
      5420.36  7.45588e-16  2.44581e-17
      5423.10  7.58144e-16  1.35340e-17
      5425.84  7.50302e-16  1.44545e-17
      5428.57  6.91574e-16  1.32122e-17
      5431.31  7.03909e-16  1.35487e-17
      5434.05  7.34727e-16  1.38113e-17
      5436.79  7.17030e-16  1.37984e-17
      5439.53  7.13867e-16  1.33291e-17
      5442.27  7.33448e-16  1.40446e-17
      5445.00  7.16521e-16  1.51302e-17
      5447.74  6.79444e-16  1.48748e-17
      5450.48  7.00201e-16  1.30929e-17
      5453.22  6.93604e-16  1.35702e-17
      5455.95  6.82665e-16  1.49011e-17
      5458.69  6.78043e-16  1.51542e-17
      5461.43  6.80584e-16  1.35736e-17
      5464.17  6.83126e-16  1.29437e-17
      5466.91  6.53859e-16  1.56224e-17
      5469.64  6.80571e-16  1.37821e-17
      5472.38  7.14864e-16  1.39522e-17
      5475.12  7.11813e-16  1.31889e-17
      5477.86  7.15183e-16  1.32110e-17
      5480.59  7.18552e-16  8.43237e-17
      5483.33  7.21922e-16  1.44485e-17
      5486.07  7.25291e-16  1.39258e-17
      5488.81  7.16440e-16  1.39721e-17
      5491.54  7.12492e-16  1.38377e-17
      5494.28  7.08426e-16  1.33974e-17
      5497.02  7.19428e-16  1.43246e-17
      5499.76  7.04686e-16  1.33199e-17
      5502.49  7.38781e-16  1.38301e-17
      5505.23  7.61014e-16  1.40075e-17
      5507.97  7.23815e-16  1.38983e-17
      5510.70  7.42026e-16  1.47187e-17
      5513.44  7.66785e-16  1.41355e-17
      5516.18  7.30168e-16  1.34114e-17
      5518.92  7.72610e-16  1.42028e-17
      5521.65  7.84726e-16  2.01443e-17
      5524.39  8.08278e-16  1.39769e-17
      5527.13  7.76517e-16  1.50149e-17
      5529.86  7.52705e-16  1.38480e-17
      5532.60  7.61078e-16  1.37150e-17
      5535.34  7.54103e-16  1.35898e-17
      5538.07  7.32448e-16  1.35700e-17
      5540.81  7.23867e-16  1.47628e-17
      5543.55  7.27559e-16  1.38750e-17
      5546.28  7.31251e-16  1.36009e-17
      5549.02  7.34943e-16  1.44712e-17
      5551.76  7.32107e-16  3.39642e-17
      5554.49  7.11200e-16  1.31921e-17
      5557.23  7.30282e-16  1.35981e-17
      5559.97  7.23274e-16  1.33693e-17
      5562.70  7.17595e-16  1.35744e-17
      5565.44  7.18819e-16  1.35444e-17
      5568.17  6.96568e-16  1.31723e-17
      5570.91  7.08995e-16  1.31960e-17
      5573.65  6.78418e-16  1.35584e-17
      5576.38  6.86953e-16  1.33458e-17
      5579.12  6.98265e-16  1.34025e-17
      5581.86  6.49195e-16  1.29865e-17
      5584.59  6.42889e-16  1.32811e-17
      5587.33  6.31084e-16  1.45337e-17
      5590.06  6.40211e-16  1.27472e-17
      5592.80  6.65123e-16  1.37110e-17
      5595.54  6.17930e-16  2.08674e-17
      5598.27  6.23770e-16  1.32366e-17
      5601.01  6.28840e-16  1.27913e-17
      5603.74  6.23596e-16  1.49588e-17
      5606.48  6.06590e-16  1.36516e-17
      5609.21  5.90511e-16  1.23081e-17
      5611.95  5.73851e-16  1.32299e-17
      5614.69  5.87498e-16  1.24658e-17
      5617.42  5.75267e-16  1.22705e-17
      5620.16  5.62805e-16  1.22215e-17
      5622.89  5.90153e-16  1.25831e-17
      5625.63  5.60394e-16  1.28327e-17
      5628.36  5.58898e-16  1.26832e-17
      5631.10  5.79840e-16  1.28673e-17
      5633.83  5.74821e-16  1.96071e-17
      5636.57  5.35915e-16  1.19372e-17
      5639.30  5.55895e-16  1.34225e-17
      5642.04  5.55016e-16  1.25497e-17
      5644.77  5.63400e-16  1.51693e-17
      5647.51  5.71360e-16  1.34155e-17
      5650.24  6.09700e-16  1.28792e-17
      5652.98  5.91403e-16  1.27012e-17
      5655.71  6.00274e-16  1.45185e-17
      5658.45  6.17272e-16  1.31729e-17
      5661.18  6.34276e-16  1.51499e-17
      5663.92  6.36401e-16  1.33915e-17
      5666.65  6.42549e-16  1.29175e-17
      5669.39  6.31540e-16  1.29910e-17
      5672.12  6.31795e-16  1.34250e-17
      5674.86  6.56840e-16  1.32662e-17
      5677.59  6.66004e-16  1.32039e-17
      5680.33  6.63607e-16  1.32335e-17
      5683.06  6.55643e-16  1.51148e-17
      5685.80  6.43151e-16  1.74525e-17
      5688.53  6.67167e-16  1.63297e-17
      5691.27  7.09715e-16  1.38730e-17
      5694.00  7.06522e-16  1.34901e-17
      5696.73  1.01366e-15  5.17910e-17
