      2889.38  3.30978e-15  3.46231e-15
      2892.12  1.25650e-15  2.04791e-15
      2894.87  3.43221e-16  1.65254e-15
      2897.61  1.30350e-15  1.27336e-15
      2900.36  5.78835e-16  1.09738e-15
      2903.10  1.06855e-15  1.04705e-15
      2905.85  1.01080e-15  9.12472e-16
      2908.59  5.23928e-16  8.12359e-16
      2911.34 -1.95048e-15  1.46574e-15
      2914.08 -6.73543e-16  5.65790e-16
      2916.83 -3.03833e-16  5.37059e-16
      2919.57  1.89813e-16  4.57612e-16
      2922.32 -9.08572e-16  3.88793e-16
      2925.06  2.64716e-16  4.02468e-16
      2927.81 -6.07851e-17  4.53963e-16
      2930.55 -4.72664e-16  2.89159e-16
      2933.30 -1.22768e-16  3.95910e-16
      2936.04  1.58049e-16  4.11451e-16
      2938.79 -2.01317e-15  1.14245e-15
      2941.54 -1.79401e-16  1.65125e-16
      2944.28 -1.29350e-16  1.64736e-16
      2947.03 -5.19643e-17  1.52162e-16
      2949.77 -3.13772e-16  1.40117e-16
      2952.52  4.18783e-17  1.08027e-16
      2955.26  1.38708e-16  1.10249e-16
      2958.01 -1.57674e-16  9.78863e-17
      2960.75 -6.02912e-17  1.60723e-16
      2963.50  4.05562e-17  8.83475e-17
      2966.25 -7.99437e-17  8.28870e-17
      2968.99 -1.24906e-16  8.83765e-17
      2971.74 -8.77018e-17  7.63732e-17
      2974.48  2.19166e-17  7.88222e-17
      2977.23 -1.21363e-16  7.00205e-17
      2979.97 -1.10123e-16  6.76922e-17
      2982.72  2.07638e-17  6.47333e-17
      2985.47  7.91500e-17  7.25885e-17
      2988.21  1.97849e-17  1.35285e-16
      2990.96 -3.95855e-17  6.26092e-17
      2993.70  1.17380e-16  6.62661e-17
      2996.45 -6.54400e-17  6.85059e-17
      2999.19 -1.98562e-17  5.40466e-17
      3001.94  5.85499e-17  5.88201e-17
      3004.69  3.80252e-17  6.01662e-17
      3007.43  1.74987e-17  1.75624e-16
      3010.18 -3.02605e-18  5.66767e-17
      3012.92 -8.04139e-18  5.70586e-17
      3015.67 -1.68080e-17  5.25667e-17
      3018.42 -2.55753e-17  2.15048e-16
      3021.16 -3.43427e-17  4.88809e-17
      3023.91 -4.31093e-17  4.54243e-17
      3026.65 -8.60165e-17  4.88346e-17
      3029.40  3.10330e-17  5.09930e-17
      3032.15 -5.96894e-17  5.24014e-17
      3034.89 -5.62088e-17  5.13879e-17
      3037.64 -3.08952e-17  4.94928e-17
      3040.38 -7.02055e-17  7.98082e-17
      3043.13  2.69297e-18  4.56873e-17
      3045.88  6.38137e-17  4.52084e-17
      3048.62  3.57604e-17  4.39283e-17
      3051.37 -2.87568e-17  4.59739e-17
      3054.12 -1.01732e-16  4.00890e-17
      3056.86 -2.85196e-17  3.88011e-17
      3059.61  4.72529e-18  5.38373e-17
      3062.35 -4.17202e-17  3.76213e-17
      3065.10  1.02049e-17  3.77397e-17
      3067.85 -1.49783e-17  3.78538e-17
      3070.59 -7.70575e-18  3.56729e-17
      3073.34 -3.91099e-17  3.47514e-17
      3076.09 -5.23895e-18  3.46666e-17
      3078.83 -5.00957e-19  3.86444e-17
      3081.58 -1.93384e-17  4.08309e-17
      3084.33 -2.40756e-17  9.20171e-17
      3087.07  2.83025e-17  3.45672e-17
      3089.82 -4.61958e-17  5.15151e-17
      3092.57 -5.58861e-17  3.68649e-17
      3095.31 -6.55772e-17  5.85428e-17
      3098.06 -7.52683e-17  6.89661e-17
      3100.80  4.37102e-17  3.42790e-17
      3103.55 -3.15604e-17  3.25201e-17
      3106.30  7.23992e-18  4.00571e-17
      3109.04 -7.06573e-17  3.41746e-17
      3111.79 -3.12472e-17  3.41757e-17
      3114.54  2.27825e-17  3.55996e-17
      3117.28 -1.54268e-16  7.38949e-17
      3120.03  2.43829e-18  3.39779e-17
      3122.78 -1.15462e-17  3.14469e-17
      3125.52 -2.42622e-18  3.15467e-17
      3128.27 -4.66155e-17  3.26543e-17
      3131.02 -4.42721e-17  3.79875e-17
      3133.77 -4.02193e-17  3.63072e-17
      3136.51 -3.61664e-17  3.82122e-17
      3139.26 -3.21140e-17  3.66283e-17
      3142.01 -2.80611e-17  2.49697e-16
      3144.75 -2.40083e-17  5.51993e-17
      3147.50 -1.99551e-17  3.13957e-17
      3150.25 -3.29638e-18  3.80862e-17
      3152.99 -4.82779e-17  3.18342e-17
      3155.74  1.67508e-17  3.85547e-17
      3158.49 -3.00529e-17  3.14735e-17
      3161.23  9.40286e-17  4.41030e-17
      3163.98  5.50567e-17  5.71038e-17
      3166.73  1.60883e-17  2.85142e-17
      3169.47  1.29506e-17  3.24163e-17
      3172.22  1.83817e-17  2.97592e-17
      3174.97  3.44036e-17  3.47645e-17
      3177.72 -3.02351e-18  3.08348e-17
      3180.46  3.07911e-17  3.61256e-17
      3183.21  1.43178e-17  3.19694e-17
      3185.96  3.72769e-17  3.23112e-17
      3188.70  1.77677e-17  5.48810e-17
      3191.45 -1.73979e-18  2.84696e-17
      3194.20 -2.12473e-17  2.61211e-17
      3196.95  1.16040e-17  2.85001e-17
      3199.69 -5.63825e-18  2.81601e-17
      3202.44  1.65606e-17  2.69459e-17
      3205.19  1.13642e-17  2.61372e-17
      3207.93  1.52568e-17  3.49279e-17
      3210.68  3.34509e-17  3.02477e-17
      3213.43  1.81111e-17  2.60537e-17
      3216.18 -2.02841e-17  3.04165e-17
      3218.92  4.46830e-18  2.56375e-17
      3221.67 -4.08002e-17  2.68405e-17
      3224.42  3.01869e-17  2.82602e-17
      3227.17  4.47872e-17  3.85510e-17
      3229.91  3.05936e-17  3.26289e-17
      3232.66 -3.32140e-17  3.08822e-17
      3235.41  5.95903e-17  2.77766e-17
      3238.15 -2.35585e-17  2.47256e-17
      3240.90 -1.06108e-17  5.28944e-17
      3243.65 -5.66688e-17  2.49955e-17
      3246.40  4.03013e-18  2.36849e-17
      3249.14  1.61437e-17  2.59634e-17
      3251.89  3.22349e-17  2.67043e-17
      3254.64 -6.14682e-18  2.58204e-17
      3257.39 -4.29629e-21  3.15748e-17
      3260.13 -1.22894e-17  2.31359e-17
      3262.88 -2.21593e-17  2.21937e-17
      3265.63 -8.02833e-18  2.38130e-17
      3268.38 -3.01732e-17  2.54125e-17
      3271.12 -3.50311e-17  2.18329e-17
      3273.87  1.41905e-17  2.67613e-17
      3276.62  5.87095e-18  2.58268e-17
      3279.37 -2.26706e-17  2.20601e-17
      3282.11 -9.82341e-18  2.38774e-17
      3284.86  2.49487e-17  2.78433e-17
      3287.61  2.65890e-18  2.68396e-17
      3290.36 -5.69208e-18  2.17202e-17
      3293.10  6.35267e-18  2.33510e-17
      3295.85  3.45263e-17  2.67450e-17
      3298.60  2.97558e-17  2.28796e-17
      3301.35  5.23918e-18  2.35803e-17
      3304.10 -2.57740e-17  2.50225e-17
      3306.84  4.71069e-17  2.25979e-17
      3309.59 -2.64229e-17  2.10579e-17
      3312.34  7.29500e-18  2.35016e-17
      3315.09  4.06820e-17  2.55912e-17
      3317.83 -2.86374e-17  2.15718e-17
      3320.58  9.29828e-18  2.10263e-17
      3323.33  4.35166e-17  2.17836e-17
      3326.08 -1.61887e-17  3.55599e-17
      3328.83 -3.31879e-17  2.27425e-17
      3331.57  3.63785e-17  2.48137e-17
      3334.32  6.32938e-18  2.49461e-17
      3337.07 -1.40651e-17  2.27945e-17
      3339.82  2.41184e-17  2.17015e-17
      3342.56  1.48890e-17  2.13080e-17
      3345.31  6.06456e-18  2.16099e-17
      3348.06 -2.76066e-18  2.54762e-17
      3350.81 -1.15851e-17  2.10866e-16
      3353.56 -2.04096e-17  1.96682e-17
      3356.30  1.23547e-17  2.11566e-17
      3359.05  2.18967e-17  3.39718e-17
      3361.80 -1.37343e-17  2.09000e-17
      3364.55 -2.10196e-17  2.33283e-17
      3367.30 -2.57767e-18  1.99584e-17
      3370.04  3.06146e-17  1.97757e-17
      3372.79  5.09036e-17  2.14260e-17
      3375.54 -3.74459e-18  2.04990e-17
      3378.29  1.70174e-17  2.10292e-17
      3381.04  3.26145e-17  2.04205e-17
      3383.78 -1.51443e-17  1.91785e-17
      3386.53 -4.86264e-17  2.07013e-17
      3389.28 -3.35014e-17  2.94802e-17
      3392.03 -1.83763e-17  2.33021e-16
      3394.78 -3.24985e-18  1.94751e-17
      3397.52  1.18752e-17  3.08457e-17
      3400.27  2.70003e-17  2.85390e-17
      3403.02  3.61381e-17  2.00026e-17
      3405.77  1.43820e-17  1.82445e-17
      3408.52  1.60960e-18  1.85457e-17
      3411.27 -2.02628e-17  2.13909e-17
      3414.01 -9.66920e-17  4.87667e-17
      3416.76  4.87697e-17  2.00474e-17
      3419.51  3.06467e-17  2.30683e-17
      3422.26 -6.82675e-17  4.46113e-17
      3425.01  6.92851e-17  2.64851e-17
      3427.75  4.46861e-18  2.21832e-17
      3430.50 -5.15495e-18  2.07856e-17
      3433.25  4.42803e-17  2.43810e-17
      3436.00  4.74029e-17  3.11845e-17
      3438.75  7.34994e-17  3.50590e-17
      3441.50  1.26295e-17  1.97863e-17
      3444.24  1.56338e-17  1.81931e-17
      3446.99  2.51241e-18  1.80385e-17
      3449.74 -7.19604e-18  1.90542e-17
      3452.49 -1.15756e-17  3.85620e-17
      3455.24  1.78269e-17  2.01082e-17
      3457.99  7.78232e-18  1.75121e-17
      3460.73 -2.21444e-17  1.84255e-17
      3463.48  7.33347e-18  1.89621e-17
      3466.23  9.59941e-18  1.76719e-17
      3468.98 -3.38932e-17  1.78337e-17
      3471.73  3.36502e-17  1.88228e-17
      3474.48  6.49865e-17  1.88765e-17
      3477.22 -1.41478e-17  1.72147e-17
      3479.97  1.11162e-18  1.72791e-17
      3482.72  8.98541e-18  1.71235e-17
      3485.47  2.63490e-17  1.78095e-17
      3488.22 -7.40121e-18  1.81801e-17
      3490.97  6.38473e-17  1.95925e-17
      3493.71  1.69533e-17  2.17533e-17
      3496.46 -2.48914e-17  1.79810e-17
      3499.21 -2.35841e-17  2.05636e-17
      3501.96  1.26192e-18  1.79724e-17
      3504.71  2.59844e-17  1.70696e-17
      3507.46 -1.33576e-17  2.13031e-17
      3510.21  6.13766e-17  1.76629e-17
      3512.95  5.27621e-17  2.06607e-17
      3515.70  3.16597e-18  1.86041e-17
      3518.45  2.19206e-17  1.98788e-17
      3521.20  4.18074e-17  1.68320e-17
      3523.95  8.68063e-18  1.78389e-17
      3526.70 -8.45513e-18  1.70388e-17
      3529.45 -9.91172e-18  1.71214e-17
      3532.19  1.67960e-17  1.69656e-17
      3534.94  2.39008e-17  1.64568e-17
      3537.69  1.00452e-17  3.44582e-17
      3540.44  2.05430e-17  1.66270e-17
      3543.19  3.40596e-18  1.65857e-17
      3545.94  4.05837e-18  1.73130e-17
      3548.69  5.14716e-19  2.43898e-17
      3551.43 -3.32095e-19  1.81528e-17
      3554.18  8.23665e-18  1.77978e-17
      3556.93  5.22901e-17  2.44622e-17
      3559.68  4.35068e-17  1.84840e-17
      3562.43  1.85529e-17  1.79556e-17
      3565.18  3.39691e-17  1.99249e-17
      3567.93  3.29979e-17  1.74734e-17
      3570.67  4.19007e-18  1.59816e-17
      3573.42  3.11765e-18  1.57574e-17
      3576.17  9.84232e-18  1.87757e-17
      3578.92  9.83153e-18  1.67810e-17
      3581.67  1.75290e-17  1.63694e-17
      3584.42 -1.82427e-18  1.79719e-17
      3587.17 -3.21283e-17  1.96029e-17
      3589.92  3.60015e-17  1.62596e-17
      3592.66  2.10042e-17  1.65300e-17
      3595.41  1.67358e-17  1.73983e-17
      3598.16  2.74628e-17  1.62399e-17
      3600.91  6.81368e-19  1.49669e-17
      3603.66 -1.31019e-17  1.70150e-17
      3606.41 -1.26398e-18  2.38569e-17
      3609.16  2.00509e-17  1.91720e-17
      3611.91 -1.36202e-17  2.00968e-17
      3614.65 -8.01636e-18  2.23228e-17
      3617.40  2.96497e-17  1.83137e-17
      3620.15 -1.63617e-17  1.83657e-17
      3622.90  1.93516e-17  1.64823e-17
      3625.65  7.90867e-18  1.94389e-17
      3628.40 -1.31595e-17  1.92162e-17
      3631.15  1.66901e-17  1.59359e-17
      3633.90  1.85603e-17  4.01329e-17
      3636.64 -3.73769e-18  1.60266e-17
      3639.39 -7.50535e-19  1.59659e-17
      3642.14  3.05325e-17  1.64671e-17
      3644.89  3.61217e-17  1.67554e-17
      3647.64 -1.95571e-17  1.46030e-17
      3650.39 -9.14798e-18  1.49513e-17
      3653.14  3.92997e-17  1.62940e-17
      3655.89 -8.85599e-19  2.86545e-17
      3658.63 -1.56711e-17  1.52778e-17
      3661.38  1.89929e-18  1.68924e-17
      3664.13 -2.85931e-18  1.43492e-17
      3666.88 -1.42770e-17  2.11262e-17
      3669.63  2.73731e-17  1.54674e-17
      3672.38  3.73007e-17  1.67796e-17
      3675.13 -2.20769e-18  3.52905e-17
      3677.88 -7.19242e-17  3.97239e-17
      3680.63  1.41722e-17  1.48294e-17
      3683.37 -1.34484e-17  1.57815e-17
      3686.12 -1.48718e-17  1.99391e-17
      3688.87  5.18834e-18  1.37347e-17
      3691.62  3.00329e-17  1.40514e-17
      3694.37 -4.18160e-17  1.38295e-17
      3697.12 -2.84446e-17  1.49575e-17
      3699.87 -1.50720e-17  2.22415e-17
      3702.62 -1.70053e-18  1.76076e-16
      3705.37  1.16721e-17  1.94613e-17
      3708.11  2.50435e-17  1.97091e-17
      3710.86 -2.14423e-17  1.35030e-17
      3713.61  7.68008e-18  1.38550e-17
      3716.36  2.78941e-17  1.34529e-17
      3719.11  4.60669e-17  1.33493e-17
      3721.86  2.72165e-17  1.58243e-17
      3724.61  4.38463e-17  1.61006e-17
      3727.36  7.43205e-18  1.50048e-17
      3730.11  4.09015e-17  1.55165e-17
      3732.85 -4.93529e-18  1.61619e-17
      3735.60  4.98512e-18  2.05749e-17
      3738.35  1.49055e-17  1.24264e-17
      3741.10  1.45204e-17  1.42434e-17
      3743.85  1.35923e-17  1.32675e-17
      3746.60  7.62582e-18  1.36501e-17
      3749.35  2.84249e-17  1.33717e-17
      3752.10  6.41404e-18  1.34668e-17
      3754.85  3.43612e-17  2.86057e-17
      3757.60 -2.92166e-17  3.47861e-17
      3760.34  1.34329e-17  1.33356e-17
      3763.09  5.95284e-18  3.02197e-17
      3765.84  3.86114e-18  1.24549e-17
      3768.59  3.37434e-17  1.75475e-17
      3771.34  5.37141e-18  1.39250e-17
      3774.09  7.79787e-18  1.23893e-17
      3776.84  1.09856e-17  1.35132e-17
      3779.59  2.33231e-17  1.21784e-17
      3782.34  2.56884e-17  2.88072e-17
      3785.09  2.62589e-17  1.36109e-17
      3787.83  4.12131e-17  1.38742e-17
      3790.58 -5.60125e-18  2.15574e-17
      3793.33  1.72923e-17  1.22518e-17
      3796.08  6.16778e-17  1.86237e-17
      3798.83  6.62006e-18  1.09171e-17
      3801.58  8.31771e-18  1.09332e-17
      3804.33  4.02637e-17  1.34877e-17
      3807.08  3.53221e-18  1.20762e-17
      3809.83  1.59137e-17  1.19387e-17
      3812.58 -5.62140e-18  1.35003e-17
      3815.32  1.95795e-17  1.20633e-17
      3818.07  1.67254e-17  1.22010e-17
      3820.82  7.97158e-18  1.08945e-17
      3823.57  9.21787e-18  1.10978e-17
      3826.32  5.11871e-18  1.09014e-17
      3829.07  9.04144e-18  1.15244e-17
      3831.82  4.76775e-18  1.17134e-17
      3834.57  1.47688e-17  1.14788e-17
      3837.32  1.54736e-17  1.03869e-17
      3840.07  1.81537e-17  1.10198e-17
      3842.81  1.18751e-17  1.12955e-17
      3845.56  5.59644e-18  1.14483e-17
      3848.31 -6.82194e-19  1.44052e-17
      3851.06 -6.96083e-18  1.08652e-17
      3853.81 -1.32395e-17  2.05196e-17
      3856.56  7.00031e-18  1.07027e-17
      3859.31  9.82414e-18  1.02587e-17
      3862.06  1.19884e-18  1.33999e-17
      3864.81  2.07501e-17  1.03774e-17
      3867.56  1.89832e-17  1.17366e-17
      3870.30 -5.48129e-18  1.02434e-17
      3873.05 -2.22486e-17  3.46511e-17
      3875.80  4.24459e-18  9.43774e-18
      3878.55  7.60204e-18  9.64921e-18
      3881.30 -1.19879e-17  2.21954e-17
      3884.05  1.38256e-18  9.39212e-18
      3886.80  1.24953e-17  9.84304e-18
      3889.55  1.35803e-17  9.71428e-18
      3892.30  4.77558e-18  9.50543e-18
      3895.05  1.16748e-17  9.65428e-18
      3897.79  4.26208e-18  9.40372e-18
      3900.54 -1.75028e-18  1.06207e-17
      3903.29  2.18695e-18  8.96581e-18
      3906.04  2.38059e-17  9.30066e-18
      3908.79  1.49536e-17  9.15284e-18
      3911.54  1.89589e-17  1.69867e-17
      3914.29  1.22570e-17  1.06178e-17
      3917.04  2.72660e-17  1.16103e-17
      3919.79 -3.36179e-17  1.71550e-17
      3922.54  1.21817e-17  9.94440e-18
      3925.28  2.48829e-17  1.05602e-17
      3928.03  5.75939e-18  9.15053e-18
      3930.78  3.78634e-18  1.14114e-17
      3933.53  2.01233e-17  9.81028e-18
      3936.28  1.81038e-17  1.01695e-17
      3939.03 -1.03058e-18  9.32699e-18
      3941.78  4.10302e-18  9.49464e-18
      3944.53  1.49843e-17  9.62970e-18
      3947.28  1.92291e-17  9.81046e-18
      3950.03  4.60314e-18  8.79056e-18
      3952.77 -1.24047e-17  1.95198e-17
      3955.52  2.43241e-17  9.03813e-18
      3958.27  9.89919e-18  8.96160e-18
      3961.02  1.24994e-17  8.75380e-18
      3963.77 -1.91986e-18  8.69455e-18
      3966.52  2.36227e-17  8.89393e-18
      3969.27  1.05633e-17  9.22977e-18
      3972.02  2.07236e-17  1.15202e-17
      3974.77  8.77985e-18  1.06332e-17
      3977.52  2.93638e-17  1.83362e-17
      3980.26  2.51464e-17  1.20410e-17
      3983.01  2.64351e-17  8.62893e-18
      3985.76 -6.33311e-19  2.39305e-17
      3988.51  1.92732e-17  8.77795e-18
      3991.26  1.97284e-17  8.60844e-18
      3994.01  3.81714e-18  1.35059e-17
      3996.76  8.95750e-19  8.47333e-18
      3999.51  1.86054e-17  1.18906e-17
      4002.26  1.61221e-17  8.93185e-18
      4005.01  1.64060e-17  8.35393e-18
      4007.75  1.44002e-18  9.29346e-18
      4010.50  3.21430e-17  8.61591e-18
      4013.25  3.97692e-17  1.50785e-17
      4016.00  1.92182e-17  9.98410e-18
      4018.75  2.20515e-17  9.67097e-18
      4021.50  2.78132e-17  9.42134e-18
      4024.25  2.06919e-17  7.91453e-18
      4027.00  2.63043e-17  8.86934e-18
      4029.75  6.95448e-17  3.19815e-17
      4032.49  3.70473e-17  8.25733e-18
      4035.24  5.31550e-17  8.50859e-18
      4037.99  4.06540e-17  8.66213e-18
      4040.74  3.73364e-17  1.17349e-17
      4043.49  3.80610e-17  8.91635e-18
      4046.24  2.20426e-17  1.15943e-17
      4048.99  5.67813e-17  1.08985e-17
      4051.74 -4.79223e-18  3.12603e-17
      4054.49 -1.73251e-17  2.18054e-17
      4057.23  3.90530e-17  8.31723e-18
      4059.98 -3.25464e-18  1.62533e-17
      4062.73  3.03436e-17  8.43651e-18
      4065.48  3.83712e-17  8.55657e-18
      4068.23  4.28634e-17  8.33941e-18
      4070.98  3.49359e-17  7.88563e-18
      4073.73  3.81052e-17  8.07595e-18
      4076.48  3.87762e-17  8.73741e-18
      4079.22  4.63889e-17  8.49391e-18
      4081.97  3.57402e-17  9.46646e-18
      4084.72  3.21167e-17  9.08339e-18
      4087.47  4.38506e-17  1.90650e-17
      4090.22  2.26837e-17  8.58008e-18
      4092.97  4.16024e-17  8.91615e-18
      4095.72  5.02172e-17  1.39592e-17
      4098.47  4.21863e-17  1.59016e-17
      4101.21  2.14611e-17  7.75695e-18
      4103.96  3.83360e-17  7.84995e-18
      4106.71  4.19311e-17  9.20658e-18
      4109.46  4.18392e-17  8.22889e-18
      4112.21  3.67385e-17  7.77483e-18
      4114.96  3.20047e-17  7.87607e-18
      4117.71  3.03701e-17  8.54524e-18
      4120.46  2.63476e-17  1.16783e-17
      4123.21  4.57714e-17  7.87884e-18
      4125.95  3.46530e-17  1.27901e-17
      4128.70  2.64601e-17  7.96522e-18
      4131.45  3.59260e-17  8.73138e-18
      4134.20  4.09510e-17  7.63258e-18
      4136.95  3.22681e-17  1.01345e-17
      4139.70  2.68775e-17  1.14809e-17
      4142.45  4.03553e-17  7.47092e-18
      4145.19  3.95555e-17  8.11403e-18
      4147.94  3.56395e-17  8.20390e-18
      4150.69  3.44355e-17  1.24414e-17
      4153.44  4.07937e-17  8.20931e-18
      4156.19  3.01663e-17  7.55610e-18
      4158.94  2.55039e-17  7.09983e-18
      4161.69  5.11407e-17  9.01568e-18
      4164.44  4.89352e-17  9.47390e-18
      4167.18  3.72167e-17  7.67018e-18
      4169.93  3.61233e-17  1.08653e-17
      4172.68  3.50298e-17  7.23353e-18
      4175.43  2.23671e-17  7.55777e-18
      4178.18  4.11009e-17  7.96637e-18
      4180.93  2.70600e-17  1.42423e-17
      4183.68  3.73035e-17  7.59285e-18
      4186.42  2.92326e-17  9.58816e-18
      4189.17  3.51942e-17  7.35978e-18
      4191.92  3.54535e-17  8.92546e-18
      4194.67  2.42521e-17  7.26806e-18
      4197.42  4.40526e-17  8.34258e-18
      4200.17  2.71752e-17  1.07596e-17
      4202.92  2.06611e-17  7.91825e-18
      4205.66  3.49832e-17  7.68302e-18
      4208.41  5.79696e-17  9.97901e-18
      4211.16  2.38803e-17  8.52018e-18
      4213.91  5.18444e-17  1.77678e-17
      4216.66  2.35670e-17  1.07059e-17
      4219.41  2.25473e-17  7.86350e-18
      4222.15  1.38209e-17  1.08172e-17
      4224.90  2.55568e-17  7.20800e-18
      4227.65  2.84240e-17  6.83392e-18
      4230.40  2.18351e-17  6.83631e-18
      4233.15  3.81539e-17  7.95672e-18
      4235.90  3.82331e-17  8.01759e-18
      4238.65  2.61644e-17  7.53937e-18
      4241.39  2.82744e-17  7.23671e-18
      4244.14  3.12407e-17  7.20487e-18
      4246.89  2.51187e-17  1.15151e-17
      4249.64  1.50290e-17  6.96179e-18
      4252.39  2.61546e-17  7.45268e-18
      4255.14  2.60540e-17  8.12496e-18
      4257.88  2.59592e-17  8.00464e-18
      4260.63  1.75907e-17  7.82224e-18
      4263.38  3.88725e-17  7.55362e-18
      4266.13  3.62133e-17  1.53677e-17
      4268.88  1.74026e-17  7.88170e-18
      4271.63  2.23446e-17  6.83402e-18
      4274.37  1.55514e-17  8.53458e-18
      4277.12  2.91572e-17  7.64699e-18
      4279.87  1.92986e-17  7.20608e-18
      4282.62  2.95494e-17  7.31890e-18
      4285.37  2.74289e-17  7.05519e-18
      4288.11  1.76807e-17  6.59424e-18
      4290.86  2.35320e-17  7.29386e-18
      4293.61  2.93282e-17  7.58369e-18
      4296.36  2.40565e-17  7.19668e-18
      4299.11  1.46130e-17  6.83921e-18
      4301.86  2.76976e-17  7.13247e-18
      4304.60  2.43727e-17  6.67439e-18
      4307.35  1.17592e-17  6.73293e-18
      4310.10  2.48938e-17  6.84097e-18
      4312.85  1.99839e-17  7.26116e-18
      4315.60  1.47612e-17  7.25868e-18
      4318.34  2.10829e-17  7.26575e-18
      4321.09  5.49609e-17  2.18236e-17
      4323.84  2.23678e-17  7.79582e-18
      4326.59  4.52602e-17  8.04598e-18
      4329.34  4.43723e-17  7.92745e-18
      4332.09  1.94851e-17  6.89964e-18
      4334.83  4.65240e-17  9.34875e-18
      4337.58  2.08480e-17  7.56702e-18
      4340.33  3.48223e-17  1.31474e-17
      4343.08  3.85465e-17  8.36514e-18
      4345.83  2.08929e-17  6.29563e-18
      4348.57  1.62947e-17  7.05389e-18
      4351.32  2.24132e-17  6.64489e-18
      4354.07  2.16043e-17  6.64109e-18
      4356.82  2.46030e-17  7.21820e-18
      4359.57  2.93746e-17  7.46374e-18
      4362.31  2.45312e-17  6.35766e-18
      4365.06  2.93506e-17  8.16361e-18
      4367.81  3.18645e-17  6.70326e-18
      4370.56  1.79265e-17  7.37919e-18
      4373.31  2.03578e-17  8.02127e-18
      4376.05  2.28781e-17  7.72038e-18
      4378.80  3.01339e-17  7.86838e-18
      4381.55  1.48009e-17  6.56177e-18
      4384.30  1.41000e-17  1.07644e-17
      4387.04  2.09229e-17  6.83185e-18
      4389.79  1.96311e-17  6.37370e-18
      4392.54  1.21202e-17  5.99808e-18
      4395.29  2.01653e-17  6.19300e-18
      4398.04  2.52276e-17  6.36806e-18
      4400.78  1.20650e-17  6.28494e-18
      4403.53  1.83950e-17  7.30412e-18
      4406.28  4.79723e-17  7.15369e-18
      4409.03  3.86522e-17  8.15271e-18
      4411.77  4.29536e-17  8.22226e-18
      4414.52  4.40904e-17  7.10180e-18
      4417.27  2.69863e-17  6.46838e-18
      4420.02  1.78897e-17  6.49510e-18
      4422.77  2.78817e-17  8.35291e-18
      4425.51  2.83343e-17  6.32134e-18
      4428.26  2.90421e-17  7.20748e-18
      4431.01  3.29622e-17  7.07725e-18
      4433.76  2.06103e-17  8.98215e-18
      4436.50  1.86242e-17  9.54806e-18
      4439.25  2.59182e-17  6.70007e-18
      4442.00  2.09928e-17  6.73330e-18
      4444.75  3.22854e-17  6.85951e-18
      4447.49  1.34162e-17  6.79933e-18
      4450.24  2.26562e-17  6.25129e-18
      4452.99  3.11609e-17  6.90123e-18
      4455.74  3.45962e-17  6.31880e-18
      4458.48  1.78870e-17  7.15677e-18
      4461.23  2.65402e-17  1.02848e-17
      4463.98  2.42283e-17  6.70840e-18
      4466.73  2.34339e-17  6.43031e-18
      4469.47  2.67368e-17  6.38277e-18
      4472.22  1.32275e-17  8.24149e-18
      4474.97  1.47836e-17  6.32666e-18
      4477.72  2.46989e-17  7.34527e-18
      4480.46  3.42123e-17  6.51366e-18
      4483.21  2.12139e-17  6.34605e-18
      4485.96  3.86552e-17  7.41476e-18
      4488.71  2.15826e-17  6.41063e-18
      4491.45  3.36478e-17  6.13424e-18
      4494.20  2.42664e-17  6.22513e-18
      4496.95  2.85883e-17  6.50652e-18
      4499.69  1.78736e-17  6.91182e-18
      4502.44  2.89751e-17  6.35538e-18
      4505.19  1.24756e-17  9.87254e-18
      4507.94  1.47370e-17  8.89799e-18
      4510.68  2.20932e-17  6.39606e-18
      4513.43  2.04505e-17  6.81373e-18
      4516.18  1.13473e-17  5.81417e-18
      4518.93  3.25091e-17  6.34072e-18
      4521.67  2.43823e-17  7.49614e-18
      4524.42  9.69146e-18  6.10810e-18
      4527.17  2.17136e-17  6.16625e-18
      4529.91  2.54465e-17  6.25341e-18
      4532.66  2.80034e-17  6.74367e-18
      4535.41  1.56544e-17  6.47571e-18
      4538.16  3.23500e-17  7.57233e-18
      4540.90  4.10903e-17  1.56752e-17
      4543.65  1.65884e-17  9.42811e-18
      4546.40  3.48172e-17  7.02410e-18
      4549.14  2.85229e-17  6.35430e-18
      4551.89  3.04664e-17  6.16472e-18
      4554.64  1.19546e-17  5.90559e-18
      4557.38  2.42131e-17  1.14377e-17
      4560.13  2.41331e-17  5.83569e-18
      4562.88  2.96573e-17  5.96242e-18
      4565.62  2.86549e-17  6.23844e-18
      4568.37  2.53129e-17  6.52421e-18
      4571.12  2.18684e-17  5.80631e-18
      4573.87  2.73368e-17  7.22452e-18
      4576.61  2.25036e-17  6.58809e-18
      4579.36  1.85355e-17  7.20081e-18
      4582.11  2.91994e-17  7.12009e-18
      4584.85  4.36546e-17  6.70029e-18
      4587.60  5.10236e-17  6.57372e-18
      4590.35  2.00753e-17  6.16163e-18
      4593.09  3.54627e-17  6.64410e-18
      4595.84  4.34277e-17  7.19627e-18
      4598.59  2.06612e-17  6.87236e-18
      4601.33  2.65287e-17  6.54144e-18
      4604.08  3.87821e-17  7.04601e-18
      4606.83  2.54572e-17  6.63852e-18
      4609.57  1.50334e-17  6.65508e-18
      4612.32  2.76835e-17  6.24683e-18
      4615.07  4.28316e-17  6.43872e-18
      4617.81  3.62983e-17  6.13133e-18
      4620.56  3.40593e-17  7.60857e-18
      4623.31  3.73623e-17  8.34621e-18
      4626.05  2.63820e-17  6.70794e-18
      4628.80  3.63426e-17  7.36076e-18
      4631.55  4.34567e-17  7.94216e-18
      4634.29  4.02747e-17  6.38429e-18
      4637.04  3.11520e-17  6.58371e-18
      4639.79  2.80939e-17  6.98316e-18
      4642.53  3.66323e-17  6.33292e-18
      4645.28  3.70947e-17  6.41668e-18
      4648.02  2.66096e-17  6.14455e-18
      4650.77  4.13064e-17  6.31778e-18
      4653.52  4.21039e-17  6.34795e-18
      4656.26  4.54245e-17  7.25942e-18
      4659.01  3.69105e-17  6.79806e-18
      4661.76  4.68202e-17  6.95792e-18
      4664.50  4.62323e-17  7.24441e-18
      4667.25  6.02076e-17  3.65424e-17
      4669.99  4.46151e-17  6.31176e-18
      4672.74  3.95717e-17  6.18989e-18
      4675.49  3.71127e-17  6.11762e-18
      4678.23  3.88490e-17  6.69485e-18
      4680.98  4.76845e-17  7.09551e-18
      4683.73  5.16445e-17  6.92923e-18
      4686.47  4.39209e-17  6.28943e-18
      4689.22  4.07823e-17  8.94440e-18
      4691.96  6.51443e-17  8.13010e-18
      4694.71  4.42040e-17  6.36000e-18
      4697.46  6.02326e-17  6.38324e-18
      4700.20  5.68674e-17  6.92542e-18
      4702.95  3.71977e-17  6.88348e-18
      4705.69  5.35894e-17  6.46109e-18
      4708.44  5.86015e-17  6.54858e-18
      4711.19  5.60373e-17  6.56238e-18
      4713.93  4.31955e-17  6.97952e-18
      4716.68  6.02491e-17  6.43580e-18
      4719.42  5.21858e-17  6.50622e-18
      4722.17  2.85818e-17  7.42537e-18
      4724.92  4.40323e-17  6.56412e-18
      4727.66  5.51102e-17  6.47158e-18
      4730.41  4.94389e-17  6.95653e-18
      4733.15  5.67475e-17  7.67432e-18
      4735.90  4.36463e-17  1.00524e-17
      4738.64  5.34657e-17  6.57195e-18
      4741.39  4.45689e-17  6.88818e-18
      4744.14  4.92210e-17  6.74390e-18
      4746.88  5.84405e-17  7.11514e-18
      4749.63  4.59453e-17  6.80862e-18
      4752.37  4.33932e-17  7.05280e-18
      4755.12  5.24173e-17  7.91749e-18
      4757.86  4.77873e-17  7.11656e-18
      4760.61  4.16702e-17  7.15913e-18
      4763.35  4.91031e-17  6.66586e-18
      4766.10  5.36993e-17  7.57278e-18
      4768.85  4.12094e-17  9.54096e-18
      4771.59  4.58166e-17  7.28979e-18
      4774.34  5.09904e-17  7.02163e-18
      4777.08  4.65157e-17  7.93485e-18
      4779.83  2.10387e-17  1.59139e-17
      4782.57  4.99888e-17  6.66191e-18
      4785.32  3.66765e-17  6.94582e-18
      4788.06  3.97811e-17  6.91063e-18
      4790.81  5.26655e-17  6.93326e-18
      4793.55  4.61123e-17  7.26001e-18
      4796.30  4.94560e-17  9.19679e-18
      4799.05  4.64581e-17  6.37331e-18
      4801.79  5.43229e-17  6.86324e-18
      4804.54  4.09690e-17  6.44901e-18
      4807.28  4.47503e-17  6.24719e-18
      4810.03  4.46027e-17  1.28570e-17
      4812.77  4.98061e-17  6.88351e-18
      4815.52  3.87759e-17  6.70775e-18
      4818.26  3.13172e-17  8.66508e-18
      4821.01  5.76414e-17  7.28801e-18
      4823.75  3.25071e-17  8.76307e-18
      4826.50  2.41274e-17  1.00349e-17
      4829.24  3.95458e-17  6.21845e-18
      4831.99  3.89647e-17  6.46165e-18
      4834.73  3.72220e-17  6.18625e-18
      4837.48  2.72851e-17  6.14598e-18
      4840.22  4.09359e-17  6.16728e-18
      4842.97  4.84130e-17  1.07634e-17
      4845.71  3.26423e-17  6.22403e-18
      4848.46  3.18161e-17  6.82124e-18
      4851.20  4.17522e-17  8.32991e-18
      4853.95  2.67970e-17  6.44098e-18
      4856.69  2.19130e-17  6.26813e-18
      4859.44  3.13057e-17  6.46320e-18
      4862.18  3.32202e-17  1.26144e-17
      4864.93  4.08453e-17  8.13810e-18
      4867.67  4.20545e-17  6.45874e-18
      4870.42  2.66525e-17  5.85242e-18
      4873.16  2.57450e-17  6.09779e-18
      4875.90  3.18882e-17  6.08336e-18
      4878.65  3.74363e-17  6.63387e-18
      4881.39  2.57057e-17  6.32412e-18
      4884.14  2.74417e-17  6.05087e-18
      4886.88  3.58580e-17  5.95419e-18
      4889.63  3.36447e-17  5.94771e-18
      4892.37  3.34447e-17  6.52168e-18
      4895.12  3.15637e-17  7.10493e-18
      4897.86  3.41754e-17  7.22660e-18
      4900.60  1.74539e-17  6.05444e-18
      4903.35  2.37019e-17  1.39499e-17
      4906.09  3.32770e-17  5.89726e-18
      4908.84  3.01505e-17  6.00351e-18
      4911.58  2.51647e-17  5.97369e-18
      4914.33  2.56674e-17  5.85310e-18
      4917.07  2.74498e-17  6.34224e-18
      4919.81  1.48167e-17  5.87768e-18
      4922.56  3.56916e-17  6.10151e-18
      4925.30  2.52404e-17  6.29693e-18
      4928.05  3.98761e-17  6.62470e-18
      4930.79  5.03835e-17  6.21521e-18
      4933.54  3.92849e-17  6.01342e-18
      4936.28  2.53412e-17  5.92607e-18
      4939.02  1.36609e-17  6.13364e-18
      4941.77  1.78989e-17  2.47732e-17
      4944.51  2.89128e-17  5.79860e-18
      4947.26  2.47156e-17  6.02252e-18
      4950.00  3.10518e-17  5.87924e-18
      4952.74  4.21307e-17  6.52323e-18
      4955.49  2.35038e-17  9.31107e-18
      4958.23  2.80544e-17  5.59081e-18
      4960.98  2.84626e-17  6.05335e-18
      4963.72  2.46417e-17  5.70497e-18
      4966.46  1.73971e-17  7.23687e-18
      4969.21  3.37624e-17  1.08645e-17
      4971.95  3.40681e-17  5.91401e-18
      4974.69  1.91506e-17  5.71399e-18
      4977.44  4.18870e-17  5.95387e-18
      4980.18  3.01769e-17  6.10236e-18
      4982.93  3.83307e-17  7.73384e-18
      4985.67  2.61975e-17  6.41827e-18
      4988.41  3.56863e-17  6.66029e-18
      4991.16  2.06331e-17  7.43573e-18
      4993.90  2.49603e-17  6.12181e-18
      4996.64  2.93319e-17  6.96442e-18
      4999.39  3.23945e-17  5.84452e-18
      5002.13  3.46022e-17  5.80744e-18
      5004.87  2.84922e-17  5.91527e-18
      5007.62  4.10905e-17  6.03054e-18
      5010.36  3.28863e-17  5.66812e-18
      5013.10  3.34493e-17  5.99613e-18
      5015.85  2.27504e-17  6.05306e-18
      5018.59  3.32250e-17  5.72692e-18
      5021.33  3.62503e-17  6.49599e-18
      5024.08  3.55280e-17  5.78367e-18
      5026.82  4.42979e-17  6.27371e-18
      5029.56  3.71213e-17  7.06134e-18
      5032.31  3.52280e-17  5.88004e-18
      5035.05  3.81896e-17  5.83176e-18
      5037.79  3.31756e-17  5.85628e-18
      5040.54  3.98995e-17  6.37489e-18
      5043.28  2.04736e-17  6.81851e-18
      5046.02  4.17844e-17  6.61415e-18
      5048.77  3.97865e-17  8.49404e-18
      5051.51  3.53106e-17  7.02609e-18
      5054.25  2.51024e-17  6.94060e-18
      5057.00  2.17611e-17  7.63736e-18
      5059.74  3.84471e-17  6.09943e-18
      5062.48  2.92499e-17  6.02317e-18
      5065.22  3.34658e-17  5.77906e-18
      5067.97  3.40291e-17  1.48551e-17
      5070.71  3.95064e-17  7.81560e-18
      5073.45  2.71198e-17  5.57785e-18
      5076.19  4.15386e-17  6.14234e-18
      5078.94  3.37274e-17  6.11478e-18
      5081.68  2.73374e-17  5.52571e-18
      5084.42  2.64164e-17  7.34130e-18
      5087.17  4.11035e-17  6.67431e-18
      5089.91  4.14240e-17  1.46898e-17
      5092.65  3.46279e-17  6.82349e-18
      5095.39  4.50627e-17  6.28275e-18
      5098.14  1.30949e-17  6.09133e-18
      5100.88  2.96417e-17  5.96550e-18
      5103.62  2.84868e-17  7.05627e-18
      5106.36  3.20123e-17  1.60821e-17
      5109.11  3.00759e-17  5.61338e-18
      5111.85  4.15587e-17  5.52837e-18
      5114.59  3.78893e-17  6.08979e-18
      5117.33  2.65666e-17  6.45139e-18
      5120.07  2.96064e-17  8.29292e-18
      5122.82  2.58393e-17  6.50745e-18
      5125.56  3.02341e-17  6.05405e-18
      5128.30  2.53691e-17  5.88210e-18
      5131.04  3.01095e-17  5.89588e-18
      5133.79  2.67700e-17  5.62652e-18
      5136.53  1.80164e-17  6.87468e-18
      5139.27  3.83554e-17  5.54333e-18
      5142.01  3.90765e-17  5.94131e-18
      5144.75  4.52719e-17  6.43161e-18
      5147.50  4.57690e-17  6.02828e-18
      5150.24  4.12166e-17  6.24701e-18
      5152.98  1.72106e-17  1.02427e-17
      5155.72  3.80577e-18  1.30934e-17
      5158.46  2.92047e-17  7.03077e-18
      5161.21  3.82418e-17  6.12943e-18
      5163.95  3.51182e-17  5.67181e-18
      5166.69  3.19947e-17  1.42527e-17
      5169.43  2.88711e-17  5.86403e-18
      5172.17  2.57476e-17  5.72673e-18
      5174.91  2.62660e-17  5.67608e-18
      5177.66  3.68649e-17  8.80168e-18
      5180.40  3.80379e-17  5.81159e-18
      5183.14  3.92110e-17  2.29794e-17
      5185.88  4.03839e-17  6.04582e-18
      5188.62  3.59341e-17  7.29112e-18
      5191.36  3.63237e-17  5.57256e-18
      5194.10  4.34854e-17  6.08454e-18
      5196.85  1.66927e-17  1.07530e-17
      5199.59  4.17732e-17  5.94432e-18
      5202.33  3.33032e-17  5.68082e-18
      5205.07  2.98488e-17  5.75298e-18
      5207.81  2.13929e-17  8.84972e-18
      5210.55  3.02337e-17  6.23144e-18
      5213.29  2.46039e-17  5.67704e-18
      5216.04  3.52446e-17  6.08189e-18
      5218.78  2.42530e-17  5.47535e-18
      5221.52  1.51182e-17  6.15388e-18
      5224.26  1.99414e-17  5.81873e-18
      5227.00  2.47655e-17  7.67372e-18
      5229.74  2.95896e-17  6.41477e-18
      5232.48  3.44129e-17  5.98488e-18
      5235.22  4.42436e-17  5.67178e-18
      5237.96  3.81132e-17  6.01794e-18
      5240.71  3.29969e-17  5.86291e-18
      5243.45  3.49535e-17  6.14993e-18
      5246.19  2.97900e-17  6.14627e-18
      5248.93  3.21015e-17  5.83926e-18
      5251.67  2.91433e-17  5.34036e-18
      5254.41  3.20869e-17  5.70426e-18
      5257.15  4.35508e-17  6.71357e-18
      5259.89  2.69891e-17  8.64232e-18
      5262.63  4.29907e-17  6.53678e-18
      5265.37  4.88416e-17  5.88795e-18
      5268.11  2.77767e-17  7.40049e-18
      5270.85  3.79674e-17  5.75399e-18
      5273.59  3.34901e-17  5.92945e-18
      5276.33  4.29826e-17  5.91286e-18
      5279.07  4.43648e-17  9.10282e-18
      5281.81  4.57468e-17  6.19650e-18
      5284.56  3.30355e-17  6.32800e-18
      5287.30  3.04504e-17  5.61391e-18
      5290.04  4.10185e-17  6.08173e-18
      5292.78  4.05741e-17  6.00585e-18
      5295.52  4.51771e-17  6.13345e-18
      5298.26  4.36409e-17  6.15640e-18
      5301.00  4.51073e-17  6.04331e-18
      5303.74  3.82075e-17  6.21108e-18
      5306.48  4.92902e-17  6.07099e-18
      5309.22  4.32587e-17  6.19217e-18
      5311.96  3.80908e-17  6.18560e-18
      5314.70  4.64917e-17  6.00506e-18
      5317.44  4.14108e-17  6.30035e-18
      5320.18  4.74726e-17  6.18957e-18
      5322.92  4.73087e-17  6.51069e-18
      5325.66  5.27784e-17  6.37243e-18
      5328.40  4.46725e-17  6.09278e-18
      5331.14  4.78815e-17  6.21264e-18
      5333.88  4.60477e-17  6.09106e-18
      5336.62  4.58295e-17  9.92516e-18
      5339.36  4.89992e-17  7.36172e-18
      5342.10  5.29497e-17  6.48151e-18
      5344.84  4.06766e-17  5.90981e-18
      5347.58  5.58669e-17  6.09522e-18
      5350.31  3.48711e-17  1.39379e-17
      5353.05  4.98385e-17  6.28551e-18
      5355.79  3.76261e-17  6.24491e-18
      5358.53  3.89136e-17  7.43193e-18
      5361.27  4.71466e-17  6.20001e-18
      5364.01  5.45567e-17  6.28680e-18
      5366.75  5.43629e-17  5.97034e-18
      5369.49  4.61537e-17  6.28703e-18
      5372.23  5.30710e-17  6.09473e-18
      5374.97  5.32860e-17  6.03773e-18
      5377.71  5.00837e-17  6.26375e-18
      5380.45  5.20014e-17  6.25020e-18
      5383.19  6.56355e-17  6.86552e-18
      5385.93  5.93945e-17  6.80324e-18
      5388.67  5.78503e-17  6.73814e-18
      5391.40  5.98027e-17  6.44363e-18
      5394.14  5.57750e-17  6.09033e-18
      5396.88  6.21523e-17  6.30296e-18
      5399.62  5.69115e-17  7.78802e-18
      5402.36  5.37569e-17  6.76479e-18
      5405.10  5.89736e-17  6.26287e-18
      5407.84  4.90003e-17  6.93195e-18
      5410.58  5.00140e-17  6.03046e-18
      5413.32  5.68081e-17  6.41955e-18
      5416.05  5.70153e-17  6.22688e-18
      5418.79  7.67178e-17  7.16356e-18
      5421.53  7.02133e-17  2.06872e-17
      5424.27  6.88405e-17  6.48173e-18
      5427.01  5.13355e-17  7.91047e-18
      5429.75  5.56458e-17  6.35818e-18
      5432.49  6.92140e-17  7.16295e-18
      5435.22  5.17796e-17  6.52281e-18
      5437.96  4.72996e-17  6.80837e-18
      5440.70  6.18974e-17  6.47064e-18
      5443.44  6.14178e-17  6.69674e-18
      5446.18  5.21107e-17  6.89509e-18
      5448.92  7.11898e-17  6.98439e-18
      5451.65  7.00724e-17  6.90284e-18
      5454.39  4.84946e-17  6.37712e-18
      5457.13  8.48345e-17  6.95752e-18
      5459.87  6.99968e-17  6.84712e-18
      5462.61  5.67945e-17  6.56957e-18
      5465.35  6.01562e-17  6.28630e-18
      5468.08  3.08247e-17  8.87472e-18
      5470.82  5.32349e-17  6.60051e-18
      5473.56  7.07157e-17  6.81539e-18
      5476.30  6.29959e-17  6.64406e-18
      5479.04  6.22170e-17  6.71803e-18
      5481.77  6.14382e-17  6.74440e-17
      5484.51  6.06594e-17  7.68763e-18
      5487.25  5.98807e-17  6.69498e-18
      5489.99  6.26867e-17  7.08167e-18
      5492.72  5.79844e-17  7.93530e-18
      5495.46  7.02267e-17  6.79521e-18
      5498.20  7.47447e-17  8.20082e-18
      5500.94  5.64305e-17  6.61617e-18
      5503.67  6.73436e-17  7.01035e-18
      5506.41  7.19649e-17  7.12824e-18
      5509.15  7.03871e-17  6.63604e-18
      5511.89  4.29333e-17  7.20171e-18
      5514.62  7.24990e-17  7.16475e-18
      5517.36  7.06815e-17  6.41726e-18
      5520.10  7.34996e-17  6.62384e-18
      5522.84  4.25964e-17  1.31706e-17
      5525.57  6.70940e-17  6.56343e-18
      5528.31  8.06031e-17  7.09485e-18
      5531.05  6.77722e-17  6.67461e-18
      5533.78  7.12680e-17  6.98959e-18
      5536.52  8.25559e-17  6.66561e-18
      5539.26  6.99454e-17  6.84253e-18
      5542.00  6.63189e-17  6.85314e-18
      5544.73  7.22662e-17  6.68513e-18
      5547.47  7.24688e-17  6.58365e-18
      5550.21  8.46656e-17  7.92829e-18
      5552.94  1.37083e-16  2.91723e-17
      5555.68  7.57182e-17  6.40385e-18
      5558.42  6.84556e-17  6.65948e-18
      5561.15  8.84458e-17  7.82058e-18
      5563.89  7.30162e-17  6.97679e-18
      5566.63  7.90645e-17  7.01101e-18
      5569.36  6.52514e-17  6.44194e-18
      5572.10  7.52511e-17  6.51455e-18
      5574.84  8.40606e-17  7.44075e-18
      5577.57  7.93188e-17  6.41700e-18
      5580.31  7.55466e-17  6.76743e-18
      5583.05  9.17513e-17  6.92707e-18
      5585.78  8.24359e-17  7.32366e-18
      5588.52  4.85910e-17  8.88434e-18
      5591.25  6.70019e-17  7.60334e-18
      5593.99  7.88051e-17  8.00208e-18
      5596.73  8.70487e-17  1.74227e-17
      5599.46  8.20421e-17  7.43129e-18
      5602.20  8.68135e-17  7.12305e-18
      5604.94  8.84025e-17  9.92390e-18
      5607.67  7.65023e-17  1.11285e-17
      5610.41  7.16333e-17  6.45986e-18
      5613.14  8.62735e-17  7.23633e-18
      5615.88  8.46945e-17  7.45987e-18
      5618.62  6.72338e-17  6.88245e-18
      5621.35  8.19422e-17  6.71870e-18
      5624.09  6.82666e-17  6.83414e-18
      5626.82  5.17130e-17  7.39254e-18
      5629.56  7.58115e-17  7.31945e-18
      5632.29  7.18221e-17  7.41557e-18
      5635.03  6.70462e-17  1.86777e-17
      5637.77  7.79653e-17  6.84960e-18
      5640.50  7.91403e-17  7.57206e-18
      5643.24  6.81156e-17  7.34976e-18
      5645.97  5.79997e-17  9.15668e-18
      5648.71  6.70024e-17  6.66570e-18
      5651.44  6.12548e-17  6.98713e-18
      5654.18  6.69980e-17  6.77695e-18
      5656.91  7.58810e-17  7.16546e-18
      5659.65  7.59946e-17  7.58878e-18
      5662.38  6.80553e-17  7.81365e-18
      5665.12  7.45335e-17  6.94494e-18
      5667.85  6.43964e-17  6.54205e-18
      5670.59  6.03532e-17  6.64020e-18
      5673.32  7.26571e-17  7.21760e-18
      5676.06  7.49222e-17  7.47800e-18
      5678.79  7.21770e-17  7.55245e-18
      5681.53  7.32668e-17  6.91322e-18
      5684.26  6.84863e-17  7.28964e-18
      5687.00  8.58551e-17  1.36319e-17
      5689.73  8.73668e-17  1.08507e-17
      5692.47  7.15877e-17  7.57761e-18
      5695.20  8.10333e-17  6.92459e-18
      5697.94  1.14918e-16  8.80033e-18
