      2892.29  1.62754e-15  2.86511e-15
      2895.04  3.91532e-16  1.58166e-15
      2897.78 -5.41941e-16  1.32494e-15
      2900.53  1.21144e-15  1.06039e-15
      2903.27  2.81076e-16  9.02935e-16
      2906.02  6.91561e-16  8.43315e-16
      2908.76  6.60338e-16  6.93400e-16
      2911.51  6.81060e-16  6.46155e-16
      2914.25 -1.51301e-16  1.07483e-15
      2917.00  4.20801e-17  5.83748e-16
      2919.74 -6.18851e-16  5.01324e-16
      2922.49  1.37885e-16  4.17887e-16
      2925.24  1.71770e-16  3.55138e-16
      2927.98  3.85664e-17  3.56162e-16
      2930.73 -6.48097e-16  3.76991e-16
      2933.47 -2.67487e-16  2.52792e-16
      2936.22 -5.49593e-16  3.21154e-16
      2938.96  1.17980e-16  3.30289e-16
      2941.71  1.53782e-16  8.95046e-16
      2944.45  1.89586e-16  1.49226e-16
      2947.20  2.25388e-16  1.44174e-16
      2949.94  2.61189e-16  1.34906e-16
      2952.69  2.13120e-17  2.31402e-16
      2955.43 -1.75369e-17  9.89218e-17
      2958.18  1.56022e-16  1.02883e-16
      2960.93  1.19574e-16  9.87907e-17
      2963.67  9.85502e-17  4.58203e-16
      2966.42  7.75265e-17  7.85954e-17
      2969.16  5.65027e-17  7.19813e-17
      2971.91  3.54789e-17  7.01232e-17
      2974.65 -1.95348e-17  6.40452e-17
      2977.40  2.14179e-17  6.26367e-17
      2980.15 -4.50064e-17  6.03189e-17
      2982.89  2.11647e-17  5.90989e-17
      2985.64 -7.79494e-17  6.14378e-17
      2988.38 -2.21347e-17  6.91673e-17
      2991.13 -2.13331e-16  9.37827e-17
      2993.87  7.96198e-17  6.04411e-17
      2996.62  8.86906e-17  6.38208e-17
      2999.37 -2.54551e-17  6.01176e-17
      3002.11  1.38193e-17  5.38057e-17
      3004.86  5.49217e-18  5.87176e-17
      3007.60 -1.62363e-17  7.38535e-17
      3010.35  4.02016e-17  5.61207e-17
      3013.10  1.15579e-16  5.32420e-17
      3015.84  5.95410e-17  5.39758e-17
      3018.59  1.75629e-16  5.50678e-17
      3021.33  1.47820e-16  1.93390e-16
      3024.08  1.20008e-16  4.76477e-17
      3026.83  9.21958e-17  4.81053e-17
      3029.57 -6.47480e-18  4.83423e-17
      3032.32  1.34613e-16  4.92455e-17
      3035.06  6.63391e-17  4.51117e-17
      3037.81  1.30158e-17  4.40836e-17
      3040.56 -2.37646e-18  4.37035e-17
      3043.30 -8.61641e-17  7.04874e-17
      3046.05 -2.46530e-17  4.35438e-17
      3048.79  5.34750e-17  4.24114e-17
      3051.54 -2.30101e-17  3.90765e-17
      3054.29  2.11346e-16  4.42631e-17
      3057.03  8.92396e-17  3.99472e-17
      3059.78  1.62286e-17  4.01653e-17
      3062.53  4.07931e-17  6.63470e-17
      3065.27  6.61722e-17  4.12076e-17
      3068.02  5.94015e-17  3.77923e-17
      3070.76 -1.71187e-17  3.73606e-17
      3073.51  5.46791e-17  3.61694e-17
      3076.26  2.03871e-17  3.55687e-17
      3079.00  2.19163e-17  3.48608e-17
      3081.75  9.77961e-17  3.94944e-17
      3084.50  1.45303e-17  6.27129e-17
      3087.24  4.15411e-18  8.17620e-17
      3089.99  5.71736e-17  3.55281e-17
      3092.74  2.99604e-17  4.81944e-17
      3095.48  5.55064e-17  3.60992e-17
      3098.23  8.40442e-17  5.27722e-17
      3100.98  1.80532e-17  3.92960e-17
      3103.72  1.98761e-16  3.63050e-17
      3106.47  1.76165e-17  3.41155e-17
      3109.22  1.49452e-16  3.84105e-17
      3111.96 -9.29735e-18  3.54005e-17
      3114.71  1.34197e-16  4.02965e-17
      3117.46  1.24039e-16  3.93728e-17
      3120.20  4.71996e-17  6.15524e-17
      3122.95  7.70483e-17  3.39331e-17
      3125.70  4.97163e-17  3.22989e-17
      3128.44  5.42938e-17  3.26422e-17
      3131.19  3.08400e-17  3.83599e-17
      3133.94  1.16817e-16  3.87852e-17
      3136.68  1.00402e-16  3.41234e-17
      3139.43  8.65372e-17  3.73761e-17
      3142.18  7.32841e-17  4.04739e-17
      3144.92  6.00310e-17  2.40968e-16
      3147.67  4.67778e-17  8.28995e-17
      3150.42  3.35247e-17  3.29570e-17
      3153.16  2.02716e-17  5.10209e-17
      3155.91  1.45862e-17  3.22144e-17
      3158.66 -2.25795e-18  4.15678e-17
      3161.40  6.66147e-17  3.34760e-17
      3164.15  7.39870e-17  4.30029e-17
      3166.90  8.13586e-17  5.89792e-17
      3169.65  8.87309e-17  2.88460e-17
      3172.39  9.61032e-17  3.19268e-17
      3175.14  4.19651e-17  3.01713e-17
      3177.89  1.16716e-16  3.55527e-17
      3180.63  7.43430e-17  3.13167e-17
      3183.38  1.10265e-16  3.79232e-17
      3186.13  9.82614e-17  2.82483e-17
      3188.87  9.52520e-17  3.18643e-17
      3191.62  9.22425e-17  5.26791e-17
      3194.37  8.92330e-17  3.00176e-17
      3197.12  8.62235e-17  2.80566e-17
      3199.86  8.31860e-17  2.86110e-17
      3202.61  9.75022e-17  2.99930e-17
      3205.36  9.09197e-17  2.78810e-17
      3208.10  1.00514e-16  2.77024e-17
      3210.85  7.98525e-17  6.00653e-17
      3213.60  6.60664e-17  2.91062e-17
      3216.35  4.43930e-17  2.65103e-17
      3219.09  1.04263e-16  3.28574e-17
      3221.84  9.43712e-17  2.87093e-17
      3224.59  5.19566e-17  2.86606e-17
      3227.33  9.08661e-17  2.82061e-17
      3230.08  6.03256e-17  2.79656e-17
      3232.83  1.07350e-16  2.59769e-17
      3235.58  9.85352e-17  2.56809e-17
      3238.32  2.11096e-17  4.24378e-17
      3241.07  8.78380e-17  2.59401e-17
      3243.82  1.42484e-16  3.44011e-17
      3246.57  6.78288e-17  2.71676e-17
      3249.31  2.98027e-17  2.43711e-17
      3252.06  3.14879e-17  2.72359e-17
      3254.81  7.95952e-17  2.67848e-17
      3257.56  7.88981e-17  2.68115e-17
      3260.30  1.65018e-16  3.23039e-17
      3263.05  5.04968e-17  2.44874e-17
      3265.80  2.71727e-17  2.33749e-17
      3268.55  7.83602e-17  2.62194e-17
      3271.29  1.11931e-16  2.76016e-17
      3274.04  5.21120e-17  2.35286e-17
      3276.79  8.84152e-17  2.80880e-17
      3279.54  3.07130e-17  2.72118e-17
      3282.28  5.58437e-17  2.31795e-17
      3285.03  9.26028e-17  2.47392e-17
      3287.78  7.09562e-17  2.48578e-17
      3290.53  4.53324e-17  2.77055e-17
      3293.27  4.95336e-17  2.30804e-17
      3296.02  4.39189e-17  2.35497e-17
      3298.77  5.43776e-17  2.45815e-17
      3301.52  7.16369e-17  2.67495e-17
      3304.27  6.00094e-17  2.32076e-17
      3307.01  6.80875e-17  2.42886e-17
      3309.76  4.64699e-17  2.28533e-17
      3312.51  4.74324e-17  2.24116e-17
      3315.26  5.27842e-17  2.30254e-17
      3318.00  6.75267e-17  2.42256e-17
      3320.75  5.87086e-17  2.20970e-17
      3323.50  7.30302e-17  2.26731e-17
      3326.25  8.12170e-17  2.51169e-17
      3328.99  9.87587e-17  3.23057e-17
      3331.74  8.49549e-17  2.64225e-17
      3334.49  5.88299e-17  2.37769e-17
      3337.24  7.45267e-17  2.46230e-17
      3339.99  1.30275e-16  2.40291e-17
      3342.73  1.10507e-16  2.21534e-17
      3345.48  6.99629e-17  2.19465e-17
      3348.23  6.51672e-17  2.38608e-17
      3350.98  6.03715e-17  2.77322e-17
      3353.73  5.55753e-17  1.90898e-16
      3356.47  5.07795e-17  2.14496e-17
      3359.22  4.59834e-17  2.10176e-17
      3361.97  1.10316e-16  3.10335e-17
      3364.72  7.24766e-17  2.35873e-17
      3367.47  1.06723e-16  2.45351e-17
      3370.21  1.46375e-16  2.17504e-17
      3372.96  9.84343e-17  2.10128e-17
      3375.71  8.24131e-17  2.14721e-17
      3378.46  9.82048e-17  2.09960e-17
      3381.21  9.47705e-17  2.22245e-17
      3383.95  1.09134e-16  2.17720e-17
      3386.70  1.34324e-16  2.31978e-17
      3389.45  6.62140e-17  2.16349e-17
      3392.20  1.15650e-16  2.75338e-17
      3394.95  6.00559e-17  5.29172e-17
      3397.69  1.21763e-16  2.11525e-17
      3400.44  9.19224e-17  3.12874e-17
      3403.19  1.28576e-16  2.38217e-17
      3405.94  1.27377e-16  2.05770e-17
      3408.69  1.19763e-16  2.04178e-17
      3411.43  1.34716e-16  2.33959e-17
      3414.18  8.76699e-17  2.46574e-17
      3416.93  6.95006e-17  4.78073e-17
      3419.68  1.26067e-16  2.02384e-17
      3422.43  1.04890e-16  2.14217e-17
      3425.18  6.87103e-18  4.20241e-17
      3427.92  9.47296e-17  2.26206e-17
      3430.67  1.21075e-16  2.04916e-17
      3433.42  9.90423e-17  2.25104e-17
      3436.17  1.50645e-16  2.09806e-17
      3438.92  5.53378e-17  2.91031e-17
      3441.66  5.47467e-17  2.28680e-17
      3444.41  1.02297e-16  2.00114e-17
      3447.16  7.52831e-17  1.92316e-17
      3449.91  9.37359e-17  1.93191e-17
      3452.66  1.27533e-16  1.98383e-17
      3455.41  5.61470e-17  3.57926e-17
      3458.15  1.18731e-16  2.25312e-17
      3460.90  1.34744e-16  2.17156e-17
      3463.65  1.02512e-16  2.34858e-17
      3466.40  5.46531e-17  2.03965e-17
      3469.15  7.05371e-17  1.95008e-17
      3471.90  8.69310e-17  1.98389e-17
      3474.64  7.51845e-17  1.96693e-17
      3477.39  9.79094e-17  1.92650e-17
      3480.14  5.77476e-17  1.79986e-17
      3482.89  8.63103e-17  1.89082e-17
      3485.64  4.96183e-17  1.84538e-17
      3488.39  3.97645e-17  1.74829e-17
      3491.13  7.63061e-17  1.76948e-17
      3493.88  3.99486e-17  1.81057e-17
      3496.63  9.68711e-17  2.19477e-17
      3499.38  6.26483e-17  1.80533e-17
      3502.13  4.16850e-17  2.04720e-17
      3504.88  5.58833e-17  1.86592e-17
      3507.63  2.87964e-17  1.73520e-17
      3510.37  5.17413e-17  1.86629e-17
      3513.12  5.17121e-17  1.74378e-17
      3515.87  6.58433e-17  1.76355e-17
      3518.62  6.48078e-17  1.79602e-17
      3521.37  7.89576e-17  2.03228e-17
      3524.12  6.51921e-17  1.80626e-17
      3526.86  6.41517e-17  1.82696e-17
      3529.61  8.16093e-17  1.79058e-17
      3532.36  5.04146e-17  1.93958e-17
      3535.11  6.56881e-17  1.75349e-17
      3537.86  8.63500e-17  1.75405e-17
      3540.61  9.05549e-18  3.89197e-17
      3543.36  5.39165e-17  1.71778e-17
      3546.10  8.17202e-17  1.75980e-17
      3548.85  8.43589e-17  1.75987e-17
      3551.60  9.04746e-17  2.33408e-17
      3554.35  6.09660e-17  1.69390e-17
      3557.10  3.81951e-17  1.69816e-17
      3559.85  8.64679e-17  2.35788e-17
      3562.60  5.76132e-17  1.66177e-17
      3565.34  8.51413e-17  1.74385e-17
      3568.09  1.12392e-16  1.81086e-17
      3570.84  6.93063e-17  1.77506e-17
      3573.59  7.15029e-17  1.66978e-17
      3576.34  7.55316e-17  1.72236e-17
      3579.09  9.94133e-17  1.94901e-17
      3581.84  1.09455e-16  1.96758e-17
      3584.59  9.72709e-17  1.88832e-17
      3587.33  1.03555e-16  2.09662e-17
      3590.08  1.11856e-16  2.10978e-17
      3592.83  6.62789e-17  1.76086e-17
      3595.58  1.32975e-16  1.78189e-17
      3598.33  8.79670e-17  1.76419e-17
      3601.08  6.82540e-17  1.66936e-17
      3603.83  1.00011e-16  1.71331e-17
      3606.58  7.61447e-17  1.87698e-17
      3609.32  5.19549e-17  2.31357e-17
      3612.07  1.35966e-16  1.85221e-17
      3614.82  3.21058e-17  3.10171e-17
      3617.57  4.83029e-17  2.16742e-17
      3620.32  7.37966e-17  1.71030e-17
      3623.07  1.06162e-16  1.85597e-17
      3625.82  9.24720e-17  1.78429e-17
      3628.57  5.63019e-17  2.18997e-17
      3631.31  7.79346e-17  2.02454e-17
      3634.06  9.86185e-17  1.68237e-17
      3636.81  6.06855e-17  3.62035e-17
      3639.56  8.01396e-17  1.71588e-17
      3642.31  6.52969e-17  1.65073e-17
      3645.06  7.54760e-17  1.62810e-17
      3647.81  1.00075e-16  1.74908e-17
      3650.56  9.09641e-17  1.72658e-17
      3653.30  9.48040e-17  1.75223e-17
      3656.05  1.06739e-16  1.83668e-17
      3658.80  1.15693e-16  2.82265e-17
      3661.55  1.03579e-16  1.64853e-17
      3664.30  1.08281e-16  1.66413e-17
      3667.05  5.83746e-17  1.53136e-17
      3669.80  6.20570e-17  2.25380e-17
      3672.55  6.57390e-17  2.60476e-17
      3675.30  6.94210e-17  1.66394e-17
      3678.04  7.31030e-17  3.33494e-17
      3680.79  8.10022e-17  3.84619e-17
      3683.54  8.29299e-17  1.59419e-17
      3686.29  1.06674e-16  1.66163e-17
      3689.04  6.88133e-17  2.18609e-17
      3691.79  8.38754e-17  1.82909e-17
      3694.54  1.01454e-16  1.52841e-17
      3697.29  7.33270e-17  1.52513e-17
      3700.04  9.59462e-17  2.49068e-17
      3702.78  5.31409e-17  3.18553e-17
      3705.53  7.40983e-17  1.96416e-16
      3708.28  9.50538e-17  1.94080e-17
      3711.03  1.16011e-16  2.05457e-17
      3713.78  1.21774e-16  1.50376e-17
      3716.53  9.45615e-17  1.49969e-17
      3719.28  1.13006e-16  1.46366e-17
      3722.03  1.09596e-16  1.46817e-17
      3724.78  9.47559e-17  1.52085e-17
      3727.52  9.01644e-17  1.49145e-17
      3730.27  1.22808e-16  1.50943e-17
      3733.02  6.39975e-17  2.12520e-17
      3735.77  8.36627e-17  1.50854e-17
      3738.52  1.03328e-16  1.94395e-17
      3741.27  1.22991e-16  1.43256e-17
      3744.02  1.21411e-16  1.55108e-17
      3746.77  1.25781e-16  1.51681e-17
      3749.52  1.24303e-16  1.50926e-17
      3752.26  1.10614e-16  1.44652e-17
      3755.01  1.35858e-16  1.43484e-17
      3757.76  1.18764e-16  2.29089e-17
      3760.51  1.24365e-16  2.82766e-17
      3763.26  1.44449e-16  1.44435e-17
      3766.01  1.89341e-16  2.76178e-17
      3768.76  1.43483e-16  1.68917e-17
      3771.51  1.81564e-16  1.81214e-17
      3774.26  1.39322e-16  1.43925e-17
      3777.01  1.50770e-16  1.39521e-17
      3779.75  1.55121e-16  1.53102e-17
      3782.50  1.57667e-16  1.45187e-17
      3785.25  1.60213e-16  4.60484e-17
      3788.00  1.62760e-16  1.45718e-17
      3790.75  1.65306e-16  1.51934e-17
      3793.50  1.67852e-16  2.23880e-17
      3796.25  1.69856e-16  1.39845e-17
      3799.00  2.07456e-16  1.70205e-17
      3801.75  2.16054e-16  1.40624e-17
      3804.50  1.52604e-16  1.30371e-17
      3807.24  1.80642e-16  1.54358e-17
      3809.99  1.74500e-16  1.37770e-17
      3812.74  1.82180e-16  1.42976e-17
      3815.49  1.68737e-16  1.57627e-17
      3818.24  1.67026e-16  1.33557e-17
      3820.99  1.95533e-16  1.40695e-17
      3823.74  1.79403e-16  1.35288e-17
      3826.49  1.83001e-16  1.34981e-17
      3829.24  2.14817e-16  1.41618e-17
      3831.99  2.20739e-16  1.46422e-17
      3834.73  1.90026e-16  1.43532e-17
      3837.48  2.05795e-16  1.39441e-17
      3840.23  1.98925e-16  1.30652e-17
      3842.98  1.93096e-16  1.42565e-17
      3845.73  1.93825e-16  1.40514e-17
      3848.48  2.05972e-16  1.38109e-17
      3851.23  1.98614e-16  1.64546e-17
      3853.98  1.89832e-16  1.28512e-17
      3856.73  1.85977e-16  2.23672e-17
      3859.48  2.13653e-16  1.44577e-17
      3862.22  1.97707e-16  1.34348e-17
      3864.97  2.14331e-16  1.36869e-17
      3867.72  1.92288e-16  1.34883e-17
      3870.47  2.07915e-16  1.47670e-17
      3873.22  1.93999e-16  1.36948e-17
      3875.97  1.47429e-16  3.65806e-17
      3878.72  1.82253e-16  1.26208e-17
      3881.47  1.95465e-16  1.25571e-17
      3884.22  1.47919e-16  2.49634e-17
      3886.97  1.82880e-16  1.23191e-17
      3889.71  1.75156e-16  1.23079e-17
      3892.46  1.77644e-16  1.19590e-17
      3895.21  1.74853e-16  1.16752e-17
      3897.96  1.74835e-16  1.19359e-17
      3900.71  1.73838e-16  1.17728e-17
      3903.46  1.62835e-16  1.26483e-17
      3906.21  1.70549e-16  1.15220e-17
      3908.96  1.60160e-16  1.13538e-17
      3911.71  1.52000e-16  1.10874e-17
      3914.46  1.50288e-16  1.14084e-17
      3917.20  1.52343e-16  1.15038e-17
      3919.95  1.61012e-16  1.25008e-17
      3922.70  1.17678e-16  2.01561e-17
      3925.45  1.44937e-16  1.21235e-17
      3928.20  1.26898e-16  1.16457e-17
      3930.95  1.55089e-16  1.24900e-17
      3933.70  1.40276e-16  1.41382e-17
      3936.45  1.05567e-16  1.07032e-17
      3939.20  1.26305e-16  1.07881e-17
      3941.94  1.24911e-16  1.10756e-17
      3944.69  1.16873e-16  1.07402e-17
      3947.44  1.14694e-16  1.04841e-17
      3950.19  1.31703e-16  1.05202e-17
      3952.94  1.15715e-16  1.00031e-17
      3955.69  1.09431e-16  1.04240e-17
      3958.44  1.17866e-16  1.01032e-17
      3961.19  1.12712e-16  1.00092e-17
      3963.94  1.06542e-16  9.96239e-18
      3966.69  1.03880e-16  1.00075e-17
      3969.43  1.03489e-16  1.16426e-17
      3972.18  7.78843e-17  1.10321e-17
      3974.93  1.11957e-16  1.32681e-17
      3977.68  1.13769e-16  1.15927e-17
      3980.43  1.00525e-16  1.84796e-17
      3983.18  8.72804e-17  1.16591e-17
      3985.93  7.40354e-17  9.74387e-18
      3988.68  6.07917e-17  2.35232e-17
      3991.43  1.08188e-16  1.01480e-17
      3994.18  7.17268e-17  9.26580e-18
      3996.92  1.07541e-16  1.29330e-17
      3999.67  5.60407e-17  8.89750e-18
      4002.42  6.61779e-17  1.18323e-17
      4005.17  8.75015e-17  9.84024e-18
      4007.92  7.90800e-17  9.70166e-18
      4010.67  9.14125e-17  9.68747e-18
      4013.42  9.04705e-17  9.40499e-18
      4016.17  9.61834e-17  1.30600e-17
      4018.92  8.31917e-17  9.68004e-18
      4021.66  7.74333e-17  1.03461e-17
      4024.41  1.02999e-16  1.10223e-17
      4027.16  8.84077e-17  8.95878e-18
      4029.91  9.50545e-17  1.00626e-17
      4032.66  9.97168e-17  4.09863e-17
      4035.41  1.04379e-16  9.02374e-18
      4038.16  1.09041e-16  9.37460e-18
      4040.91  1.14317e-16  9.57913e-18
      4043.66  1.10572e-16  1.22351e-17
      4046.40  1.05655e-16  9.94862e-18
      4049.15  1.06327e-16  1.86198e-17
      4051.90  1.06999e-16  1.22933e-17
      4054.65  1.08853e-16  3.62653e-17
      4057.40  1.10406e-16  1.46019e-17
      4060.15  1.11958e-16  1.00931e-17
      4062.90  1.06451e-16  1.21671e-17
      4065.65  1.01881e-16  1.47927e-17
      4068.39  9.73117e-17  1.30969e-17
      4071.14  9.27421e-17  9.38200e-18
      4073.89  1.05176e-16  1.01944e-17
      4076.64  9.25307e-17  8.92473e-18
      4079.39  9.67792e-17  8.95878e-18
      4082.14  7.93920e-17  8.74387e-18
      4084.89  8.49343e-17  9.14214e-18
      4087.64  8.79624e-17  9.03240e-18
      4090.39  9.09905e-17  1.87988e-17
      4093.13  9.40185e-17  8.81660e-18
      4095.88  9.70466e-17  8.91101e-18
      4098.63  6.57683e-17  1.05516e-17
      4101.38  7.84781e-17  1.90474e-17
      4104.13  8.96550e-17  8.94641e-18
      4106.88  9.50690e-17  8.68055e-18
      4109.63  1.05900e-16  9.70338e-18
      4112.38  1.14749e-16  1.04344e-17
      4115.12  1.02954e-16  1.01703e-17
      4117.87  9.89953e-17  8.81139e-18
      4120.62  1.13066e-16  9.58635e-18
      4123.37  1.08268e-16  1.21370e-17
      4126.12  1.19419e-16  9.13707e-18
      4128.87  1.22038e-16  1.17193e-17
      4131.62  1.15758e-16  9.49866e-18
      4134.36  1.19055e-16  1.01359e-17
      4137.11  1.46406e-16  9.24382e-18
      4139.86  1.26046e-16  9.26497e-18
      4142.61  1.22365e-16  1.21048e-17
      4145.36  1.52092e-16  9.22877e-18
      4148.11  1.57010e-16  9.69722e-18
      4150.86  1.74223e-16  9.96547e-18
      4153.61  1.39759e-16  1.31616e-17
      4156.35  1.68520e-16  9.83075e-18
      4159.10  1.96167e-16  9.73313e-18
      4161.85  1.83613e-16  9.47712e-18
      4164.60  1.91324e-16  1.07250e-17
      4167.35  2.08750e-16  1.20877e-17
      4170.10  2.12958e-16  9.90015e-18
      4172.85  2.11014e-16  1.34435e-17
      4175.59  2.19615e-16  9.87126e-18
      4178.34  2.33678e-16  1.05236e-17
      4181.09  2.32209e-16  1.04556e-17
      4183.84  2.32323e-16  1.51572e-17
      4186.59  2.21944e-16  1.00326e-17
      4189.34  2.46327e-16  1.04832e-17
      4192.09  2.38552e-16  1.00190e-17
      4194.83  2.42004e-16  1.10269e-17
      4197.58  2.45456e-16  1.06925e-17
      4200.33  2.48908e-16  1.08693e-17
      4203.08  2.52360e-16  1.30023e-17
      4205.83  2.55812e-16  1.18069e-17
      4208.58  2.59264e-16  1.08755e-17
      4211.33  2.62716e-16  1.20846e-17
      4214.07  2.71864e-16  1.12948e-17
      4216.82  2.23103e-16  1.90020e-17
      4219.57  2.46727e-16  1.10858e-17
      4222.32  2.68746e-16  1.15580e-17
      4225.07  2.56194e-16  1.28935e-17
      4227.82  2.44329e-16  1.02950e-17
      4230.56  2.70126e-16  1.01750e-17
      4233.31  2.66111e-16  1.01743e-17
      4236.06  2.74347e-16  1.07433e-17
      4238.81  2.39934e-16  1.04973e-17
      4241.56  2.71988e-16  1.03714e-17
      4244.31  2.85932e-16  1.06004e-17
      4247.05  2.67960e-16  1.03175e-17
      4249.80  2.76555e-16  1.43032e-17
      4252.55  2.81246e-16  1.03974e-17
      4255.30  2.78675e-16  1.11415e-17
      4258.05  2.76106e-16  1.16908e-17
      4260.80  2.73535e-16  1.02828e-17
      4263.54  2.70965e-16  1.06849e-17
      4266.29  2.59055e-16  1.01145e-17
      4269.04  2.37192e-16  1.62001e-17
      4271.79  2.64606e-16  1.10761e-17
      4274.54  2.50662e-16  1.12273e-17
      4277.29  2.68351e-16  1.11894e-17
      4280.03  2.41952e-16  1.24938e-17
      4282.78  2.49472e-16  1.15564e-17
      4285.53  2.35794e-16  1.11145e-17
      4288.28  2.24936e-16  9.73230e-18
      4291.03  2.22144e-16  9.43237e-18
      4293.78  2.29817e-16  9.76687e-18
      4296.52  2.11186e-16  1.02202e-17
      4299.27  2.10823e-16  9.73770e-18
      4302.02  2.21115e-16  9.65923e-18
      4304.77  2.12535e-16  9.95082e-18
      4307.52  2.20939e-16  9.38279e-18
      4310.26  2.15842e-16  9.30256e-18
      4313.01  2.36574e-16  9.65029e-18
      4315.76  2.23155e-16  1.07372e-17
      4318.51  2.39769e-16  1.10865e-17
      4321.26  2.35868e-16  9.95212e-18
      4324.00  2.31967e-16  2.74228e-17
      4326.75  2.28066e-16  9.56057e-18
      4329.50  2.24165e-16  9.77974e-18
      4332.25  2.33590e-16  9.47820e-18
      4335.00  2.26842e-16  9.40525e-18
      4337.75  2.34086e-16  1.00462e-17
      4340.49  2.46020e-16  9.80439e-18
      4343.24  2.31151e-16  1.64602e-17
      4345.99  2.56709e-16  1.06980e-17
      4348.74  2.60209e-16  9.53331e-18
      4351.49  2.70637e-16  9.75284e-18
      4354.23  2.59128e-16  9.54817e-18
      4356.98  2.43572e-16  9.37457e-18
      4359.73  2.72044e-16  9.90906e-18
      4362.48  2.84100e-16  1.02647e-17
      4365.23  2.83382e-16  9.90675e-18
      4367.97  2.75873e-16  1.05786e-17
      4370.72  2.79984e-16  9.76464e-18
      4373.47  2.69363e-16  1.03666e-17
      4376.22  2.79912e-16  1.21736e-17
      4378.96  2.89243e-16  1.04863e-17
      4381.71  2.77295e-16  1.05748e-17
      4384.46  2.63769e-16  9.76985e-18
      4387.21  2.83536e-16  9.95812e-18
      4389.96  2.81039e-16  9.72683e-18
      4392.70  2.59294e-16  1.17875e-17
      4395.45  2.55492e-16  9.25105e-18
      4398.20  2.47905e-16  9.87684e-18
      4400.95  2.78871e-16  9.77480e-18
      4403.69  2.71005e-16  9.59886e-18
      4406.44  2.69406e-16  1.00516e-17
      4409.19  2.67411e-16  9.79499e-18
      4411.94  2.57884e-16  1.09909e-17
      4414.69  2.54442e-16  9.73253e-18
      4417.43  2.51904e-16  9.39504e-18
      4420.18  2.65815e-16  9.37866e-18
      4422.93  2.46415e-16  9.21495e-18
      4425.68  2.69071e-16  1.06207e-17
      4428.42  2.38443e-16  8.94514e-18
      4431.17  2.49537e-16  9.80816e-18
      4433.92  2.38690e-16  9.35810e-18
      4436.67  2.68606e-16  1.10719e-17
      4439.41  2.50322e-16  9.78033e-18
      4442.16  2.32966e-16  9.16634e-18
      4444.91  2.39975e-16  9.45648e-18
      4447.66  2.32949e-16  1.15037e-17
      4450.40  2.29551e-16  9.26938e-18
      4453.15  2.48244e-16  9.14283e-18
      4455.90  2.22165e-16  8.83080e-18
      4458.65  2.23583e-16  8.85209e-18
      4461.39  2.24174e-16  9.20181e-18
      4464.14  2.36030e-16  9.86995e-18
      4466.89  2.47735e-16  9.12501e-18
      4469.64  2.38126e-16  9.07001e-18
      4472.38  2.11867e-16  8.80268e-18
      4475.13  2.34250e-16  1.08612e-17
      4477.88  2.11057e-16  8.77299e-18
      4480.63  2.42983e-16  8.95990e-18
      4483.37  2.35236e-16  8.88947e-18
      4486.12  2.37164e-16  9.02610e-18
      4488.87  2.45118e-16  1.00621e-17
      4491.62  2.29824e-16  8.96750e-18
      4494.36  2.29217e-16  1.05303e-17
      4497.11  2.35145e-16  9.01031e-18
      4499.86  2.29469e-16  8.95094e-18
      4502.60  2.31765e-16  9.40982e-18
      4505.35  2.56349e-16  9.14089e-18
      4508.10  2.48000e-16  1.11004e-17
      4510.85  2.39484e-16  1.17118e-17
      4513.59  2.12163e-16  8.70204e-18
      4516.34  2.54348e-16  9.48488e-18
      4519.09  2.26101e-16  8.64593e-18
      4521.84  2.31197e-16  1.04524e-17
      4524.58  2.04887e-16  1.29182e-17
      4527.33  2.23414e-16  8.84288e-18
      4530.08  2.09926e-16  8.45174e-18
      4532.82  2.10924e-16  8.72820e-18
      4535.57  2.16426e-16  8.91301e-18
      4538.32  2.00389e-16  8.52651e-18
      4541.06  2.02004e-16  9.45410e-18
      4543.81  1.73352e-16  1.58388e-17
      4546.56  2.01178e-16  1.00391e-17
      4549.31  1.93590e-16  8.50872e-18
      4552.05  1.86161e-16  8.32698e-18
      4554.80  2.02269e-16  9.16162e-18
      4557.55  2.03056e-16  9.10941e-18
      4560.29  2.01132e-16  9.71351e-18
      4563.04  2.01590e-16  9.11445e-18
      4565.79  1.94078e-16  8.26969e-18
      4568.53  1.89065e-16  8.41097e-18
      4571.28  1.87072e-16  8.41392e-18
      4574.03  1.92087e-16  8.27067e-18
      4576.77  1.89743e-16  9.03645e-18
      4579.52  1.77362e-16  8.50324e-18
      4582.27  1.75841e-16  1.33459e-17
      4585.02  1.77279e-16  8.71248e-18
      4587.76  1.78310e-16  8.27391e-18
      4590.51  1.62431e-16  7.86644e-18
      4593.26  1.64299e-16  8.17930e-18
      4596.00  1.75663e-16  8.12933e-18
      4598.75  1.66117e-16  8.07112e-18
      4601.50  1.58931e-16  8.07460e-18
      4604.24  1.50218e-16  7.91154e-18
      4606.99  1.45431e-16  8.03490e-18
      4609.74  1.70733e-16  8.10387e-18
      4612.48  1.45227e-16  7.74639e-18
      4615.23  1.57575e-16  8.17262e-18
      4617.98  1.43911e-16  7.83095e-18
      4620.72  1.56342e-16  7.83427e-18
      4623.47  1.44571e-16  8.54732e-18
      4626.21  1.43206e-16  9.45923e-18
      4628.96  1.57221e-16  9.52405e-18
      4631.71  1.39403e-16  7.86474e-18
      4634.45  1.51483e-16  7.92190e-18
      4637.20  1.36195e-16  7.65697e-18
      4639.95  1.38692e-16  7.86910e-18
      4642.69  1.33450e-16  7.92939e-18
      4645.44  1.48293e-16  8.15903e-18
      4648.19  1.59051e-16  7.99706e-18
      4650.93  1.27939e-16  7.45261e-18
      4653.68  1.39510e-16  7.53379e-18
      4656.43  1.32141e-16  7.62764e-18
      4659.17  1.68709e-16  8.07840e-18
      4661.92  1.45376e-16  7.69266e-18
      4664.66  1.45222e-16  7.60439e-18
      4667.41  1.45936e-16  8.05289e-18
      4670.16  1.60496e-16  8.26507e-18
      4672.90  1.49344e-16  8.04038e-18
      4675.65  1.50903e-16  7.98598e-18
      4678.40  1.46620e-16  7.77908e-18
      4681.14  1.50296e-16  7.79252e-18
      4683.89  1.42041e-16  8.17813e-18
      4686.63  1.59632e-16  8.78657e-18
      4689.38  1.42353e-16  8.42388e-18
      4692.13  1.69307e-16  1.15323e-17
      4694.87  1.63338e-16  8.48242e-18
      4697.62  1.44584e-16  7.74393e-18
      4700.36  1.61533e-16  7.86191e-18
      4703.11  1.62251e-16  8.22225e-18
      4705.86  1.60939e-16  9.51554e-18
      4708.60  1.59436e-16  8.31778e-18
      4711.35  1.64040e-16  8.03639e-18
      4714.09  1.58267e-16  8.12442e-18
      4716.84  1.68203e-16  8.34110e-18
      4719.59  1.57013e-16  8.34594e-18
      4722.33  1.70017e-16  8.75093e-18
      4725.08  1.53239e-16  9.16448e-18
      4727.82  1.71543e-16  8.33001e-18
      4730.57  1.74357e-16  8.27361e-18
      4733.31  1.67510e-16  8.44290e-18
      4736.06  1.65754e-16  9.45747e-18
      4738.81  1.62270e-16  9.49782e-18
      4741.55  1.67315e-16  8.00039e-18
      4744.30  1.66244e-16  8.33477e-18
      4747.04  1.74561e-16  8.06959e-18
      4749.79  1.80618e-16  8.32108e-18
      4752.53  1.67539e-16  8.04908e-18
      4755.28  1.40540e-16  8.61595e-18
      4758.03  1.60505e-16  9.33834e-18
      4760.77  1.61742e-16  8.68980e-18
      4763.52  1.73533e-16  8.60343e-18
      4766.26  1.53068e-16  8.16361e-18
      4769.01  1.50451e-16  8.75274e-18
      4771.75  1.56414e-16  9.83860e-18
      4774.50  1.64427e-16  8.04813e-18
      4777.24  1.51075e-16  7.86870e-18
      4779.99  1.45677e-16  8.68661e-18
      4782.73  1.14722e-16  1.65803e-17
      4785.48  1.68438e-16  8.24919e-18
      4788.23  1.68578e-16  8.13163e-18
      4790.97  1.60818e-16  8.09436e-18
      4793.72  1.63869e-16  7.96701e-18
      4796.46  1.54513e-16  8.08167e-18
      4799.21  1.51451e-16  9.42047e-18
      4801.95  1.73989e-16  8.13601e-18
      4804.70  1.75472e-16  8.39010e-18
      4807.44  1.68243e-16  8.04361e-18
      4810.19  1.78188e-16  8.44723e-18
      4812.93  1.52046e-16  1.32985e-17
      4815.68  1.85680e-16  8.19127e-18
      4818.42  1.67858e-16  8.45458e-18
      4821.17  1.77216e-16  1.06483e-17
      4823.91  1.91424e-16  8.86761e-18
      4826.66  1.70825e-16  1.01475e-17
      4829.40  1.98596e-16  1.04662e-17
      4832.15  1.99316e-16  8.91268e-18
      4834.89  2.03691e-16  8.66788e-18
      4837.64  1.98328e-16  8.30965e-18
      4840.38  2.05431e-16  8.50188e-18
      4843.13  2.17104e-16  8.52730e-18
      4845.87  2.14076e-16  9.60227e-18
      4848.62  2.06001e-16  9.03852e-18
      4851.36  2.08907e-16  9.05190e-18
      4854.11  1.93755e-16  9.41423e-18
      4856.85  2.01334e-16  8.53134e-18
      4859.60  1.97637e-16  8.53364e-18
      4862.34  2.17407e-16  8.66836e-18
      4865.09  1.81469e-16  1.30750e-17
      4867.83  2.02093e-16  8.82358e-18
      4870.58  2.12966e-16  8.74323e-18
      4873.32  1.93373e-16  8.43770e-18
      4876.07  1.95489e-16  8.37515e-18
      4878.81  2.03570e-16  8.38731e-18
      4881.55  2.06474e-16  8.70583e-18
      4884.30  1.88802e-16  8.41330e-18
      4887.04  2.02128e-16  8.26091e-18
      4889.79  1.96239e-16  8.19502e-18
      4892.53  1.81306e-16  7.91314e-18
      4895.28  1.96267e-16  8.33339e-18
      4898.02  2.11652e-16  8.68483e-18
      4900.77  1.97072e-16  8.73646e-18
      4903.51  1.76380e-16  8.15430e-18
      4906.25  1.84312e-16  1.55109e-17
      4909.00  1.89718e-16  8.03223e-18
      4911.74  1.89692e-16  8.60906e-18
      4914.49  1.58408e-16  1.12214e-17
      4917.23  1.90253e-16  7.99038e-18
      4919.98  1.93195e-16  8.53694e-18
      4922.72  2.00300e-16  8.12541e-18
      4925.46  1.91941e-16  8.13949e-18
      4928.21  2.04004e-16  8.31886e-18
      4930.95  1.88064e-16  8.46027e-18
      4933.70  1.88101e-16  8.30670e-18
      4936.44  1.88515e-16  7.97964e-18
      4939.19  1.78165e-16  8.09076e-18
      4941.93  2.10090e-16  8.52240e-18
      4944.67  1.67806e-16  1.91343e-17
      4947.42  2.05159e-16  8.47751e-18
      4950.16  1.97997e-16  8.63900e-18
      4952.91  1.87222e-16  8.09519e-18
      4955.65  1.93553e-16  8.12303e-18
      4958.39  2.01900e-16  1.03858e-17
      4961.14  1.91006e-16  7.88961e-18
      4963.88  2.02838e-16  8.21827e-18
      4966.62  1.98731e-16  8.29549e-18
      4969.37  2.00732e-16  9.32950e-18
      4972.11  1.81103e-16  1.20097e-17
      4974.86  2.02077e-16  8.12382e-18
      4977.60  1.82434e-16  8.04084e-18
      4980.34  1.95102e-16  8.06278e-18
      4983.09  1.82076e-16  7.98719e-18
      4985.83  1.67518e-16  9.00357e-18
      4988.57  1.86533e-16  8.33763e-18
      4991.32  1.69255e-16  8.21691e-18
      4994.06  1.77431e-16  7.82969e-18
      4996.80  1.66415e-16  7.96927e-18
      4999.55  1.77095e-16  8.74384e-18
      5002.29  1.57859e-16  7.53862e-18
      5005.04  1.64427e-16  7.58726e-18
      5007.78  1.63625e-16  9.14177e-18
      5010.52  1.66522e-16  8.79060e-18
      5013.27  1.44147e-16  8.26490e-18
      5016.01  1.72344e-16  8.25400e-18
      5018.75  1.61336e-16  8.17169e-18
      5021.50  1.67106e-16  7.54438e-18
      5024.24  1.53298e-16  7.71375e-18
      5026.98  1.58231e-16  7.52039e-18
      5029.73  1.46974e-16  7.31716e-18
      5032.47  1.39596e-16  7.84242e-18
      5035.21  1.55445e-16  7.50372e-18
      5037.95  1.47433e-16  7.39660e-18
      5040.70  1.59393e-16  9.17791e-18
      5043.44  1.69135e-16  8.62510e-18
      5046.18  1.67889e-16  9.18743e-18
      5048.93  1.42302e-16  7.53227e-18
      5051.67  1.54538e-16  8.88077e-18
      5054.41  1.49315e-16  7.88292e-18
      5057.16  1.46088e-16  7.62220e-18
      5059.90  1.56927e-16  8.75571e-18
      5062.64  1.56975e-16  7.44884e-18
      5065.38  1.46532e-16  7.52246e-18
      5068.13  1.46182e-16  7.38406e-18
      5070.87  1.51314e-16  1.49047e-17
      5073.61  1.50465e-16  8.73371e-18
      5076.35  1.52408e-16  7.62316e-18
      5079.10  1.37336e-16  7.42221e-18
      5081.84  1.36602e-16  7.42968e-18
      5084.58  1.35203e-16  7.12404e-18
      5087.33  1.36873e-16  8.40361e-18
      5090.07  1.51560e-16  7.53256e-18
      5092.81  1.16101e-16  1.44413e-17
      5095.55  1.43439e-16  7.47282e-18
      5098.30  1.46167e-16  7.16614e-18
      5101.04  1.36742e-16  7.25554e-18
      5103.78  1.39874e-16  7.65253e-18
      5106.52  1.28777e-16  8.09573e-18
      5109.27  1.14422e-16  1.61113e-17
      5112.01  1.38648e-16  7.34852e-18
      5114.75  1.46731e-16  7.41416e-18
      5117.49  1.44336e-16  7.66699e-18
      5120.23  1.13471e-16  6.82957e-18
      5122.98  1.36243e-16  6.98671e-18
      5125.72  1.30654e-16  7.04515e-18
      5128.46  1.19805e-16  6.97737e-18
      5131.20  1.35930e-16  7.58080e-18
      5133.95  1.36448e-16  7.36682e-18
      5136.69  1.07956e-16  7.62433e-18
      5139.43  1.27394e-16  7.94583e-18
      5142.17  1.38403e-16  6.98335e-18
      5144.91  1.33521e-16  7.16410e-18
      5147.66  1.21503e-16  6.97598e-18
      5150.40  1.31017e-16  7.20068e-18
      5153.14  1.28931e-16  7.21431e-18
      5155.88  1.40785e-16  8.47199e-18
      5158.62  1.27255e-16  1.23152e-17
      5161.37  1.10834e-16  8.89497e-18
      5164.11  1.32387e-16  7.44111e-18
      5166.85  1.28020e-16  6.91923e-18
      5169.59  1.46532e-16  8.67331e-18
      5172.33  1.25065e-16  7.72171e-18
      5175.07  1.31328e-16  7.03235e-18
      5177.82  1.39391e-16  7.19710e-18
      5180.56  1.29556e-16  8.84723e-18
      5183.30  1.27846e-16  7.00572e-18
      5186.04  1.00020e-16  1.76128e-17
      5188.78  1.28820e-16  6.82205e-18
      5191.52  1.33946e-16  8.25519e-18
      5194.26  1.23825e-16  6.94991e-18
      5197.01  1.22474e-16  7.05993e-18
      5199.75  1.24120e-16  1.09019e-17
      5202.49  1.20091e-16  7.18794e-18
      5205.23  1.15450e-16  7.13275e-18
      5207.97  1.00688e-16  6.70394e-18
      5210.71  1.00659e-16  7.17828e-18
      5213.45  1.16299e-16  7.15093e-18
      5216.20  1.03190e-16  7.00698e-18
      5218.94  1.05412e-16  7.11952e-18
      5221.68  9.64162e-17  6.53375e-18
      5224.42  1.00589e-16  6.92239e-18
      5227.16  1.02992e-16  6.68954e-18
      5229.90  1.09269e-16  8.45952e-18
      5232.64  9.39447e-17  7.38847e-18
      5235.38  1.05693e-16  7.47196e-18
      5238.12  8.88004e-17  6.97333e-18
      5240.86  1.01827e-16  6.68484e-18
      5243.61  1.17014e-16  6.91582e-18
      5246.35  1.08595e-16  6.97645e-18
      5249.09  9.27605e-17  6.57849e-18
      5251.83  1.01350e-16  6.66864e-18
      5254.57  1.03026e-16  6.56014e-18
      5257.31  1.10014e-16  6.81404e-18
      5260.05  1.05012e-16  6.86852e-18
      5262.79  1.17106e-16  8.94027e-18
      5265.53  1.10214e-16  6.82738e-18
      5268.27  1.16039e-16  6.94148e-18
      5271.01  1.37382e-16  7.32177e-18
      5273.75  1.22459e-16  7.23160e-18
      5276.49  1.33514e-16  7.58181e-18
      5279.23  1.20649e-16  7.09349e-18
      5281.97  1.23102e-16  8.50377e-18
      5284.71  1.15633e-16  7.08396e-18
      5287.46  1.02695e-16  6.98429e-18
      5290.20  1.28749e-16  7.15754e-18
      5292.94  1.35483e-16  7.75062e-18
      5295.68  1.19898e-16  7.09338e-18
      5298.42  1.35619e-16  7.26426e-18
      5301.16  1.24881e-16  7.18121e-18
      5303.90  1.30376e-16  7.57805e-18
      5306.64  1.22116e-16  7.35901e-18
      5309.38  1.27886e-16  7.39055e-18
      5312.12  1.29853e-16  7.39585e-18
      5314.86  1.24368e-16  7.76935e-18
      5317.60  1.33385e-16  7.17317e-18
      5320.34  1.16476e-16  7.07570e-18
      5323.08  1.08872e-16  7.13310e-18
      5325.82  1.18925e-16  7.73905e-18
      5328.56  1.11374e-16  1.16071e-17
      5331.30  1.14601e-16  7.01603e-18
      5334.04  1.16919e-16  7.11305e-18
      5336.78  1.23643e-16  7.00211e-18
      5339.52  7.87429e-17  1.01068e-17
      5342.26  1.22598e-16  1.02629e-17
      5344.99  1.29626e-16  7.24895e-18
      5347.73  1.17605e-16  7.76218e-18
      5350.47  1.32228e-16  7.67628e-18
      5353.21  1.18097e-16  1.36491e-17
      5355.95  1.15186e-16  7.13507e-18
      5358.69  1.08840e-16  6.83970e-18
      5361.43  1.15704e-16  7.24437e-18
      5364.17  1.16823e-16  7.23759e-18
      5366.91  1.16404e-16  7.17909e-18
      5369.65  1.25119e-16  7.05694e-18
      5372.39  1.08017e-16  7.21518e-18
      5375.13  1.05439e-16  6.83987e-18
      5377.87  1.24332e-16  7.07716e-18
      5380.61  1.24694e-16  7.81636e-18
      5383.35  1.11533e-16  7.82531e-18
      5386.09  1.09086e-16  7.83962e-18
      5388.82  1.15207e-16  6.87514e-18
      5391.56  1.15539e-16  6.99968e-18
      5394.30  1.15956e-16  7.18971e-18
      5397.04  1.21070e-16  7.09369e-18
      5399.78  1.12170e-16  7.17754e-18
      5402.52  1.17347e-16  8.52184e-18
      5405.26  1.24183e-16  7.79560e-18
      5408.00  1.05489e-16  8.03734e-18
      5410.74  1.08499e-16  7.49284e-18
      5413.47  1.09329e-16  6.93350e-18
      5416.21  1.24381e-16  7.39723e-18
      5418.95  1.35683e-16  7.35187e-18
      5421.69  1.29686e-16  7.69468e-18
      5424.43  9.95853e-17  2.50010e-17
      5427.17  1.28545e-16  8.31313e-18
      5429.91  1.27800e-16  8.24372e-18
      5432.64  1.32695e-16  7.86095e-18
      5435.38  1.21084e-16  7.67366e-18
      5438.12  1.27435e-16  7.51120e-18
      5440.86  1.23885e-16  7.75596e-18
      5443.60  1.20880e-16  7.27230e-18
      5446.34  1.32680e-16  7.76297e-18
      5449.08  1.41730e-16  7.86348e-18
      5451.81  1.42987e-16  7.63592e-18
      5454.55  1.31340e-16  7.25037e-18
      5457.29  1.20008e-16  7.24410e-18
      5460.03  1.27886e-16  7.41033e-18
      5462.77  1.62433e-16  8.08909e-18
      5465.50  1.34878e-16  7.66558e-18
      5468.24  1.31290e-16  7.33083e-18
      5470.98  1.53283e-16  9.15822e-18
      5473.72  1.44323e-16  7.76438e-18
      5476.46  1.51782e-16  7.81072e-18
      5479.19  1.48651e-16  7.57834e-18
      5481.93  1.51592e-16  7.63732e-18
      5484.67  1.65307e-16  9.20254e-18
      5487.41  1.42192e-16  7.55291e-18
      5490.14  1.42371e-16  7.95591e-18
      5492.88  1.42550e-16  7.98782e-18
      5495.62  1.42729e-16  8.68499e-18
      5498.36  1.42908e-16  7.77622e-18
      5501.10  1.69845e-16  9.02600e-18
      5503.83  1.56449e-16  8.20947e-18
      5506.57  1.56414e-16  7.92570e-18
      5509.31  1.58678e-16  8.01718e-18
      5512.04  1.46168e-16  7.62445e-18
      5514.78  1.34337e-16  7.97374e-18
      5517.52  1.55518e-16  7.74939e-18
      5520.26  1.52261e-16  7.69958e-18
      5522.99  1.62275e-16  7.99620e-18
      5525.73  1.42929e-16  1.26772e-17
      5528.47  1.60429e-16  7.78631e-18
      5531.21  1.46207e-16  7.98164e-18
      5533.94  1.43986e-16  8.12143e-18
      5536.68  1.54542e-16  7.78861e-18
      5539.42  1.49442e-16  7.65813e-18
      5542.15  1.51302e-16  7.92827e-18
      5544.89  1.42148e-16  7.81243e-18
      5547.63  1.47112e-16  7.93475e-18
      5550.36  1.58391e-16  8.07240e-18
      5553.10  1.55343e-16  8.21331e-18
      5555.84  1.52294e-16  3.25780e-17
      5558.58  1.49245e-16  7.39281e-18
      5561.31  1.46196e-16  7.92705e-18
      5564.05  1.43147e-16  7.99384e-18
      5566.79  1.40098e-16  7.92355e-18
      5569.52  1.37050e-16  8.30637e-18
      5572.26  1.48308e-16  7.68939e-18
      5574.99  1.42076e-16  7.48847e-18
      5577.73  1.47831e-16  8.02159e-18
      5580.47  1.58057e-16  7.62240e-18
      5583.20  1.48752e-16  7.64720e-18
      5585.94  1.43566e-16  7.63295e-18
      5588.68  1.43287e-16  7.81419e-18
      5591.41  1.52240e-16  8.20332e-18
      5594.15  1.56718e-16  7.74871e-18
      5596.89  1.53990e-16  7.71337e-18
      5599.62  1.51261e-16  1.69897e-17
      5602.36  1.48534e-16  7.65846e-18
      5605.09  1.45805e-16  8.15206e-18
      5607.83  1.48483e-16  9.99449e-18
      5610.57  1.25609e-16  9.65859e-18
      5613.30  1.50734e-16  7.69173e-18
      5616.04  1.46290e-16  7.51064e-18
      5618.77  1.36154e-16  7.66526e-18
      5621.51  1.45503e-16  7.97337e-18
      5624.25  1.39651e-16  7.70407e-18
      5626.98  1.44133e-16  7.99536e-18
      5629.72  1.16091e-16  8.50564e-18
      5632.45  1.28725e-16  7.95967e-18
      5635.19  1.15907e-16  7.93837e-18
      5637.92  1.26342e-16  1.47204e-17
      5640.66  1.19237e-16  7.36838e-18
      5643.39  1.09768e-16  7.72984e-18
      5646.13  1.21073e-16  7.38430e-18
      5648.87  1.15303e-16  8.98986e-18
      5651.60  1.10130e-16  7.37144e-18
      5654.34  1.21691e-16  7.83789e-18
      5657.07  1.05027e-16  7.16877e-18
      5659.81  1.02229e-16  7.35584e-18
      5662.54  1.10340e-16  7.58359e-18
      5665.28  1.07840e-16  8.20092e-18
      5668.01  9.40167e-17  7.12789e-18
      5670.75  9.52202e-17  6.96903e-18
      5673.48  9.60337e-17  7.14043e-18
      5676.22  7.81796e-17  6.97173e-18
      5678.95  8.93128e-17  7.19369e-18
      5681.69  8.76887e-17  7.02306e-18
      5684.42  8.29126e-17  7.13156e-18
      5687.16  8.97785e-17  7.83879e-18
      5689.89  8.51623e-17  1.32959e-17
      5692.63  7.70814e-17  1.04742e-17
      5695.36  7.71429e-17  7.33841e-18
      5698.10  8.34013e-17  7.26164e-18
      5700.83  1.28162e-16  1.07760e-17
