      2888.56 -1.57659e-14  3.74011e-15
      2891.30 -7.31186e-16  2.22086e-15
      2894.05  6.13651e-15  1.86040e-15
      2896.79 -6.20228e-15  1.28445e-15
      2899.54 -3.52086e-15  1.01774e-15
      2902.28 -1.16130e-15  9.38882e-16
      2905.03 -3.40797e-15  7.69877e-16
      2907.77 -2.56244e-15  6.99024e-16
      2910.52 -1.71678e-15  1.60139e-15
      2913.26  2.86844e-16  5.87870e-16
      2916.01 -1.57934e-15  5.26873e-16
      2918.75  7.90042e-16  4.59487e-16
      2921.50 -2.34942e-16  3.90799e-16
      2924.24  1.49646e-16  3.82606e-16
      2926.99 -1.58593e-16  4.38048e-16
      2929.73  2.40337e-16  2.90118e-16
      2932.48  2.39156e-16  3.88112e-16
      2935.22  2.37974e-16  4.07783e-16
      2937.97  2.36792e-16  9.68465e-16
      2940.71  2.35611e-16  1.69529e-16
      2943.46  2.34429e-16  1.58880e-16
      2946.20  2.33248e-16  1.54412e-16
      2948.95  2.32066e-16  1.62977e-16
      2951.69  2.01293e-16  1.07212e-16
      2954.44 -8.11973e-18  9.94267e-17
      2957.18  4.40214e-17  9.20376e-17
      2959.93 -2.25368e-17  1.54678e-16
      2962.67  3.22974e-17  7.66477e-17
      2965.42  1.09395e-16  7.32238e-17
      2968.16  1.04907e-16  7.12051e-17
      2970.91  1.18931e-16  6.53869e-17
      2973.65 -2.06968e-17  6.21627e-17
      2976.40  3.74886e-17  5.94646e-17
      2979.14  8.95042e-17  5.92560e-17
      2981.89  8.96851e-17  6.58674e-17
      2984.64  9.73126e-17  7.62941e-17
      2987.38 -8.67515e-17  1.23822e-16
      2990.13  2.20027e-16  6.25685e-17
      2992.87  4.60775e-17  6.19843e-17
      2995.62 -1.34514e-16  6.50775e-17
      2998.36  2.21234e-17  5.25219e-17
      3001.11 -5.39394e-17  5.83501e-17
      3003.85 -2.92506e-17  6.06547e-17
      3006.60 -4.56185e-18  2.10030e-16
      3009.34  2.01269e-17  5.75342e-17
      3012.09  5.62121e-17  5.85400e-17
      3014.84  3.90615e-17  5.23316e-17
      3017.58  2.19124e-17  2.08315e-16
      3020.33  4.76336e-18  4.70943e-17
      3023.07 -1.23872e-17  4.39513e-17
      3025.82  3.66784e-17  4.59730e-17
      3028.56  9.42998e-17  4.50657e-17
      3031.31  6.44463e-18  4.30223e-17
      3034.06 -1.41336e-17  4.45220e-17
      3036.80  1.09182e-16  4.79937e-17
      3039.55 -3.12767e-17  6.85836e-17
      3042.29  1.26162e-16  4.46209e-17
      3045.04  1.29379e-16  4.14763e-17
      3047.79  4.96759e-17  3.92016e-17
      3050.53 -2.57254e-18  4.22492e-17
      3053.28 -2.08583e-17  3.77233e-17
      3056.02  7.08238e-17  3.84343e-17
      3058.77  9.56567e-17  3.93265e-17
      3061.52 -8.43203e-18  3.64066e-17
      3064.26  4.96675e-17  3.69262e-17
      3067.01  6.26758e-17  3.69850e-17
      3069.75  1.00579e-17  3.44954e-17
      3072.50 -2.19617e-17  3.38769e-17
      3075.25  1.45503e-16  3.69836e-17
      3077.99  4.78514e-17  3.79505e-17
      3080.74  1.28578e-17  4.25383e-17
      3083.48  3.62025e-17  3.17120e-17
      3086.23  4.10991e-17  3.37822e-17
      3088.98 -3.65448e-17  5.09089e-17
      3091.72  5.59036e-17  3.55591e-17
      3094.47  2.18860e-17  5.26991e-17
      3097.21 -1.05161e-17  6.66711e-17
      3099.96 -6.13613e-18  3.09798e-17
      3102.71  3.10915e-18  3.19960e-17
      3105.45  9.26360e-17  4.32266e-17
      3108.20 -5.77869e-18  3.45181e-17
      3110.95  4.75288e-17  3.42343e-17
      3113.69  5.89323e-17  3.48398e-17
      3116.44  4.07414e-17  7.30606e-17
      3119.19  5.67050e-17  3.27615e-17
      3121.93  1.06914e-16  3.16720e-17
      3124.68  9.53632e-17  3.21567e-17
      3127.42  9.62858e-17  3.31774e-17
      3130.17  1.34826e-16  3.56906e-17
      3132.92  8.11887e-17  3.09460e-17
      3135.66  9.02907e-17  3.77065e-17
      3138.41  9.00497e-17  3.54211e-17
      3141.16  8.98086e-17  2.26763e-16
      3143.90  8.95675e-17  5.47887e-17
      3146.65  1.43104e-16  3.65386e-17
      3149.40  1.95688e-16  4.58142e-17
      3152.14  1.98994e-16  3.69070e-17
      3154.89  1.92392e-16  3.85402e-17
      3157.64  7.81088e-17  3.24844e-17
      3160.38  3.44145e-18  4.58263e-17
      3163.13  9.03684e-17  5.45511e-17
      3165.88  4.31336e-17  2.78215e-17
      3168.62 -3.62100e-17  3.21040e-17
      3171.37  1.29729e-16  3.01343e-17
      3174.12 -3.48313e-17  3.71099e-17
      3176.86  1.14180e-16  3.11063e-17
      3179.61  1.78691e-16  3.51354e-17
      3182.36  1.58732e-16  2.84814e-17
      3185.10  4.44056e-17  2.73680e-17
      3187.85 -1.36465e-17  5.35515e-17
      3190.60  5.74074e-17  3.02099e-17
      3193.34  1.12932e-16  2.69999e-17
      3196.09  1.20312e-16  2.86406e-17
      3198.84  1.13190e-16  2.73888e-17
      3201.58  1.44846e-16  2.75929e-17
      3204.33  1.20299e-16  2.69680e-17
      3207.08  7.68732e-17  3.13522e-17
      3209.82  1.69496e-16  2.92394e-17
      3212.57  9.15826e-17  2.61727e-17
      3215.32  1.73026e-17  2.96959e-17
      3218.07  1.14733e-16  2.87439e-17
      3220.81  9.32631e-17  2.78101e-17
      3223.56  6.07650e-17  2.65736e-17
      3226.31  1.07229e-16  3.52596e-17
      3229.05  1.30765e-16  2.53902e-17
      3231.80  8.20087e-17  2.60057e-17
      3234.55  9.74216e-17  2.68346e-17
      3237.29  7.99106e-17  2.52795e-17
      3240.04  3.97296e-17  5.11452e-17
      3242.79  2.72855e-17  2.58716e-17
      3245.54  8.49699e-17  2.41462e-17
      3248.28  4.32459e-17  2.51816e-17
      3251.03  7.04815e-17  2.61737e-17
      3253.78  7.29444e-18  2.43016e-17
      3256.52  6.00728e-17  3.01676e-17
      3259.27  7.59689e-17  2.36725e-17
      3262.02  9.78832e-17  2.32526e-17
      3264.77 -2.35181e-17  2.32872e-17
      3267.51  1.05832e-16  2.57406e-17
      3270.26  6.67341e-17  2.24403e-17
      3273.01  3.29150e-17  2.75442e-17
      3275.75  3.56026e-17  2.55321e-17
      3278.50  1.00315e-16  2.32179e-17
      3281.25  1.36692e-16  2.53333e-17
      3284.00  2.68021e-17  2.72341e-17
      3286.74  5.41984e-17  2.39252e-17
      3289.49  8.39482e-17  2.20428e-17
      3292.24  4.88280e-17  2.13642e-17
      3294.99  3.42154e-17  2.55185e-17
      3297.73  1.04280e-16  2.27333e-17
      3300.48  8.79014e-17  2.37501e-17
      3303.23  6.63459e-17  2.48238e-17
      3305.98  9.47397e-17  2.37926e-17
      3308.72  6.53158e-17  2.15150e-17
      3311.47  9.51169e-17  2.23994e-17
      3314.22  5.35185e-17  2.16133e-17
      3316.96  7.68777e-17  2.16557e-17
      3319.71  7.69907e-17  2.23203e-17
      3322.46  9.02164e-17  2.24642e-17
      3325.21  6.83162e-17  3.29564e-17
      3327.95  9.82667e-17  2.26921e-17
      3330.70  2.42183e-17  2.22690e-17
      3333.45  5.80615e-17  2.14661e-17
      3336.20  9.17252e-17  2.26782e-17
      3338.94  8.31833e-17  2.10882e-17
      3341.69  3.76941e-17  2.14640e-17
      3344.44  3.07142e-17  2.10173e-17
      3347.19  1.24392e-16  2.54193e-17
      3349.94  1.14010e-16  2.04556e-16
      3352.68  1.03627e-16  2.00153e-17
      3355.43  9.32442e-17  2.21210e-17
      3358.18  8.28620e-17  3.23583e-17
      3360.93  7.24797e-17  2.12094e-17
      3363.67  1.82684e-16  2.35960e-17
      3366.42  1.08360e-16  2.08371e-17
      3369.17  1.14703e-16  2.03497e-17
      3371.92  8.72259e-17  2.10006e-17
      3374.66  8.11875e-17  1.99815e-17
      3377.41  9.38089e-17  2.04803e-17
      3380.16  9.90906e-17  2.04998e-17
      3382.91  1.04372e-16  2.34648e-17
      3385.65  1.09653e-16  2.56313e-17
      3388.40  1.14935e-16  2.95657e-17
      3391.15  1.20217e-16  2.31167e-16
      3393.90  1.25499e-16  2.29603e-17
      3396.65  1.41865e-16  3.09077e-17
      3399.39  1.21387e-16  2.75362e-17
      3402.14  8.88914e-17  1.96542e-17
      3404.89  1.08184e-16  1.90388e-17
      3407.64  1.19603e-16  1.99149e-17
      3410.39  1.06982e-16  2.18827e-17
      3413.13  1.69190e-16  4.02564e-17
      3415.88  9.33903e-17  2.02120e-17
      3418.63  2.43344e-16  2.49399e-17
      3421.38  9.98550e-17  4.32668e-17
      3424.12  1.49571e-16  2.02496e-17
      3426.87  1.95257e-16  2.08497e-17
      3429.62  1.29317e-16  2.16692e-17
      3432.37  1.78530e-16  3.52296e-17
      3435.12  1.62236e-16  2.98465e-17
      3437.86  1.85333e-16  3.44032e-17
      3440.61  1.61264e-16  2.08598e-17
      3443.36  1.49790e-16  1.93694e-17
      3446.11  1.04046e-16  1.89594e-17
      3448.86  1.91783e-16  2.01169e-17
      3451.60  1.58599e-16  3.68879e-17
      3454.35  1.25414e-16  2.11011e-17
      3457.10  9.22301e-17  1.83394e-17
      3459.85  1.38880e-16  1.87756e-17
      3462.60  1.18164e-16  1.92779e-17
      3465.34  9.49774e-17  1.81143e-17
      3468.09  6.68621e-17  1.84907e-17
      3470.84  8.77789e-17  1.90191e-17
      3473.59  1.11010e-16  1.80598e-17
      3476.34  1.28261e-16  1.92833e-17
      3479.08  9.32334e-17  2.09433e-17
      3481.83  9.51794e-17  1.89382e-17
      3484.58  7.17792e-17  1.72224e-17
      3487.33  7.56699e-17  1.72733e-17
      3490.08  7.74559e-17  1.79641e-17
      3492.82  8.55988e-17  2.09403e-17
      3495.57  8.22675e-17  1.77408e-17
      3498.32  1.00144e-16  2.61342e-17
      3501.07  8.85833e-17  1.85482e-17
      3503.82  8.38828e-17  1.75023e-17
      3506.57  1.00684e-16  2.17150e-17
      3509.31  8.46592e-17  1.69366e-17
      3512.06  8.53130e-17  1.74232e-17
      3514.81  5.14046e-17  1.73132e-17
      3517.56  6.05988e-17  1.97983e-17
      3520.31  5.99933e-17  1.68049e-17
      3523.05  9.25236e-17  1.79740e-17
      3525.80  1.00738e-16  1.88395e-17
      3528.55  1.56247e-16  1.98504e-17
      3531.30  1.08579e-16  1.93794e-17
      3534.05  6.04007e-17  1.70080e-17
      3536.80  4.98387e-17  3.40874e-17
      3539.54  7.88035e-17  1.91906e-17
      3542.29  8.72605e-17  1.90061e-17
      3545.04  8.00590e-17  1.79754e-17
      3547.79  1.23998e-16  2.37686e-17
      3550.54  9.57908e-17  1.64469e-17
      3553.29  7.11088e-17  1.63445e-17
      3556.03  9.11942e-17  1.85737e-17
      3558.78  1.06172e-16  1.67841e-17
      3561.53  7.78650e-17  1.66442e-17
      3564.28  5.53153e-17  1.94849e-17
      3567.03  1.07166e-16  1.76680e-17
      3569.78  8.12991e-17  1.63344e-17
      3572.52  2.64771e-17  1.62449e-17
      3575.27  6.35022e-17  1.89579e-17
      3578.02  9.93836e-17  1.77897e-17
      3580.77  7.45117e-17  1.63132e-17
      3583.52  8.01401e-17  1.80820e-17
      3586.27  1.11854e-16  1.84450e-17
      3589.01  5.14334e-17  1.88016e-17
      3591.76  8.37566e-17  1.74737e-17
      3594.51  7.03563e-17  1.83205e-17
      3597.26  7.86247e-17  1.66355e-17
      3600.01  7.35739e-17  1.54419e-17
      3602.76  3.39037e-17  1.77226e-17
      3605.50  1.10777e-16  2.39033e-17
      3608.25  1.35996e-16  1.92675e-17
      3611.00  5.81653e-17  1.72422e-17
      3613.75  8.51385e-17  2.23152e-17
      3616.50  1.04846e-16  2.28927e-17
      3619.25  8.08830e-17  1.78222e-17
      3621.99  3.68164e-17  1.63332e-17
      3624.74  1.11034e-16  2.04628e-17
      3627.49  1.40937e-16  2.02489e-17
      3630.24  7.86672e-17  1.68564e-17
      3632.99  1.03416e-16  2.74863e-17
      3635.74  1.16069e-16  1.71186e-17
      3638.49  1.17857e-16  1.64493e-17
      3641.23  6.77108e-17  1.62007e-17
      3643.98  1.20579e-16  1.74941e-17
      3646.73  1.30800e-16  1.73754e-17
      3649.48  9.19457e-17  1.52376e-17
      3652.23  7.22114e-17  1.54392e-17
      3654.98  9.02316e-17  2.79025e-17
      3657.73  1.15885e-16  1.62478e-17
      3660.47  7.70932e-17  1.89357e-17
      3663.22  1.19270e-16  1.59342e-17
      3665.97  1.76207e-16  2.14448e-17
      3668.72  8.58132e-17  1.46839e-17
      3671.47  1.27551e-16  1.60007e-17
      3674.22  1.28372e-16  2.75148e-17
      3676.97  5.23717e-17  4.63194e-17
      3679.71  6.22181e-17  1.46639e-17
      3682.46  1.03275e-16  1.72334e-17
      3685.21  9.56855e-17  2.04195e-17
      3687.96  7.23298e-17  1.38635e-17
      3690.71  8.47998e-17  1.42904e-17
      3693.46  1.12138e-16  1.52403e-17
      3696.21  1.16424e-16  1.53855e-17
      3698.95  9.68201e-17  1.64440e-17
      3701.70  1.01075e-16  1.22079e-16
      3704.45  1.05330e-16  1.72287e-17
      3707.20  1.09584e-16  1.94394e-17
      3709.95  9.19830e-17  1.41535e-17
      3712.70  1.19442e-16  1.46118e-17
      3715.45  1.01202e-16  1.40681e-17
      3718.19  6.37073e-17  1.36902e-17
      3720.94  1.07028e-16  1.51000e-17
      3723.69  1.42416e-16  1.48402e-17
      3726.44  8.37752e-17  1.38002e-17
      3729.19  1.10941e-16  1.41319e-17
      3731.94  1.11199e-16  1.54091e-17
      3734.69  1.00693e-16  2.09035e-17
      3737.43  9.90917e-17  1.43464e-17
      3740.18  1.21605e-16  1.68392e-17
      3742.93  1.19764e-16  1.45816e-17
      3745.68  1.18424e-16  1.43946e-17
      3748.43  1.03684e-16  1.38996e-17
      3751.18  1.29972e-16  1.49625e-17
      3753.93  5.58240e-17  2.56552e-17
      3756.67  6.86663e-17  2.96755e-17
      3759.42  1.19768e-16  1.41187e-17
      3762.17  1.24233e-16  2.36210e-17
      3764.92  1.21980e-16  1.33854e-17
      3767.67  1.47163e-16  1.63453e-17
      3770.42  1.10334e-16  1.45292e-17
      3773.17  1.25068e-16  1.37237e-17
      3775.92  1.15187e-16  1.50601e-17
      3778.66  1.59804e-16  1.44673e-17
      3781.41  1.46774e-16  1.32045e-17
      3784.16  1.47472e-16  1.40261e-17
      3786.91  1.70210e-16  1.60010e-17
      3789.66  1.40531e-16  1.86066e-17
      3792.41  1.90313e-16  1.36397e-17
      3795.16  1.23578e-16  1.79784e-17
      3797.90  1.46931e-16  1.28237e-17
      3800.65  1.71826e-16  1.28844e-17
      3803.40  1.58511e-16  1.38036e-17
      3806.15  1.36203e-16  1.27067e-17
      3808.90  1.97030e-16  1.38514e-17
      3811.65  1.72277e-16  1.39224e-17
      3814.40  1.46787e-16  1.27325e-17
      3817.15  1.84598e-16  1.32404e-17
      3819.89  2.01082e-16  1.34963e-17
      3822.64  1.74561e-16  1.32834e-17
      3825.39  1.85279e-16  1.30485e-17
      3828.14  1.96265e-16  1.39396e-17
      3830.89  1.35717e-16  1.34670e-17
      3833.64  1.74264e-16  1.38710e-17
      3836.39  1.96019e-16  1.33471e-17
      3839.14  1.84780e-16  1.31214e-17
      3841.88  1.97977e-16  1.25784e-17
      3844.63  1.68077e-16  1.27211e-17
      3847.38  2.05770e-16  1.44699e-17
      3850.13  2.12895e-16  1.27997e-17
      3852.88  2.28760e-16  1.91879e-17
      3855.63  2.16328e-16  1.28345e-17
      3858.38  1.88299e-16  1.24252e-17
      3861.12  1.62614e-16  1.52236e-17
      3863.87  1.89278e-16  1.26698e-17
      3866.62  1.89154e-16  1.36397e-17
      3869.37  1.80067e-16  1.27631e-17
      3872.12  2.52869e-16  3.51376e-17
      3874.87  2.11938e-16  1.22204e-17
      3877.62  2.42886e-16  1.68292e-17
      3880.37  2.38730e-16  2.68840e-17
      3883.11  2.08874e-16  1.22870e-17
      3885.86  2.39391e-16  1.23955e-17
      3888.61  2.25599e-16  1.23656e-17
      3891.36  1.77877e-16  1.17426e-17
      3894.11  1.79604e-16  1.42043e-17
      3896.86  2.14566e-16  1.43724e-17
      3899.61  2.09629e-16  1.59634e-17
      3902.35  2.10689e-16  1.16235e-17
      3905.10  2.07561e-16  1.14137e-17
      3907.85  1.96703e-16  1.17013e-17
      3910.60  2.35579e-16  2.19529e-17
      3913.35  2.01132e-16  1.31813e-17
      3916.10  1.91930e-16  1.29029e-17
      3918.85  1.80816e-16  1.28924e-17
      3921.60  2.00360e-16  1.21275e-17
      3924.34  2.11008e-16  1.25773e-17
      3927.09  1.94635e-16  1.12710e-17
      3929.84  2.15297e-16  1.11917e-17
      3932.59  2.07568e-16  1.12605e-17
      3935.34  1.98292e-16  1.14000e-17
      3938.09  1.39513e-16  1.16089e-17
      3940.84  1.78562e-16  1.10003e-17
      3943.59  2.11759e-16  1.12997e-17
      3946.33  1.96250e-16  1.19098e-17
      3949.08  1.93977e-16  1.15617e-17
      3951.83  1.35461e-16  2.46932e-17
      3954.58  2.32047e-16  1.12286e-17
      3957.33  1.76361e-16  1.15500e-17
      3960.08  1.92837e-16  1.16219e-17
      3962.83  1.42096e-16  1.15381e-17
      3965.57  1.64800e-16  1.05775e-17
      3968.32  1.66597e-16  1.05464e-17
      3971.07  1.77993e-16  1.04232e-17
      3973.82  1.31172e-16  1.15420e-17
      3976.57  1.17231e-16  1.85128e-17
      3979.32  1.12446e-16  1.26782e-17
      3982.07  1.44540e-16  9.93244e-18
      3984.81  9.97579e-17  2.36136e-17
      3987.56  1.31484e-16  1.00600e-17
      3990.31  1.24815e-16  9.67639e-18
      3993.06  1.21483e-16  1.45997e-17
      3995.81  8.73700e-17  1.03176e-17
      3998.56  1.02755e-16  1.29645e-17
      4001.31  1.39262e-16  1.00493e-17
      4004.06  1.05534e-16  9.35350e-18
      4006.80  9.90538e-17  1.24985e-17
      4009.55  1.16425e-16  9.32783e-18
      4012.30  1.12254e-16  1.52730e-17
      4015.05  9.60522e-17  1.06612e-17
      4017.80  8.09437e-17  1.00794e-17
      4020.55  1.19390e-16  9.02381e-18
      4023.30  1.18399e-16  8.97683e-18
      4026.04  1.29784e-16  9.31894e-18
      4028.79  1.07022e-16  8.75812e-18
      4031.54  1.31471e-16  9.67120e-18
      4034.29  1.08314e-16  9.31055e-18
      4037.04  1.00645e-16  9.12662e-18
      4039.79  9.35684e-17  1.17642e-17
      4042.54  8.76802e-17  9.36883e-18
      4045.28  9.74800e-17  8.96137e-18
      4048.03  9.53021e-17  8.92624e-18
      4050.78  6.03635e-17  3.85446e-17
      4053.53  7.83237e-17  1.39812e-17
      4056.28  8.99764e-17  8.71639e-18
      4059.03  7.35773e-17  1.63575e-17
      4061.78  9.36973e-17  9.25366e-18
      4064.52  1.06686e-16  8.81139e-18
      4067.27  1.00294e-16  8.91118e-18
      4070.02  1.22361e-16  8.79632e-18
      4072.77  8.78701e-17  8.55851e-18
      4075.52  8.59542e-17  8.36712e-18
      4078.27  1.07172e-16  9.46126e-18
      4081.01  1.21690e-16  1.00687e-17
      4083.76  8.79335e-17  8.78016e-18
      4086.51  7.73356e-17  1.67291e-17
      4089.26  1.05769e-16  8.52213e-18
      4092.01  1.06124e-16  8.61732e-18
      4094.76  7.99318e-17  1.34232e-17
      4097.51  1.21775e-16  1.08337e-17
      4100.25  1.03879e-16  8.62610e-18
      4103.00  7.76145e-17  8.27670e-18
      4105.75  8.88946e-17  1.08088e-17
      4108.50  1.25722e-16  9.00151e-18
      4111.25  9.06149e-17  8.17573e-18
      4114.00  9.64652e-17  8.53114e-18
      4116.74  9.96157e-17  9.44813e-18
      4119.49  1.17357e-16  1.15794e-17
      4122.24  8.67405e-17  8.25741e-18
      4124.99  8.39049e-17  1.24654e-17
      4127.74  1.15085e-16  8.30878e-18
      4130.49  9.50565e-17  8.84098e-18
      4133.23  9.47107e-17  8.08586e-18
      4135.98  1.23675e-16  1.06701e-17
      4138.73  1.35637e-16  1.19901e-17
      4141.48  1.26859e-16  8.49690e-18
      4144.23  1.47100e-16  9.12161e-18
      4146.98  1.40134e-16  9.66699e-18
      4149.73  1.27304e-16  1.47517e-17
      4152.47  1.49537e-16  9.08030e-18
      4155.22  1.64582e-16  9.06220e-18
      4157.97  1.76786e-16  9.21607e-18
      4160.72  1.57810e-16  1.03921e-17
      4163.47  1.98763e-16  9.33092e-18
      4166.21  2.03215e-16  9.76553e-18
      4168.96  1.83844e-16  9.81214e-18
      4171.71  1.88473e-16  9.04575e-18
      4174.46  1.95944e-16  9.56144e-18
      4177.21  2.01525e-16  9.68444e-18
      4179.96  2.01555e-16  1.51014e-17
      4182.70  1.94013e-16  9.62330e-18
      4185.45  2.08048e-16  1.30427e-17
      4188.20  2.29271e-16  9.78436e-18
      4190.95  2.03461e-16  1.16570e-17
      4193.70  2.42194e-16  9.85971e-18
      4196.45  2.58990e-16  1.01366e-17
      4199.19  2.48461e-16  1.21847e-17
      4201.94  2.45567e-16  1.01669e-17
      4204.69  2.66962e-16  1.03438e-17
      4207.44  2.51677e-16  1.15304e-17
      4210.19  2.25375e-16  1.03727e-17
      4212.93  2.34962e-16  1.86461e-17
      4215.68  2.38202e-16  1.53377e-17
      4218.43  2.63487e-16  1.17015e-17
      4221.18  2.56129e-16  1.43828e-17
      4223.93  2.95295e-16  1.06581e-17
      4226.68  2.56077e-16  1.08502e-17
      4229.42  2.68252e-16  1.01847e-17
      4232.17  2.79679e-16  1.08588e-17
      4234.92  2.72259e-16  1.09532e-17
      4237.67  2.64654e-16  1.03576e-17
      4240.42  2.72251e-16  1.00021e-17
      4243.16  2.69485e-16  9.91613e-18
      4245.91  2.58387e-16  1.06296e-17
      4248.66  2.54060e-16  9.84685e-18
      4251.41  2.60086e-16  9.97729e-18
      4254.16  2.84692e-16  1.05850e-17
      4256.90  2.59312e-16  9.91840e-18
      4259.65  2.30295e-16  1.00568e-17
      4262.40  2.69149e-16  9.80522e-18
      4265.15  2.64452e-16  1.65185e-17
      4267.90  2.66382e-16  9.87354e-18
      4270.64  2.64349e-16  9.72291e-18
      4273.39  2.59414e-16  1.10868e-17
      4276.14  2.48909e-16  9.78174e-18
      4278.89  2.59231e-16  9.71310e-18
      4281.64  2.44144e-16  9.63863e-18
      4284.38  2.56132e-16  9.77195e-18
      4287.13  2.22897e-16  9.23857e-18
      4289.88  2.33462e-16  9.38143e-18
      4292.63  2.53162e-16  9.48223e-18
      4295.38  2.06438e-16  9.24333e-18
      4298.12  2.30324e-16  9.31133e-18
      4300.87  2.47821e-16  9.46858e-18
      4303.62  2.32419e-16  9.17873e-18
      4306.37  2.27455e-16  9.09709e-18
      4309.11  2.48423e-16  9.30649e-18
      4311.86  2.40421e-16  9.66784e-18
      4314.61  2.47034e-16  9.51922e-18
      4317.36  2.05356e-16  9.64915e-18
      4320.11  2.12852e-16  2.17162e-17
      4322.85  2.30967e-16  9.24600e-18
      4325.60  2.04973e-16  9.34036e-18
      4328.35  1.89740e-16  1.42053e-17
      4331.10  2.45449e-16  9.17564e-18
      4333.85  2.16154e-16  8.96487e-18
      4336.59  2.33732e-16  9.51794e-18
      4339.34  2.52019e-16  1.44960e-17
      4342.09  2.48048e-16  1.08007e-17
      4344.84  2.33966e-16  1.01870e-17
      4347.58  2.76726e-16  1.07784e-17
      4350.33  2.56936e-16  9.26154e-18
      4353.08  2.24017e-16  9.02848e-18
      4355.83  2.45391e-16  1.06905e-17
      4358.57  2.43214e-16  1.20550e-17
      4361.32  2.56043e-16  9.83312e-18
      4364.07  2.41367e-16  1.04444e-17
      4366.82  2.62274e-16  9.51276e-18
      4369.56  2.42357e-16  9.83489e-18
      4372.31  2.68630e-16  9.67941e-18
      4375.06  2.71295e-16  1.01892e-17
      4377.81  2.83907e-16  1.05265e-17
      4380.56  2.89418e-16  9.67428e-18
      4383.30  2.40593e-16  1.85919e-17
      4386.05  2.64764e-16  9.63797e-18
      4388.80  2.57617e-16  9.84933e-18
      4391.54  2.68041e-16  9.47736e-18
      4394.29  2.52450e-16  9.77411e-18
      4397.04  2.84832e-16  1.00776e-17
      4399.79  2.70092e-16  9.63963e-18
      4402.53  2.64482e-16  1.00101e-17
      4405.28  2.72072e-16  9.82135e-18
      4408.03  2.73045e-16  9.16982e-18
      4410.78  2.54790e-16  9.31785e-18
      4413.52  2.21157e-16  9.63278e-18
      4416.27  2.61306e-16  1.00257e-17
      4419.02  2.42023e-16  9.35605e-18
      4421.77  2.55459e-16  1.02320e-17
      4424.51  2.55947e-16  8.93495e-18
      4427.26  2.58044e-16  9.62260e-18
      4430.01  2.55958e-16  1.03350e-17
      4432.76  2.25230e-16  1.08678e-17
      4435.50  2.36582e-16  1.11710e-17
      4438.25  2.48482e-16  9.15590e-18
      4441.00  2.35088e-16  9.08187e-18
      4443.75  2.18700e-16  8.61281e-18
      4446.49  2.36923e-16  1.00754e-17
      4449.24  2.27997e-16  1.00604e-17
      4451.99  2.13822e-16  9.86640e-18
      4454.73  2.57414e-16  9.17466e-18
      4457.48  2.28621e-16  9.59428e-18
      4460.23  2.44271e-16  1.95276e-17
      4462.98  2.39496e-16  1.01766e-17
      4465.72  2.31460e-16  9.53477e-18
      4468.47  2.20880e-16  8.63167e-18
      4471.22  1.92708e-16  9.89517e-18
      4473.96  2.22296e-16  8.69828e-18
      4476.71  2.18227e-16  1.25940e-17
      4479.46  2.12128e-16  8.28737e-18
      4482.21  2.17103e-16  8.34045e-18
      4484.95  2.15630e-16  8.69665e-18
      4487.70  2.11861e-16  8.53397e-18
      4490.45  2.20112e-16  8.28023e-18
      4493.19  2.14892e-16  8.53163e-18
      4495.94  2.04987e-16  9.28608e-18
      4498.69  2.22171e-16  1.01809e-17
      4501.43  2.11829e-16  9.07070e-18
      4504.18  2.31501e-16  1.12408e-17
      4506.93  2.16881e-16  1.01729e-17
      4509.67  2.05008e-16  8.36279e-18
      4512.42  2.24507e-16  9.04660e-18
      4515.17  2.09582e-16  8.80964e-18
      4517.92  2.41927e-16  8.62790e-18
      4520.66  2.25664e-16  9.21641e-18
      4523.41  2.32609e-16  8.78791e-18
      4526.16  2.12061e-16  8.44051e-18
      4528.90  2.24984e-16  8.54685e-18
      4531.65  2.52153e-16  8.70852e-18
      4534.40  2.18070e-16  8.36758e-18
      4537.14  1.97583e-16  9.12291e-18
      4539.89  2.40645e-16  1.62142e-17
      4542.64  2.32255e-16  1.10710e-17
      4545.38  2.03406e-16  1.19148e-17
      4548.13  2.06451e-16  8.37638e-18
      4550.88  2.35965e-16  8.58004e-18
      4553.62  2.14526e-16  8.22968e-18
      4556.37  2.04842e-16  1.28211e-17
      4559.12  1.88189e-16  7.96101e-18
      4561.86  2.03593e-16  8.03208e-18
      4564.61  2.14911e-16  8.15153e-18
      4567.36  1.87805e-16  7.90075e-18
      4570.10  1.91453e-16  8.16725e-18
      4572.85  1.91791e-16  9.31499e-18
      4575.60  1.68813e-16  8.16291e-18
      4578.34  1.90466e-16  8.23060e-18
      4581.09  1.92431e-16  8.59831e-18
      4583.84  1.84687e-16  7.98776e-18
      4586.58  1.71319e-16  8.39148e-18
      4589.33  1.83717e-16  7.87759e-18
      4592.07  1.60954e-16  7.83603e-18
      4594.82  1.55431e-16  7.63060e-18
      4597.57  1.73291e-16  7.81751e-18
      4600.31  1.63110e-16  7.92448e-18
      4603.06  1.73584e-16  7.89090e-18
      4605.81  1.70754e-16  7.62588e-18
      4608.55  1.56251e-16  7.58864e-18
      4611.30  1.57699e-16  7.76017e-18
      4614.05  1.42779e-16  7.96916e-18
      4616.79  1.56429e-16  7.55023e-18
      4619.54  1.75519e-16  8.70867e-18
      4622.28  1.53146e-16  9.48650e-18
      4625.03  1.53303e-16  7.81715e-18
      4627.78  1.24019e-16  1.40434e-17
      4630.52  1.56911e-16  8.99963e-18
      4633.27  1.39600e-16  7.27549e-18
      4636.02  1.52538e-16  9.21716e-18
      4638.76  1.53669e-16  7.98073e-18
      4641.51  1.45167e-16  7.48604e-18
      4644.25  1.29356e-16  7.38685e-18
      4647.00  1.26945e-16  7.34996e-18
      4649.75  1.38335e-16  7.52280e-18
      4652.49  1.27695e-16  7.43873e-18
      4655.24  1.35630e-16  7.31078e-18
      4657.98  1.49616e-16  7.51280e-18
      4660.73  1.28517e-16  7.14989e-18
      4663.48  1.41239e-16  7.92707e-18
      4666.22  1.41652e-16  3.54651e-17
      4668.97  1.42066e-16  7.36273e-18
      4671.71  1.42479e-16  7.36713e-18
      4674.46  1.28910e-16  7.46011e-18
      4677.20  1.29564e-16  7.35720e-18
      4679.95  1.42859e-16  7.61956e-18
      4682.70  1.40456e-16  7.82181e-18
      4685.44  1.25354e-16  7.59744e-18
      4688.19  1.24862e-16  9.37451e-18
      4690.93  1.30825e-16  8.54676e-18
      4693.68  1.43469e-16  7.51958e-18
      4696.43  1.47063e-16  7.54478e-18
      4699.17  1.46479e-16  7.69102e-18
      4701.92  1.61245e-16  7.92846e-18
      4704.66  1.53186e-16  7.48084e-18
      4707.41  1.54132e-16  7.56151e-18
      4710.15  1.28030e-16  7.41259e-18
      4712.90  1.37925e-16  7.79113e-18
      4715.65  1.46551e-16  7.42126e-18
      4718.39  1.59042e-16  7.67219e-18
      4721.14  1.38939e-16  7.62286e-18
      4723.88  1.64426e-16  7.86722e-18
      4726.63  1.41341e-16  7.42764e-18
      4729.37  1.32966e-16  7.99923e-18
      4732.12  1.40137e-16  7.65230e-18
      4734.86  1.58647e-16  9.37088e-18
      4737.61  1.57959e-16  7.48483e-18
      4740.35  1.55134e-16  8.29785e-18
      4743.10  1.79452e-16  8.73660e-18
      4745.84  1.74505e-16  1.00878e-17
      4748.59  1.33833e-16  8.37342e-18
      4751.34  1.87740e-16  8.09698e-18
      4754.08  1.74987e-16  8.87505e-18
      4756.83  1.62732e-16  8.37723e-18
      4759.57  1.74911e-16  8.30726e-18
      4762.32  1.61660e-16  7.90713e-18
      4765.06  1.79060e-16  8.66030e-18
      4767.81  1.60533e-16  9.77671e-18
      4770.55  1.77854e-16  7.93761e-18
      4773.30  1.80706e-16  8.23736e-18
      4776.04  1.90697e-16  9.31905e-18
      4778.79  1.32669e-16  1.58913e-17
      4781.53  1.87078e-16  8.22314e-18
      4784.28  1.69432e-16  8.22451e-18
      4787.02  1.82853e-16  7.83404e-18
      4789.77  1.81491e-16  7.73998e-18
      4792.51  1.82701e-16  8.20448e-18
      4795.26  1.79673e-16  8.63233e-18
      4798.00  1.80047e-16  7.92294e-18
      4800.75  2.00429e-16  8.37800e-18
      4803.49  2.02079e-16  8.22266e-18
      4806.24  2.04319e-16  8.29627e-18
      4808.98  1.74944e-16  1.36262e-17
      4811.73  1.99075e-16  8.35139e-18
      4814.47  2.29898e-16  8.46056e-18
      4817.22  1.78754e-16  9.83817e-18
      4819.96  2.12408e-16  8.64691e-18
      4822.71  1.86976e-16  9.99437e-18
      4825.45  2.13968e-16  9.39416e-18
      4828.20  1.90418e-16  8.25238e-18
      4830.94  1.76651e-16  9.78196e-18
      4833.69  2.16595e-16  8.32530e-18
      4836.43  2.07869e-16  8.17337e-18
      4839.17  2.16286e-16  8.09111e-18
      4841.92  2.36486e-16  1.03784e-17
      4844.66  2.16224e-16  8.70065e-18
      4847.41  1.97776e-16  9.06054e-18
      4850.15  2.08116e-16  8.93846e-18
      4852.90  2.17160e-16  9.03573e-18
      4855.64  1.98907e-16  8.65732e-18
      4858.39  2.48811e-16  9.07856e-18
      4861.13  2.01732e-16  1.34478e-17
      4863.88  2.07660e-16  9.82927e-18
      4866.62  1.94594e-16  8.28917e-18
      4869.36  2.01844e-16  8.00755e-18
      4872.11  2.21148e-16  8.31066e-18
      4874.85  1.91953e-16  1.05078e-17
      4877.60  2.09255e-16  1.27525e-17
      4880.34  2.01635e-16  1.01023e-17
      4883.09  2.17964e-16  9.20392e-18
      4885.83  2.14861e-16  8.01168e-18
      4888.57  2.18376e-16  8.30779e-18
      4891.32  2.14242e-16  8.23792e-18
      4894.06  1.94423e-16  8.42670e-18
      4896.81  2.14548e-16  8.46327e-18
      4899.55  2.16747e-16  8.27357e-18
      4902.29  2.10113e-16  1.46156e-17
      4905.04  2.00444e-16  7.81979e-18
      4907.78  2.19479e-16  8.15580e-18
      4910.53  2.05155e-16  8.05743e-18
      4913.27  2.05995e-16  7.95205e-18
      4916.01  1.91974e-16  8.67259e-18
      4918.76  2.11988e-16  8.51710e-18
      4921.50  1.80886e-16  9.35881e-18
      4924.25  2.03388e-16  8.16308e-18
      4926.99  2.04597e-16  8.07623e-18
      4929.73  1.74544e-16  8.21349e-18
      4932.48  1.86658e-16  8.20052e-18
      4935.22  1.87926e-16  7.87599e-18
      4937.97  1.89194e-16  9.93849e-18
      4940.71  1.90461e-16  2.49175e-17
      4943.45  1.91729e-16  8.67878e-18
      4946.20  1.92997e-16  8.80793e-18
      4948.94  1.94265e-16  7.83132e-18
      4951.68  1.95533e-16  8.10695e-18
      4954.43  1.96801e-16  1.05008e-17
      4957.17  1.93665e-16  7.64017e-18
      4959.91  1.77935e-16  7.77713e-18
      4962.66  1.66910e-16  7.52285e-18
      4965.40  1.87315e-16  8.87513e-18
      4968.15  1.73393e-16  1.30491e-17
      4970.89  1.85424e-16  7.83794e-18
      4973.63  1.94282e-16  7.85615e-18
      4976.38  1.94743e-16  8.09370e-18
      4979.12  1.97837e-16  8.41023e-18
      4981.86  2.22820e-16  1.00800e-17
      4984.61  1.97028e-16  8.24446e-18
      4987.35  1.78753e-16  8.37389e-18
      4990.09  1.94554e-16  9.39300e-18
      4992.83  1.67215e-16  8.23131e-18
      4995.58  2.03350e-16  8.70576e-18
      4998.32  1.93652e-16  8.35417e-18
      5001.06  1.79532e-16  8.33930e-18
      5003.81  1.65276e-16  8.25577e-18
      5006.55  2.14717e-16  7.83958e-18
      5009.29  1.71241e-16  8.21424e-18
      5012.04  1.73788e-16  8.63695e-18
      5014.78  2.06381e-16  9.17148e-18
      5017.52  1.58051e-16  8.42039e-18
      5020.27  1.79268e-16  9.19421e-18
      5023.01  1.95870e-16  7.92825e-18
      5025.75  1.67155e-16  7.31884e-18
      5028.50  1.77098e-16  8.24653e-18
      5031.24  1.74815e-16  7.45194e-18
      5033.98  1.81397e-16  7.49918e-18
      5036.72  1.59312e-16  9.52961e-18
      5039.47  1.64166e-16  8.00051e-18
      5042.21  1.55180e-16  7.39748e-18
      5044.95  1.73442e-16  7.33166e-18
      5047.69  1.60444e-16  8.85869e-18
      5050.44  1.47272e-16  7.60162e-18
      5053.18  1.97680e-16  7.70136e-18
      5055.92  1.73287e-16  8.96851e-18
      5058.67  1.51974e-16  7.80525e-18
      5061.41  1.84609e-16  8.50655e-18
      5064.15  1.55195e-16  8.42650e-18
      5066.89  1.51139e-16  1.34280e-17
      5069.64  1.79903e-16  9.60947e-18
      5072.38  1.67258e-16  7.16567e-18
      5075.12  1.67351e-16  7.61688e-18
      5077.86  1.58127e-16  7.92075e-18
      5080.60  1.55921e-16  7.23869e-18
      5083.35  1.44152e-16  8.00663e-18
      5086.09  1.37628e-16  1.05113e-17
      5088.83  1.57010e-16  1.49263e-17
      5091.57  1.52498e-16  7.33189e-18
      5094.32  1.44791e-16  6.90045e-18
      5097.06  1.20479e-16  6.92976e-18
      5099.80  1.44662e-16  7.01867e-18
      5102.54  1.36023e-16  8.06025e-18
      5105.28  1.20360e-16  1.61392e-17
      5108.03  1.34799e-16  6.78983e-18
      5110.77  1.43710e-16  6.68161e-18
      5113.51  1.26304e-16  6.76664e-18
      5116.25  1.21344e-16  6.84608e-18
      5118.99  1.33962e-16  9.07500e-18
      5121.74  1.26268e-16  7.25450e-18
      5124.48  1.21640e-16  6.73390e-18
      5127.22  1.26028e-16  6.73003e-18
      5129.96  1.24329e-16  6.91528e-18
      5132.70  1.27291e-16  6.72017e-18
      5135.45  1.26859e-16  8.02752e-18
      5138.19  1.41279e-16  7.13860e-18
      5140.93  1.38799e-16  6.84861e-18
      5143.67  1.30031e-16  6.86520e-18
      5146.41  1.39920e-16  6.98832e-18
      5149.15  1.35359e-16  6.79398e-18
      5151.90  1.29872e-16  1.05515e-17
      5154.64  1.14372e-16  1.35986e-17
      5157.38  1.06535e-16  7.41374e-18
      5160.12  1.36960e-16  7.25428e-18
      5162.86  1.23101e-16  7.06106e-18
      5165.60  1.23907e-16  1.06684e-17
      5168.34  1.46186e-16  6.96265e-18
      5171.09  1.24574e-16  6.84953e-18
      5173.83  1.32660e-16  6.79057e-18
      5176.57  1.51121e-16  9.32185e-18
      5179.31  1.47001e-16  6.70319e-18
      5182.05  1.42882e-16  2.15987e-17
      5184.79  1.38764e-16  6.66866e-18
      5187.53  1.36483e-16  7.68179e-18
      5190.28  1.31314e-16  6.64610e-18
      5193.02  1.14683e-16  6.82912e-18
      5195.76  1.29003e-16  1.12703e-17
      5198.50  1.23710e-16  6.72677e-18
      5201.24  1.23014e-16  6.67517e-18
      5203.98  1.26842e-16  6.77390e-18
      5206.72  1.13056e-16  9.19378e-18
      5209.46  1.24608e-16  6.84516e-18
      5212.20  1.14634e-16  6.68636e-18
      5214.94  1.19161e-16  6.82466e-18
      5217.69  1.14461e-16  6.41689e-18
      5220.43  1.09759e-16  6.82677e-18
      5223.17  1.05058e-16  6.61021e-18
      5225.91  1.00357e-16  8.10762e-18
      5228.65  1.17122e-16  6.57972e-18
      5231.39  1.17393e-16  6.53400e-18
      5234.13  1.16287e-16  6.49079e-18
      5236.87  1.08975e-16  6.52290e-18
      5239.61  9.68179e-17  6.33143e-18
      5242.35  1.20409e-16  6.62715e-18
      5245.09  1.07280e-16  6.54663e-18
      5247.83  1.02507e-16  6.56983e-18
      5250.57  1.05106e-16  6.41793e-18
      5253.31  1.09463e-16  6.66399e-18
      5256.05  1.13820e-16  6.85336e-18
      5258.79  1.18178e-16  8.46820e-18
      5261.53  1.12373e-16  6.55942e-18
      5264.27  9.72642e-17  9.58702e-18
      5267.02  1.02794e-16  8.42514e-18
      5269.76  1.10603e-16  6.51057e-18
      5272.50  1.25638e-16  6.82993e-18
      5275.24  1.38003e-16  7.00641e-18
      5277.98  9.88652e-17  7.68068e-18
      5280.72  1.12347e-16  6.96609e-18
      5283.46  1.35495e-16  7.29018e-18
      5286.20  1.27444e-16  6.81426e-18
      5288.94  1.36983e-16  7.61340e-18
      5291.68  1.51312e-16  7.21589e-18
      5294.42  1.64705e-16  7.35656e-18
      5297.16  1.32658e-16  7.59091e-18
      5299.90  1.38228e-16  6.95287e-18
      5302.64  1.46388e-16  7.34840e-18
      5305.38  1.40528e-16  6.92373e-18
      5308.12  1.17273e-16  7.18728e-18
      5310.85  1.61270e-16  7.14494e-18
      5313.59  1.18595e-16  6.95349e-18
      5316.33  1.38112e-16  8.46483e-18
      5319.07  1.23715e-16  6.90558e-18
      5321.81  1.60228e-16  7.27592e-18
      5324.55  1.25768e-16  7.18261e-18
      5327.29  1.18942e-16  6.75184e-18
      5330.03  1.17623e-16  7.17115e-18
      5332.77  1.35067e-16  7.07325e-18
      5335.51  1.07341e-16  8.73760e-18
      5338.25  1.13820e-16  7.07946e-18
      5340.99  9.93850e-17  7.39185e-18
      5343.73  1.04780e-16  7.32141e-18
      5346.47  1.06718e-16  6.95136e-18
      5349.21  1.07657e-16  1.39130e-17
      5351.95  9.42253e-17  6.76049e-18
      5354.69  1.00109e-16  6.53546e-18
      5357.43  8.92492e-17  7.16791e-18
      5360.16  9.79892e-17  6.83806e-18
      5362.90  1.04603e-16  6.67308e-18
      5365.64  8.88681e-17  6.35324e-18
      5368.38  9.06657e-17  6.49520e-18
      5371.12  9.47948e-17  6.51548e-18
      5373.86  9.26754e-17  6.44865e-18
      5376.60  8.44121e-17  6.81452e-18
      5379.34  1.06978e-16  6.68469e-18
      5382.08  9.68835e-17  7.01161e-18
      5384.82  8.97697e-17  6.30455e-18
      5387.55  1.09901e-16  6.91878e-18
      5390.29  1.10297e-16  7.32914e-18
      5393.03  8.94343e-17  7.23299e-18
      5395.77  9.28547e-17  6.84002e-18
      5398.51  1.15992e-16  8.22626e-18
      5401.25  8.73115e-17  7.25252e-18
      5403.99  9.95475e-17  6.56728e-18
      5406.72  9.64329e-17  7.62102e-18
      5409.46  9.76823e-17  6.43886e-18
      5412.20  8.00315e-17  6.66727e-18
      5414.94  8.24760e-17  6.45328e-18
      5417.68  8.49205e-17  7.20985e-18
      5420.42  8.73649e-17  2.01864e-17
      5423.15  8.98094e-17  6.62382e-18
      5425.89  9.22539e-17  7.59031e-18
      5428.63  1.14619e-16  6.94369e-18
      5431.37  9.03892e-17  7.10943e-18
      5434.11  1.08122e-16  7.36391e-18
      5436.85  9.93099e-17  7.32341e-18
      5439.58  1.11591e-16  6.81831e-18
      5442.32  8.77832e-17  7.13385e-18
      5445.06  1.07018e-16  7.59081e-18
      5447.80  1.15097e-16  7.28172e-18
      5450.54  1.13052e-16  7.26418e-18
      5453.27  1.11007e-16  7.47038e-18
      5456.01  1.08962e-16  8.74104e-18
      5458.75  1.06918e-16  7.78008e-18
      5461.49  1.04873e-16  7.06584e-18
      5464.23  1.02828e-16  7.09423e-18
      5466.96  1.00783e-16  1.14347e-17
      5469.70  1.09928e-16  7.13223e-18
      5472.44  1.18760e-16  7.09913e-18
      5475.18  1.39088e-16  7.94066e-18
      5477.91  1.37217e-16  7.88737e-18
      5480.65  1.35346e-16  8.35486e-17
      5483.39  1.33476e-16  7.50542e-18
      5486.13  1.31605e-16  7.04175e-18
      5488.86  1.29734e-16  7.23388e-18
      5491.60  1.23368e-16  7.89946e-18
      5494.34  1.46049e-16  7.45950e-18
      5497.08  1.50792e-16  8.22933e-18
      5499.81  1.30331e-16  7.11995e-18
      5502.55  1.21515e-16  7.68416e-18
      5505.29  1.36633e-16  7.70479e-18
      5508.02  1.37865e-16  7.46122e-18
      5510.76  1.29671e-16  7.91230e-18
      5513.50  1.49138e-16  7.93473e-18
      5516.23  1.40939e-16  7.47141e-18
      5518.97  1.37492e-16  7.19589e-18
      5521.71  1.49632e-16  1.34987e-17
      5524.45  1.53652e-16  7.59547e-18
      5527.18  1.49835e-16  8.02598e-18
      5529.92  1.51194e-16  7.46000e-18
      5532.66  1.51612e-16  7.85540e-18
      5535.39  1.45074e-16  7.34527e-18
      5538.13  1.51930e-16  8.01649e-18
      5540.87  1.48878e-16  8.47831e-18
      5543.60  1.66679e-16  8.81477e-18
      5546.34  1.82479e-16  8.50414e-18
      5549.08  1.55421e-16  9.39175e-18
      5551.81  1.85814e-16  2.83033e-17
      5554.55  1.55170e-16  8.12762e-18
      5557.29  1.45011e-16  8.09424e-18
      5560.02  1.43265e-16  9.09711e-18
      5562.76  1.66708e-16  8.92641e-18
      5565.49  1.44515e-16  8.17794e-18
      5568.23  1.67773e-16  8.72862e-18
      5570.97  1.62590e-16  9.15519e-18
      5573.70  1.64694e-16  9.52091e-18
      5576.44  1.68986e-16  7.72734e-18
      5579.18  1.55008e-16  7.58726e-18
      5581.91  1.52052e-16  7.37925e-18
      5584.65  1.58795e-16  7.59963e-18
      5587.38  1.75877e-16  8.62651e-18
      5590.12  1.59336e-16  7.50577e-18
      5592.86  1.61729e-16  7.58482e-18
      5595.59  1.41532e-16  1.53892e-17
      5598.33  1.59434e-16  7.58756e-18
      5601.06  1.58543e-16  7.68920e-18
      5603.80  1.38423e-16  9.16209e-18
      5606.53  1.56438e-16  8.82391e-18
      5609.27  1.47720e-16  7.96282e-18
      5612.01  1.63338e-16  7.76203e-18
      5614.74  1.43844e-16  7.44719e-18
      5617.48  1.66775e-16  7.74611e-18
      5620.21  1.41630e-16  7.35030e-18
      5622.95  1.50645e-16  7.62182e-18
      5625.68  1.39004e-16  7.81493e-18
      5628.42  1.49179e-16  8.42826e-18
      5631.15  1.67272e-16  8.26737e-18
      5633.89  1.70951e-16  1.85657e-17
      5636.62  1.50073e-16  7.43082e-18
      5639.36  1.37651e-16  7.74256e-18
      5642.10  1.49026e-16  7.43097e-18
      5644.83  1.25312e-16  9.52134e-18
      5647.57  1.48509e-16  7.52956e-18
      5650.30  1.30288e-16  7.69270e-18
      5653.04  1.14666e-16  7.23111e-18
      5655.77  1.28390e-16  7.64781e-18
      5658.51  1.41713e-16  7.82811e-18
      5661.24  1.32263e-16  7.94381e-18
      5663.98  1.21405e-16  7.59847e-18
      5666.71  1.30408e-16  7.47579e-18
      5669.44  1.17721e-16  7.19335e-18
      5672.18  1.04118e-16  7.19777e-18
      5674.91  1.08490e-16  7.21023e-18
      5677.65  1.10968e-16  7.22280e-18
      5680.38  1.01386e-16  6.95672e-18
      5683.12  9.90520e-17  7.69193e-18
      5685.85  1.05182e-16  1.16299e-17
      5688.59  1.20585e-16  1.06047e-17
      5691.32  1.00556e-16  7.69901e-18
      5694.06  1.11059e-16  7.18109e-18
      5696.79  1.44564e-16  1.03636e-17
