      2888.63 -8.15883e-15  4.22418e-15
      2891.38 -4.45532e-15  2.20825e-15
      2894.12 -7.70084e-16  1.79389e-15
      2896.87  1.37352e-16  1.43006e-15
      2899.61 -1.50724e-15  1.22603e-15
      2902.36  1.53376e-15  1.15243e-15
      2905.10  1.79069e-15  9.72703e-16
      2907.85  3.96342e-17  7.80473e-16
      2910.59 -8.48876e-16  1.55525e-15
      2913.34  7.34754e-16  6.74006e-16
      2916.08  2.51377e-16  5.98462e-16
      2918.83 -9.72800e-18  4.86512e-16
      2921.57 -3.23278e-16  4.14000e-16
      2924.32 -1.39334e-16  4.21492e-16
      2927.06 -5.42877e-16  4.81991e-16
      2929.81 -3.31307e-16  3.00596e-16
      2932.56 -1.31649e-15  4.21864e-16
      2935.30  1.45270e-15  4.44557e-16
      2938.05 -2.41720e-15  1.14375e-15
      2940.79 -1.19147e-16  1.79849e-16
      2943.54  3.80545e-18  1.77442e-16
      2946.28  7.81099e-17  1.55657e-16
      2949.03  9.24747e-18  1.41207e-16
      2951.77 -5.71112e-17  1.10556e-16
      2954.52  3.09010e-16  1.11884e-16
      2957.26  5.28849e-17  1.04116e-16
      2960.01 -6.75786e-16  3.23933e-16
      2962.76 -1.39982e-17  8.70870e-17
      2965.50  3.67097e-17  7.70065e-17
      2968.25  4.13708e-17  7.40517e-17
      2970.99  8.83799e-17  6.88646e-17
      2973.74  1.37070e-16  6.95165e-17
      2976.48 -3.50027e-18  6.15397e-17
      2979.23  1.01542e-16  6.54355e-17
      2981.98  7.58396e-17  7.08488e-17
      2984.72 -4.31756e-17  7.80166e-17
      2987.47 -1.93068e-16  1.29114e-16
      2990.21  2.71032e-17  6.08228e-17
      2992.96  4.95564e-17  6.58231e-17
      2995.70 -3.27145e-17  5.86463e-17
      2998.45 -1.59382e-17  5.41509e-17
      3001.20  3.67167e-17  6.08413e-17
      3003.94  6.15958e-17  5.73526e-17
      3006.69  2.45138e-16  1.35976e-16
      3009.43  5.66015e-17  5.59375e-17
      3012.18  2.59670e-16  5.78696e-17
      3014.93  2.13144e-16  5.44189e-17
      3017.67  1.66614e-16  2.17929e-16
      3020.42  1.20084e-16  5.11988e-17
      3023.16  4.58797e-17  4.84251e-17
      3025.91  2.34379e-17  4.84969e-17
      3028.66  1.34920e-16  4.99182e-17
      3031.40  1.31926e-16  4.80888e-17
      3034.15  2.85322e-17  4.66384e-17
      3036.89  3.75597e-17  4.67428e-17
      3039.64 -1.54222e-16  8.05087e-17
      3042.39  1.14253e-16  4.68972e-17
      3045.13 -2.30879e-17  4.31974e-17
      3047.88  3.69410e-17  4.07265e-17
      3050.63  4.79869e-17  4.70818e-17
      3053.37  1.16878e-17  3.98932e-17
      3056.12  1.09543e-17  4.01480e-17
      3058.86  1.71426e-17  6.28172e-17
      3061.61  2.93464e-17  3.94829e-17
      3064.36  3.02046e-17  3.82947e-17
      3067.10  2.55369e-17  3.94863e-17
      3069.85  7.57278e-17  3.77044e-17
      3072.60  5.61479e-17  3.72665e-17
      3075.34  4.72716e-17  3.61814e-17
      3078.09  1.14400e-16  4.18933e-17
      3080.84  9.41900e-17  3.99650e-17
      3083.58 -7.75718e-17  7.70610e-17
      3086.33  6.00594e-17  3.59676e-17
      3089.08  1.59219e-16  5.04363e-17
      3091.82  9.50877e-17  3.88235e-17
      3094.57 -9.47051e-17  5.41035e-17
      3097.31  3.55190e-17  4.61644e-17
      3100.06  2.22527e-17  4.35692e-17
      3102.81  7.09021e-17  3.55803e-17
      3105.55  8.88394e-17  4.45628e-17
      3108.30  6.06739e-17  4.09708e-17
      3111.05  8.45554e-17  3.68927e-17
      3113.79  9.45971e-17  3.72326e-17
      3116.54  2.29333e-17  8.11334e-17
      3119.29  1.05761e-16  3.45433e-17
      3122.03  4.32911e-17  3.28717e-17
      3124.78  2.45022e-17  3.29274e-17
      3127.53  1.42979e-16  3.92771e-17
      3130.27  1.04465e-16  3.72883e-17
      3133.02  7.98598e-17  3.36240e-17
      3135.77  4.30166e-17  3.86304e-17
      3138.52  6.36658e-17  3.91426e-17
      3141.26  8.43150e-17  2.41376e-16
      3144.01  1.04964e-16  1.23155e-16
      3146.76  1.25614e-16  3.67871e-17
      3149.50  1.46264e-16  4.19975e-17
      3152.25  1.39695e-16  3.25003e-17
      3155.00  6.87698e-17  4.13224e-17
      3157.74  6.80107e-17  3.40448e-17
      3160.49  9.37243e-18  4.02795e-17
      3163.24 -2.27978e-17  6.51783e-17
      3165.98  1.33741e-16  3.10720e-17
      3168.73  4.11998e-17  3.41191e-17
      3171.48  4.87519e-17  3.47270e-17
      3174.23  5.63041e-17  3.81193e-17
      3176.97  6.38563e-17  3.63949e-17
      3179.72  7.14085e-17  4.02278e-17
      3182.47  5.83324e-17  2.87202e-17
      3185.21  4.39162e-17  3.03517e-17
      3187.96  2.95001e-17  5.52932e-17
      3190.71  1.50840e-17  2.92802e-17
      3193.46  6.42936e-17  2.76288e-17
      3196.20  1.12250e-16  3.02427e-17
      3198.95  3.71607e-17  2.95815e-17
      3201.70  1.80020e-17  2.74516e-17
      3204.44  9.23258e-17  2.74913e-17
      3207.19  7.16747e-17  3.60440e-17
      3209.94  6.48886e-18  2.79780e-17
      3212.69  7.56104e-17  2.77483e-17
      3215.43  1.30750e-16  3.31314e-17
      3218.18  9.90724e-17  2.87175e-17
      3220.93  3.52338e-17  3.06782e-17
      3223.67  1.10312e-16  2.92367e-17
      3226.42  5.67529e-17  3.70547e-17
      3229.17  2.20453e-17  2.57494e-17
      3231.92  8.58879e-17  2.59191e-17
      3234.66  1.01388e-16  2.66939e-17
      3237.41  9.20373e-17  2.73149e-17
      3240.16 -4.93731e-17  5.32742e-17
      3242.91  8.76260e-17  2.81498e-17
      3245.65  9.80522e-17  2.75537e-17
      3248.40  1.56594e-17  2.69988e-17
      3251.15  7.72701e-17  2.71970e-17
      3253.90  1.13185e-16  2.72675e-17
      3256.64  1.25851e-17  3.13724e-17
      3259.39  8.82647e-17  2.52385e-17
      3262.14  5.75617e-17  2.38717e-17
      3264.89  8.13673e-17  3.85260e-17
      3267.63  2.44793e-17  2.72525e-17
      3270.38  9.76916e-17  2.41573e-17
      3273.13  8.41068e-17  3.03921e-17
      3275.88  7.63375e-17  2.99931e-17
      3278.62  3.91759e-17  2.33003e-17
      3281.37  7.61032e-17  2.55243e-17
      3284.12  6.04248e-17  2.89254e-17
      3286.87  6.81160e-17  2.99405e-17
      3289.61  7.04277e-17  2.56778e-17
      3292.36  8.60784e-17  2.56259e-17
      3295.11  8.03849e-17  2.63967e-17
      3297.86  6.13430e-17  2.61316e-17
      3300.61  9.27879e-17  2.56533e-17
      3303.35  6.08829e-17  2.45403e-17
      3306.10  4.75990e-17  2.29217e-17
      3308.85  1.10739e-16  2.33111e-17
      3311.60  8.22082e-17  2.36287e-17
      3314.34  8.86708e-17  2.47963e-17
      3317.09  8.62613e-17  2.25593e-17
      3319.84  8.15667e-17  2.32040e-17
      3322.59  7.68722e-17  2.63970e-17
      3325.34  7.21776e-17  3.83184e-17
      3328.08  6.74827e-17  2.45941e-17
      3330.83  1.05982e-16  2.52184e-17
      3333.58  9.44625e-17  2.55476e-17
      3336.33  9.19108e-17  2.42400e-17
      3339.07  8.66137e-17  2.27045e-17
      3341.82  1.35223e-16  2.38330e-17
      3344.57  7.13943e-17  2.40915e-17
      3347.32  7.94329e-17  3.07638e-17
      3350.07  8.74708e-17  3.75713e-16
      3352.81  9.55093e-17  2.17535e-17
      3355.56  9.91162e-17  2.38324e-17
      3358.31  1.00004e-16  4.17717e-17
      3361.06  1.08226e-16  2.53046e-17
      3363.81  1.09315e-16  2.61092e-17
      3366.55  1.50851e-16  2.42305e-17
      3369.30  1.67800e-16  2.32731e-17
      3372.05  1.32731e-16  2.22985e-17
      3374.80  1.49582e-16  2.16811e-17
      3377.55  1.04282e-16  2.27173e-17
      3380.29  1.34349e-16  2.26199e-17
      3383.04  1.11830e-16  2.16919e-17
      3385.79  1.09518e-16  2.32219e-17
      3388.54  1.85697e-16  3.11993e-17
      3391.29  1.87152e-16  1.93524e-16
      3394.03  1.88608e-16  2.18808e-17
      3396.78  1.90064e-16  3.35092e-17
      3399.53  1.80121e-16  3.23571e-17
      3402.28  1.00112e-16  2.29575e-17
      3405.03  1.45937e-16  2.19825e-17
      3407.78  1.49828e-16  2.09871e-17
      3410.52  1.32159e-16  2.39798e-17
      3413.27  1.14489e-16  5.11554e-17
      3416.02  9.68181e-17  2.25423e-17
      3418.77  7.91491e-17  2.82302e-17
      3421.52  6.14784e-17  4.57919e-17
      3424.26  4.38078e-17  2.35155e-17
      3427.01  1.34403e-16  2.12128e-17
      3429.76  9.50788e-17  2.32465e-17
      3432.51  1.08244e-16  2.08801e-17
      3435.26  2.90450e-17  3.68986e-17
      3438.01  1.46910e-16  3.73647e-17
      3440.75  1.27291e-16  2.16232e-17
      3443.50  6.83067e-17  2.13515e-17
      3446.25  1.17070e-16  2.02415e-17
      3449.00  8.26004e-17  2.05536e-17
      3451.75  5.24367e-17  3.91399e-17
      3454.50  9.43455e-17  2.13220e-17
      3457.24  7.81475e-17  1.91491e-17
      3459.99  9.04721e-17  1.92641e-17
      3462.74  8.83193e-17  2.01413e-17
      3465.49  1.13988e-16  1.92678e-17
      3468.24  1.12531e-16  2.05828e-17
      3470.99  8.39725e-17  2.18071e-17
      3473.73  5.10541e-17  1.86974e-17
      3476.48  7.98751e-17  2.02954e-17
      3479.23  8.72565e-17  2.03172e-17
      3481.98  7.09257e-17  1.84961e-17
      3484.73  7.79708e-17  1.83100e-17
      3487.48  8.84639e-17  1.83018e-17
      3490.22  4.54209e-17  1.81082e-17
      3492.97  7.69852e-17  2.19309e-17
      3495.72  7.93110e-17  1.90962e-17
      3498.47  4.09865e-17  2.10143e-17
      3501.22  6.07034e-17  1.91321e-17
      3503.97  7.12961e-17  1.77707e-17
      3506.72  6.46887e-17  2.23915e-17
      3509.46  7.00700e-17  1.73990e-17
      3512.21  8.40405e-17  1.85546e-17
      3514.96  7.17287e-17  1.85129e-17
      3517.71  9.18537e-17  2.12305e-17
      3520.46  6.59788e-17  1.77276e-17
      3523.21  1.15318e-16  1.92319e-17
      3525.96  9.73699e-17  1.83443e-17
      3528.70  1.01461e-16  2.06234e-17
      3531.45  8.40836e-17  2.46089e-17
      3534.20  6.51425e-17  2.65425e-17
      3536.95  4.62031e-17  4.46315e-17
      3539.70  2.72637e-17  2.13348e-17
      3542.45  6.64588e-17  2.07038e-17
      3545.20  1.15859e-16  1.88339e-17
      3547.94  8.30724e-17  2.30680e-17
      3550.69  1.17143e-16  1.79073e-17
      3553.44  1.07663e-16  1.80512e-17
      3556.19  9.09158e-17  2.53726e-17
      3558.94  9.60562e-17  1.73291e-17
      3561.69  1.15300e-16  1.80504e-17
      3564.44  1.44916e-16  2.10519e-17
      3567.18  1.52411e-16  2.16379e-17
      3569.93  1.16581e-16  1.98814e-17
      3572.68  7.52746e-17  1.82083e-17
      3575.43  7.38361e-17  2.09969e-17
      3578.18  1.20728e-16  1.87021e-17
      3580.93  1.27800e-16  1.80105e-17
      3583.68  1.37753e-16  2.01450e-17
      3586.43  8.39200e-17  2.05270e-17
      3589.17  1.02321e-16  1.81915e-17
      3591.92  1.19539e-16  1.83878e-17
      3594.67  1.01522e-16  2.05973e-17
      3597.42  9.01865e-17  1.93569e-17
      3600.17  8.51461e-17  1.66876e-17
      3602.92  1.06604e-16  2.00163e-17
      3605.67  8.03399e-17  2.55396e-17
      3608.42  1.37813e-16  2.19254e-17
      3611.16  1.52584e-16  2.30382e-17
      3613.91  1.05291e-16  2.33779e-17
      3616.66  1.29642e-16  1.98148e-17
      3619.41  1.11362e-16  1.85801e-17
      3622.16  1.11596e-16  1.71993e-17
      3624.91  9.39092e-17  2.10664e-17
      3627.66  5.24931e-17  2.12854e-17
      3630.41  1.30518e-16  1.90950e-17
      3633.15  4.59707e-17  4.61678e-17
      3635.90  9.04682e-17  1.76384e-17
      3638.65  9.24499e-17  1.71808e-17
      3641.40  1.08858e-16  1.67097e-17
      3644.15  8.01449e-17  1.72583e-17
      3646.90  6.10520e-17  1.60410e-17
      3649.65  1.19359e-16  1.63519e-17
      3652.40  1.22985e-16  1.68033e-17
      3655.15  6.87179e-17  2.86810e-17
      3657.89  1.22559e-16  1.68831e-17
      3660.64  1.29737e-16  1.83314e-17
      3663.39  9.78037e-17  1.64958e-17
      3666.14  3.90483e-17  2.24438e-17
      3668.89  1.23314e-16  1.59802e-17
      3671.64  1.02369e-16  1.66359e-17
      3674.39  9.11263e-17  3.45452e-17
      3677.14  5.55322e-17  4.12284e-17
      3679.89  1.51620e-16  1.84294e-17
      3682.63  8.59903e-17  2.26351e-17
      3685.38  1.18922e-16  2.80578e-17
      3688.13  1.12958e-16  1.61121e-17
      3690.88  1.32715e-16  1.57871e-17
      3693.63  1.05931e-16  1.58061e-17
      3696.38  1.42847e-16  1.70930e-17
      3699.13  1.25969e-16  2.75814e-17
      3701.88  1.09090e-16  1.79964e-16
      3704.63  9.22128e-17  2.75913e-17
      3707.37  8.47845e-17  2.28169e-17
      3710.12  9.63864e-17  1.65058e-17
      3712.87  1.17797e-16  1.62947e-17
      3715.62  8.46262e-17  1.56695e-17
      3718.37  1.55812e-16  1.58589e-17
      3721.12  1.46786e-16  1.62237e-17
      3723.87  1.02479e-16  1.57778e-17
      3726.62  1.17154e-16  1.60440e-17
      3729.37  1.48860e-16  1.68655e-17
      3732.12  1.19490e-16  1.62824e-17
      3734.86  1.56041e-16  2.18523e-17
      3737.61  1.74534e-16  1.51336e-17
      3740.36  1.68494e-16  1.66590e-17
      3743.11  1.11356e-16  1.53464e-17
      3745.86  1.38076e-16  1.58447e-17
      3748.61  1.55365e-16  1.55123e-17
      3751.36  1.68335e-16  1.56086e-17
      3754.11  1.92054e-16  2.68582e-17
      3756.86  1.46133e-16  3.13528e-17
      3759.60  1.77022e-16  1.44550e-17
      3762.35  1.06531e-16  2.94195e-17
      3765.10  1.79739e-16  1.54633e-17
      3767.85  1.56586e-16  1.96520e-17
      3770.60  1.79722e-16  1.54929e-17
      3773.35  1.82968e-16  1.53869e-17
      3776.10  1.94203e-16  1.90328e-17
      3778.85  2.05437e-16  1.60673e-17
      3781.60  1.64311e-16  4.05479e-17
      3784.35  1.98837e-16  1.52060e-17
      3787.10  2.01720e-16  1.63285e-17
      3789.84  1.84252e-16  2.23499e-17
      3792.59  1.87310e-16  1.59387e-17
      3795.34  1.90369e-16  2.03726e-17
      3798.09  1.99626e-16  1.39262e-17
      3800.84  2.03735e-16  1.39026e-17
      3803.59  2.37148e-16  1.62682e-17
      3806.34  2.30769e-16  1.47306e-17
      3809.09  2.22994e-16  1.51377e-17
      3811.84  2.28764e-16  1.59263e-17
      3814.59  2.36710e-16  1.43226e-17
      3817.33  2.16439e-16  1.45229e-17
      3820.08  2.20568e-16  1.45527e-17
      3822.83  2.09931e-16  1.42465e-17
      3825.58  1.92037e-16  1.43299e-17
      3828.33  2.15379e-16  1.42538e-17
      3831.08  2.19792e-16  1.44066e-17
      3833.83  2.38819e-16  1.44853e-17
      3836.58  2.11118e-16  1.33972e-17
      3839.33  2.01668e-16  1.37595e-17
      3842.08  2.10530e-16  1.33686e-17
      3844.82  2.02149e-16  1.33877e-17
      3847.57  1.97859e-16  1.54740e-17
      3850.32  2.04499e-16  1.31557e-17
      3853.07  2.38362e-16  2.03101e-17
      3855.82  1.88127e-16  1.29106e-17
      3858.57  2.19007e-16  1.34810e-17
      3861.32  1.94487e-16  1.64669e-17
      3864.07  2.08961e-16  1.38825e-17
      3866.82  1.83509e-16  1.40930e-17
      3869.57  1.68003e-16  1.31783e-17
      3872.32  3.00692e-16  3.60915e-17
      3875.06  1.96285e-16  1.25441e-17
      3877.81  2.19431e-16  1.27716e-17
      3880.56  1.80570e-16  2.34322e-17
      3883.31  2.46699e-16  1.29514e-17
      3886.06  2.51385e-16  1.36600e-17
      3888.81  2.27845e-16  1.28823e-17
      3891.56  2.44326e-16  1.28664e-17
      3894.31  2.23122e-16  1.28043e-17
      3897.06  2.48075e-16  1.28259e-17
      3899.81  2.39663e-16  1.42613e-17
      3902.55  2.67880e-16  1.29639e-17
      3905.30  2.35871e-16  1.23420e-17
      3908.05  2.36112e-16  1.24050e-17
      3910.80  2.51909e-16  1.73409e-17
      3913.55  2.44967e-16  1.26078e-17
      3916.30  2.31207e-16  1.31742e-17
      3919.05  1.44514e-16  2.68281e-17
      3921.80  2.13963e-16  1.28320e-17
      3924.55  2.05852e-16  1.29055e-17
      3927.30  1.88761e-16  1.17292e-17
      3930.04  1.95668e-16  1.41925e-17
      3932.79  2.02773e-16  1.17632e-17
      3935.54  1.60728e-16  1.13733e-17
      3938.29  1.79014e-16  1.19192e-17
      3941.04  1.60179e-16  1.12560e-17
      3943.79  1.60124e-16  1.11092e-17
      3946.54  1.70295e-16  1.10043e-17
      3949.29  1.72404e-16  1.14181e-17
      3952.04  1.60295e-16  1.77010e-17
      3954.79  1.62110e-16  1.19963e-17
      3957.53  1.58118e-16  1.22337e-17
      3960.28  1.68443e-16  1.10025e-17
      3963.03  1.51863e-16  1.12149e-17
      3965.78  1.61950e-16  1.08459e-17
      3968.53  1.52283e-16  1.17719e-17
      3971.28  1.67692e-16  1.35700e-17
      3974.03  1.39504e-16  1.32216e-17
      3976.78  1.56481e-16  2.28818e-17
      3979.53  1.54287e-16  1.37195e-17
      3982.28  1.80260e-16  1.08290e-17
      3985.02  1.63988e-16  2.53413e-17
      3987.77  1.68406e-16  1.10796e-17
      3990.52  1.64789e-16  1.06335e-17
      3993.27  1.58226e-16  1.49121e-17
      3996.02  1.47990e-16  1.06735e-17
      3998.77  1.76049e-16  1.35514e-17
      4001.52  1.85814e-16  1.13116e-17
      4004.27  1.74594e-16  1.12274e-17
      4007.02  1.91606e-16  1.19398e-17
      4009.77  1.70448e-16  1.13396e-17
      4012.51  1.57216e-16  1.70490e-17
      4015.26  1.75390e-16  1.18877e-17
      4018.01  1.58579e-16  1.15043e-17
      4020.76  1.50641e-16  1.15909e-17
      4023.51  1.33667e-16  9.66232e-18
      4026.26  1.64796e-16  1.09391e-17
      4029.01  1.86892e-16  3.94923e-17
      4031.76  1.58740e-16  9.91932e-18
      4034.51  1.40311e-16  1.00653e-17
      4037.25  1.60798e-16  1.03774e-17
      4040.00  1.46910e-16  1.22932e-17
      4042.75  1.44624e-16  1.03584e-17
      4045.50  1.56625e-16  1.48125e-17
      4048.25  1.40985e-16  1.25006e-17
      4051.00  8.39619e-17  2.74931e-17
      4053.75  1.29216e-16  1.61780e-17
      4056.50  1.39616e-16  1.01608e-17
      4059.25  1.42548e-16  1.76869e-17
      4061.99  1.15906e-16  1.00733e-17
      4064.74  1.03713e-16  1.04358e-17
      4067.49  1.61542e-16  1.12577e-17
      4070.24  1.35759e-16  1.09519e-17
      4072.99  1.41751e-16  1.09328e-17
      4075.74  1.40831e-16  1.00317e-17
      4078.49  1.65218e-16  9.63508e-18
      4081.24  1.52545e-16  1.00571e-17
      4083.99  1.38706e-16  1.10235e-17
      4086.73  1.97238e-16  1.93855e-17
      4089.48  1.82549e-16  9.84244e-18
      4092.23  1.67949e-16  9.87838e-18
      4094.98  1.48123e-16  1.46310e-17
      4097.73  1.53108e-16  1.97563e-17
      4100.48  1.74491e-16  9.99200e-18
      4103.23  1.90582e-16  1.02612e-17
      4105.98  2.16935e-16  1.09633e-17
      4108.72  2.09411e-16  1.03684e-17
      4111.47  1.91939e-16  1.00068e-17
      4114.22  2.01762e-16  1.02381e-17
      4116.97  2.30868e-16  1.21501e-17
      4119.72  2.38899e-16  1.46198e-17
      4122.47  2.22397e-16  1.21286e-17
      4125.22  2.43473e-16  1.57138e-17
      4127.97  2.32455e-16  1.04725e-17
      4130.71  2.42308e-16  1.08751e-17
      4133.46  2.43336e-16  1.04123e-17
      4136.21  2.57767e-16  1.19947e-17
      4138.96  2.65793e-16  1.39939e-17
      4141.71  2.72349e-16  1.08938e-17
      4144.46  2.95556e-16  1.16331e-17
      4147.21  2.77274e-16  1.12457e-17
      4149.96  2.77129e-16  1.46042e-17
      4152.70  3.14041e-16  1.14696e-17
      4155.45  2.50773e-16  1.18434e-17
      4158.20  3.27986e-16  1.10921e-17
      4160.95  3.14685e-16  1.22784e-17
      4163.70  3.20643e-16  1.33105e-17
      4166.45  3.43046e-16  1.13744e-17
      4169.20  3.12542e-16  1.27470e-17
      4171.94  3.14711e-16  1.09890e-17
      4174.69  3.35777e-16  1.21284e-17
      4177.44  3.26175e-16  1.20181e-17
      4180.19  3.31519e-16  1.59033e-17
      4182.94  3.49217e-16  1.14867e-17
      4185.69  3.67700e-16  1.22363e-17
      4188.44  3.24213e-16  1.10528e-17
      4191.18  3.62994e-16  1.23277e-17
      4193.93  3.41585e-16  1.17587e-17
      4196.68  3.47979e-16  1.19430e-17
      4199.43  3.42893e-16  1.36893e-17
      4202.18  3.45546e-16  1.14509e-17
      4204.93  3.29737e-16  1.16889e-17
      4207.68  3.18364e-16  1.31052e-17
      4210.42  3.18513e-16  1.21905e-17
      4213.17  3.20851e-16  2.05468e-17
      4215.92  3.10667e-16  1.40120e-17
      4218.67  3.01119e-16  1.13326e-17
      4221.42  3.13300e-16  1.36100e-17
      4224.17  3.14524e-16  1.26038e-17
      4226.92  2.60708e-16  1.13976e-17
      4229.66  2.91971e-16  1.04050e-17
      4232.41  2.98073e-16  1.14817e-17
      4235.16  2.66417e-16  1.08774e-17
      4237.91  2.90310e-16  1.08116e-17
      4240.66  2.87429e-16  1.06387e-17
      4243.41  2.68752e-16  1.06825e-17
      4246.15  2.50115e-16  1.47993e-17
      4248.90  2.66063e-16  1.03521e-17
      4251.65  2.49909e-16  1.01895e-17
      4254.40  2.63070e-16  1.05628e-17
      4257.15  2.33082e-16  9.84892e-18
      4259.90  2.48031e-16  1.04702e-17
      4262.64  2.22904e-16  9.60051e-18
      4265.39  2.16914e-16  1.67916e-17
      4268.14  2.22043e-16  9.76712e-18
      4270.89  2.32713e-16  9.71828e-18
      4273.64  2.42385e-16  1.10856e-17
      4276.39  2.36688e-16  9.82624e-18
      4279.13  2.20359e-16  9.51549e-18
      4281.88  2.24701e-16  9.83829e-18
      4284.63  2.29646e-16  1.00312e-17
      4287.38  2.25980e-16  9.54888e-18
      4290.13  2.58069e-16  1.00581e-17
      4292.88  2.47372e-16  1.04375e-17
      4295.62  2.35541e-16  1.03085e-17
      4298.37  2.49236e-16  1.01904e-17
      4301.12  2.69038e-16  1.03228e-17
      4303.87  2.64495e-16  9.90663e-18
      4306.62  2.67459e-16  9.92911e-18
      4309.37  2.98643e-16  1.03594e-17
      4312.11  2.89094e-16  1.06831e-17
      4314.86  2.64109e-16  1.16624e-17
      4317.61  2.68104e-16  1.17985e-17
      4320.36  3.45797e-16  2.93746e-17
      4323.11  3.14318e-16  1.04579e-17
      4325.85  2.96740e-16  1.06722e-17
      4328.60  2.96858e-16  1.04633e-17
      4331.35  2.73027e-16  9.96995e-18
      4334.10  2.83819e-16  1.12848e-17
      4336.85  3.13712e-16  1.14227e-17
      4339.59  3.35371e-16  1.54578e-17
      4342.34  3.09943e-16  1.15498e-17
      4345.09  3.22477e-16  1.02416e-17
      4347.84  3.31870e-16  1.04505e-17
      4350.59  3.25910e-16  1.03217e-17
      4353.33  3.36847e-16  1.03786e-17
      4356.08  3.21245e-16  1.04502e-17
      4358.83  3.40046e-16  1.10453e-17
      4361.58  3.47098e-16  1.13561e-17
      4364.33  3.23534e-16  1.15911e-17
      4367.07  3.36322e-16  1.03894e-17
      4369.82  3.27897e-16  1.10231e-17
      4372.57  3.04754e-16  1.30883e-17
      4375.32  3.24934e-16  1.14617e-17
      4378.07  2.94411e-16  1.16945e-17
      4380.81  3.22269e-16  1.05439e-17
      4383.56  3.23858e-16  1.03934e-17
      4386.31  3.14105e-16  1.01476e-17
      4389.06  3.37505e-16  1.04910e-17
      4391.81  3.20397e-16  1.03381e-17
      4394.55  3.24918e-16  1.08028e-17
      4397.30  3.13013e-16  1.00337e-17
      4400.05  2.93090e-16  1.04730e-17
      4402.80  3.28046e-16  1.09890e-17
      4405.54  2.96278e-16  1.01467e-17
      4408.29  3.03237e-16  1.06159e-17
      4411.04  3.21997e-16  1.02800e-17
      4413.79  2.84931e-16  1.04741e-17
      4416.54  3.00963e-16  9.92155e-18
      4419.28  3.26971e-16  1.05837e-17
      4422.03  2.88463e-16  1.10109e-17
      4424.78  2.77686e-16  1.06001e-17
      4427.53  3.22178e-16  1.18118e-17
      4430.27  2.98312e-16  1.18219e-17
      4433.02  2.95698e-16  1.17678e-17
      4435.77  3.09233e-16  1.24101e-17
      4438.52  2.89304e-16  9.78528e-18
      4441.26  3.00018e-16  9.86838e-18
      4444.01  3.04180e-16  1.02222e-17
      4446.76  3.01226e-16  1.00981e-17
      4449.51  2.93574e-16  9.69807e-18
      4452.25  2.92301e-16  1.01530e-17
      4455.00  2.99858e-16  1.03601e-17
      4457.75  3.08384e-16  1.14749e-17
      4460.50  3.32521e-16  1.06576e-17
      4463.24  3.15718e-16  9.94117e-18
      4465.99  2.98927e-16  9.78395e-18
      4468.74  2.92689e-16  9.76113e-18
      4471.49  3.13268e-16  1.20823e-17
      4474.23  3.02531e-16  9.77587e-18
      4476.98  3.10923e-16  9.64792e-18
      4479.73  2.76547e-16  1.03881e-17
      4482.48  2.92051e-16  9.77310e-18
      4485.22  2.81833e-16  1.06136e-17
      4487.97  3.02202e-16  1.00294e-17
      4490.72  3.01823e-16  9.77785e-18
      4493.47  2.92062e-16  9.65017e-18
      4496.21  2.80679e-16  9.73876e-18
      4498.96  2.75574e-16  9.95223e-18
      4501.71  2.86773e-16  1.01458e-17
      4504.46  2.68497e-16  1.21369e-17
      4507.20  2.83474e-16  1.17215e-17
      4509.95  2.69496e-16  9.38545e-18
      4512.70  2.76527e-16  9.81448e-18
      4515.44  2.56824e-16  9.57034e-18
      4518.19  2.68944e-16  9.70821e-18
      4520.94  2.34422e-16  1.29254e-17
      4523.69  2.62469e-16  1.08010e-17
      4526.43  2.65480e-16  9.19174e-18
      4529.18  2.55436e-16  9.26462e-18
      4531.93  3.00543e-16  9.54791e-18
      4534.67  2.63120e-16  9.24018e-18
      4537.42  2.35925e-16  9.77952e-18
      4540.17  2.46066e-16  1.74030e-17
      4542.92  2.44048e-16  1.17322e-17
      4545.66  2.42554e-16  9.10702e-18
      4548.41  2.58130e-16  9.85594e-18
      4551.16  2.59151e-16  9.40415e-18
      4553.90  2.19833e-16  1.02317e-17
      4556.65  2.14890e-16  1.33042e-17
      4559.40  1.99170e-16  1.08399e-17
      4562.15  2.38928e-16  8.77346e-18
      4564.89  2.16774e-16  8.79594e-18
      4567.64  1.85729e-16  8.46437e-18
      4570.39  2.01641e-16  8.91793e-18
      4573.13  2.17327e-16  9.49363e-18
      4575.88  1.73693e-16  8.60220e-18
      4578.63  2.17414e-16  9.87635e-18
      4581.37  2.00993e-16  9.82120e-18
      4584.12  1.90144e-16  8.39814e-18
      4586.87  1.68453e-16  8.05532e-18
      4589.61  1.90873e-16  8.46712e-18
      4592.36  1.88206e-16  8.29561e-18
      4595.11  1.92037e-16  8.41455e-18
      4597.85  1.74970e-16  8.26186e-18
      4600.60  2.04902e-16  8.79614e-18
      4603.35  1.77707e-16  8.68316e-18
      4606.09  1.82325e-16  8.62256e-18
      4608.84  1.80022e-16  8.73004e-18
      4611.59  1.95942e-16  8.68145e-18
      4614.33  1.87512e-16  8.58876e-18
      4617.08  1.83827e-16  8.23309e-18
      4619.83  1.98593e-16  9.62861e-18
      4622.57  1.95196e-16  1.00181e-17
      4625.32  1.86432e-16  8.84822e-18
      4628.07  2.02222e-16  9.21719e-18
      4630.81  2.15399e-16  9.52843e-18
      4633.56  2.10101e-16  8.56970e-18
      4636.31  1.97506e-16  8.89717e-18
      4639.05  2.07080e-16  9.29923e-18
      4641.80  2.00737e-16  8.51233e-18
      4644.55  1.89537e-16  8.42178e-18
      4647.29  1.84456e-16  8.12166e-18
      4650.04  2.03477e-16  8.70848e-18
      4652.78  1.94738e-16  8.76580e-18
      4655.53  2.03449e-16  8.81867e-18
      4658.28  2.12024e-16  8.53078e-18
      4661.02  1.88373e-16  8.82718e-18
      4663.77  1.88165e-16  9.04582e-18
      4666.52  2.48906e-16  3.16430e-17
      4669.26  1.94744e-16  8.92624e-18
      4672.01  1.99151e-16  8.72540e-18
      4674.75  1.86433e-16  8.44775e-18
      4677.50  1.91632e-16  8.29915e-18
      4680.25  2.03152e-16  8.68175e-18
      4682.99  1.81263e-16  9.24350e-18
      4685.74  1.79230e-16  8.17715e-18
      4688.49  1.75604e-16  1.06682e-17
      4691.23  1.90104e-16  9.31913e-18
      4693.98  1.63809e-16  8.04779e-18
      4696.72  1.94404e-16  8.29524e-18
      4699.47  2.00499e-16  8.71609e-18
      4702.22  1.88591e-16  8.88151e-18
      4704.96  2.06891e-16  8.56772e-18
      4707.71  1.91106e-16  8.44860e-18
      4710.45  1.97284e-16  8.58300e-18
      4713.20  2.00382e-16  8.82327e-18
      4715.95  1.97635e-16  8.81006e-18
      4718.69  2.05794e-16  9.36369e-18
      4721.44  2.07830e-16  1.08055e-17
      4724.18  1.89805e-16  1.25330e-17
      4726.93  2.28934e-16  1.31893e-17
      4729.68  2.19848e-16  1.03036e-17
      4732.42  2.16216e-16  9.99275e-18
      4735.17  2.32560e-16  1.16160e-17
      4737.91  2.14186e-16  9.70013e-18
      4740.66  2.01711e-16  1.04073e-17
      4743.40  2.20423e-16  9.96236e-18
      4746.15  2.13627e-16  9.68715e-18
      4748.90  1.88836e-16  1.09817e-17
      4751.64  2.43770e-16  9.75948e-18
      4754.39  2.24658e-16  1.02216e-17
      4757.13  2.30628e-16  1.00173e-17
      4759.88  2.14329e-16  9.67181e-18
      4762.62  2.28020e-16  9.55395e-18
      4765.37  2.48096e-16  1.01036e-17
      4768.11  2.17257e-16  1.16915e-17
      4770.86  1.89544e-16  9.84795e-18
      4773.61  2.37492e-16  9.08176e-18
      4776.35  2.24209e-16  1.02875e-17
      4779.10  2.09733e-16  1.71671e-17
      4781.84  2.19784e-16  9.45854e-18
      4784.59  2.44439e-16  9.50822e-18
      4787.33  2.54414e-16  9.10393e-18
      4790.08  2.36129e-16  8.77903e-18
      4792.82  2.34768e-16  9.08381e-18
      4795.57  2.47838e-16  1.05733e-17
      4798.31  2.45243e-16  9.01163e-18
      4801.06  2.56175e-16  9.05699e-18
      4803.81  2.60877e-16  9.12366e-18
      4806.55  2.69668e-16  9.22680e-18
      4809.30  2.78851e-16  1.43939e-17
      4812.04  2.50996e-16  8.99376e-18
      4814.79  2.68109e-16  9.61142e-18
      4817.53  2.71089e-16  1.12274e-17
      4820.28  2.36691e-16  1.01619e-17
      4823.02  2.72108e-16  1.14874e-17
      4825.77  2.22234e-16  1.13959e-17
      4828.51  2.82191e-16  9.20625e-18
      4831.26  2.75503e-16  9.32073e-18
      4834.00  2.77448e-16  9.17731e-18
      4836.75  2.74238e-16  9.18197e-18
      4839.49  2.77728e-16  9.20411e-18
      4842.24  2.64143e-16  1.23089e-17
      4844.98  2.51196e-16  1.02589e-17
      4847.73  2.59071e-16  1.00856e-17
      4850.47  2.74122e-16  1.01571e-17
      4853.22  2.80544e-16  9.66333e-18
      4855.96  2.52497e-16  9.47253e-18
      4858.71  2.69542e-16  9.37225e-18
      4861.45  2.59128e-16  1.48085e-17
      4864.20  2.66143e-16  1.03354e-17
      4866.94  2.72681e-16  9.58263e-18
      4869.68  2.48528e-16  9.11831e-18
      4872.43  2.67152e-16  9.38563e-18
      4875.17  2.67624e-16  9.96418e-18
      4877.92  2.59221e-16  9.74176e-18
      4880.66  2.49161e-16  9.19407e-18
      4883.41  2.65546e-16  9.03361e-18
      4886.15  2.50756e-16  8.84490e-18
      4888.90  2.46459e-16  8.65163e-18
      4891.64  2.54352e-16  8.94240e-18
      4894.39  2.29823e-16  9.27711e-18
      4897.13  2.53698e-16  9.81757e-18
      4899.88  2.42515e-16  9.00460e-18
      4902.62  2.68291e-16  1.60086e-17
      4905.36  2.56678e-16  8.83010e-18
      4908.11  2.59981e-16  8.97728e-18
      4910.85  2.44175e-16  8.90642e-18
      4913.60  2.73187e-16  8.93169e-18
      4916.34  2.40149e-16  8.97275e-18
      4919.09  2.72404e-16  9.52191e-18
      4921.83  2.39266e-16  9.48550e-18
      4924.57  2.37857e-16  9.01479e-18
      4927.32  2.46153e-16  9.16091e-18
      4930.06  2.58673e-16  9.28981e-18
      4932.81  2.55394e-16  8.70392e-18
      4935.55  2.42474e-16  8.84135e-18
      4938.29  2.60482e-16  9.16722e-18
      4941.04  2.77081e-16  2.45817e-17
      4943.78  2.41897e-16  8.60051e-18
      4946.53  2.33478e-16  8.68696e-18
      4949.27  2.44799e-16  8.74181e-18
      4952.01  2.50952e-16  9.04173e-18
      4954.76  2.24809e-16  1.13149e-17
      4957.50  2.35191e-16  8.42706e-18
      4960.25  2.27350e-16  8.66287e-18
      4962.99  2.09317e-16  8.32139e-18
      4965.73  1.93804e-16  9.28280e-18
      4968.48  2.01969e-16  1.25074e-17
      4971.22  2.03866e-16  8.24941e-18
      4973.97  1.94293e-16  8.09078e-18
      4976.71  1.72799e-16  9.23891e-18
      4979.45  1.98937e-16  8.18716e-18
      4982.20  2.07658e-16  9.57925e-18
      4984.94  1.98075e-16  8.56592e-18
      4987.68  1.95679e-16  8.65676e-18
      4990.43  2.11319e-16  9.40422e-18
      4993.17  1.81652e-16  9.39052e-18
      4995.92  1.68400e-16  1.04008e-17
      4998.66  1.96156e-16  8.04157e-18
      5001.40  2.06594e-16  8.16594e-18
      5004.15  1.95717e-16  8.28313e-18
      5006.89  1.75753e-16  8.28723e-18
      5009.63  1.84104e-16  8.22204e-18
      5012.38  2.03654e-16  8.42849e-18
      5015.12  1.88877e-16  8.19299e-18
      5017.86  1.99085e-16  8.00736e-18
      5020.61  2.10156e-16  8.62173e-18
      5023.35  1.96822e-16  8.01685e-18
      5026.09  1.94354e-16  7.95181e-18
      5028.84  2.05705e-16  8.77287e-18
      5031.58  1.93019e-16  8.01260e-18
      5034.32  1.75929e-16  7.99321e-18
      5037.07  1.78143e-16  8.75179e-18
      5039.81  1.94079e-16  8.45144e-18
      5042.55  1.42714e-16  9.46810e-18
      5045.29  1.47358e-16  9.23835e-18
      5048.04  1.66838e-16  1.08458e-17
      5050.78  1.87947e-16  8.81623e-18
      5053.52  1.97295e-16  8.81571e-18
      5056.27  1.80979e-16  9.36471e-18
      5059.01  1.90170e-16  7.98702e-18
      5061.75  1.45551e-16  7.50030e-18
      5064.50  1.74288e-16  7.72955e-18
      5067.24  1.68398e-16  1.59076e-17
      5069.98  1.70353e-16  8.83843e-18
      5072.72  1.78363e-16  7.64721e-18
      5075.47  1.94036e-16  8.11577e-18
      5078.21  1.76600e-16  9.01415e-18
      5080.95  1.74006e-16  9.11728e-18
      5083.69  1.84367e-16  1.12487e-17
      5086.44  2.00586e-16  1.01324e-17
      5089.18  1.53167e-16  1.60100e-17
      5091.92  1.54142e-16  7.71984e-18
      5094.67  1.91922e-16  7.78632e-18
      5097.41  1.57817e-16  7.63434e-18
      5100.15  1.61095e-16  7.65885e-18
      5102.89  1.56582e-16  8.64211e-18
      5105.64  1.53062e-16  1.69581e-17
      5108.38  1.79262e-16  7.67502e-18
      5111.12  1.67327e-16  7.34078e-18
      5113.86  1.70744e-16  8.32104e-18
      5116.60  1.68928e-16  7.66890e-18
      5119.35  1.60032e-16  8.65900e-18
      5122.09  1.43181e-16  7.40764e-18
      5124.83  1.51075e-16  7.29702e-18
      5127.57  1.62939e-16  7.68197e-18
      5130.32  1.61285e-16  7.91718e-18
      5133.06  1.33952e-16  7.88945e-18
      5135.80  1.60141e-16  7.88761e-18
      5138.54  1.64261e-16  7.33802e-18
      5141.28  1.58486e-16  7.57699e-18
      5144.03  1.50817e-16  7.66019e-18
      5146.77  1.59018e-16  7.36917e-18
      5149.51  1.38079e-16  7.10848e-18
      5152.25  1.43616e-16  7.81919e-18
      5154.99  1.40885e-16  1.34905e-17
      5157.74  1.13449e-16  8.09904e-18
      5160.48  1.39428e-16  7.56286e-18
      5163.22  1.32252e-16  7.10327e-18
      5165.96  1.29247e-16  9.40490e-18
      5168.70  1.36948e-16  7.71940e-18
      5171.45  1.24198e-16  7.49351e-18
      5174.19  1.26256e-16  7.50059e-18
      5176.93  1.03367e-16  9.63398e-18
      5179.67  1.12802e-16  6.92468e-18
      5182.41  6.60111e-17  2.37328e-17
      5185.15  1.29371e-16  6.87932e-18
      5187.90  1.21418e-16  8.22903e-18
      5190.64  1.29913e-16  7.02879e-18
      5193.38  1.29237e-16  7.22731e-18
      5196.12  1.19404e-16  1.17316e-17
      5198.86  1.10358e-16  7.01833e-18
      5201.60  1.24127e-16  7.19280e-18
      5204.34  1.15307e-16  7.00054e-18
      5207.08  1.34872e-16  7.72767e-18
      5209.83  1.36855e-16  7.32897e-18
      5212.57  1.26643e-16  7.21662e-18
      5215.31  1.26143e-16  7.42950e-18
      5218.05  1.38817e-16  7.20456e-18
      5220.79  1.31431e-16  7.61420e-18
      5223.53  1.36532e-16  7.68121e-18
      5226.27  1.27965e-16  9.09117e-18
      5229.01  1.31141e-16  7.14386e-18
      5231.76  1.47623e-16  7.70326e-18
      5234.50  1.35342e-16  7.02607e-18
      5237.24  1.53466e-16  7.48781e-18
      5239.98  1.47796e-16  8.08089e-18
      5242.72  1.74391e-16  8.43684e-18
      5245.46  1.62721e-16  7.94137e-18
      5248.20  1.73236e-16  7.89546e-18
      5250.94  1.64351e-16  7.85690e-18
      5253.68  1.60349e-16  7.50162e-18
      5256.42  1.61189e-16  8.03505e-18
      5259.16  1.83363e-16  9.76262e-18
      5261.91  1.74692e-16  7.57237e-18
      5264.65  1.64717e-16  7.50012e-18
      5267.39  1.60254e-16  8.29902e-18
      5270.13  1.90893e-16  7.83626e-18
      5272.87  1.61062e-16  8.26278e-18
      5275.61  1.51239e-16  9.38023e-18
      5278.35  1.67671e-16  9.70214e-18
      5281.09  1.51453e-16  7.75207e-18
      5283.83  1.57082e-16  7.89691e-18
      5286.57  1.41079e-16  7.26832e-18
      5289.31  1.69364e-16  7.92074e-18
      5292.05  1.52544e-16  7.50663e-18
      5294.79  1.50165e-16  7.51067e-18
      5297.53  1.63178e-16  7.78033e-18
      5300.27  1.66503e-16  7.88662e-18
      5303.01  1.47100e-16  7.71636e-18
      5305.75  1.54790e-16  7.84372e-18
      5308.49  1.46773e-16  7.64483e-18
      5311.23  1.58858e-16  7.46317e-18
      5313.97  1.45953e-16  7.65255e-18
      5316.71  1.50619e-16  9.10215e-18
      5319.45  1.58902e-16  8.63705e-18
      5322.19  1.33457e-16  9.14395e-18
      5324.93  1.38785e-16  7.40559e-18
      5327.67  1.47650e-16  7.43462e-18
      5330.41  1.71922e-16  7.84775e-18
      5333.15  1.37237e-16  7.31015e-18
      5335.89  1.78173e-16  1.12333e-17
      5338.63  1.59822e-16  9.23119e-18
      5341.37  1.51190e-16  7.79194e-18
      5344.11  1.21571e-16  7.40604e-18
      5346.85  1.62111e-16  7.63254e-18
      5349.59  1.52415e-16  1.60509e-17
      5352.33  1.46735e-16  7.65451e-18
      5355.07  1.46780e-16  8.14162e-18
      5357.81  1.68835e-16  8.98516e-18
      5360.55  1.48501e-16  7.63477e-18
      5363.29  1.46233e-16  7.59669e-18
      5366.03  1.39902e-16  7.28436e-18
      5368.77  1.59669e-16  7.89560e-18
      5371.51  1.46336e-16  7.46909e-18
      5374.24  1.45528e-16  7.45873e-18
      5376.98  1.68475e-16  7.80103e-18
      5379.72  1.56598e-16  7.71765e-18
      5382.46  1.43547e-16  7.96320e-18
      5385.20  1.55524e-16  7.40963e-18
      5387.94  1.56820e-16  7.50085e-18
      5390.68  1.52649e-16  7.63027e-18
      5393.42  1.54020e-16  7.50524e-18
      5396.16  1.35558e-16  8.21764e-18
      5398.90  1.63623e-16  9.11536e-18
      5401.64  1.43607e-16  8.09563e-18
      5404.37  1.68173e-16  7.91204e-18
      5407.11  1.62012e-16  8.23173e-18
      5409.85  1.58995e-16  7.56928e-18
      5412.59  1.66825e-16  7.91177e-18
      5415.33  1.69633e-16  7.80780e-18
      5418.07  1.52258e-16  8.90424e-18
      5420.81  1.27774e-16  2.18895e-17
      5423.55  1.83856e-16  8.49865e-18
      5426.28  1.84353e-16  8.65770e-18
      5429.02  1.62756e-16  8.41127e-18
      5431.76  1.66635e-16  8.73493e-18
      5434.50  1.81619e-16  8.17430e-18
      5437.24  1.56564e-16  8.47126e-18
      5439.98  1.69893e-16  7.88896e-18
      5442.72  1.87296e-16  8.30538e-18
      5445.45  1.80074e-16  8.69937e-18
      5448.19  1.70067e-16  8.86281e-18
      5450.93  1.81845e-16  8.64894e-18
      5453.67  2.07904e-16  8.38200e-18
      5456.41  1.97311e-16  8.35376e-18
      5459.15  1.93796e-16  8.76787e-18
      5461.88  1.99811e-16  8.69297e-18
      5464.62  1.89311e-16  8.06306e-18
      5467.36  2.18296e-16  1.03471e-17
      5470.10  1.95804e-16  8.37041e-18
      5472.84  2.02050e-16  8.44563e-18
      5475.57  2.02153e-16  8.25711e-18
      5478.31  1.98447e-16  8.32191e-18
      5481.05  2.00634e-16  5.05422e-17
      5483.79  2.02821e-16  8.81995e-18
      5486.52  2.05008e-16  9.49670e-18
      5489.26  2.19657e-16  1.03731e-17
      5492.00  1.87484e-16  1.16158e-17
      5494.74  1.95916e-16  8.87363e-18
      5497.48  1.86507e-16  9.86043e-18
      5500.21  2.09289e-16  9.14789e-18
      5502.95  2.04903e-16  8.71918e-18
      5505.69  1.91908e-16  8.72770e-18
      5508.43  1.82707e-16  8.13136e-18
      5511.16  1.73856e-16  8.41626e-18
      5513.90  2.01250e-16  8.37043e-18
      5516.64  1.81408e-16  8.06892e-18
      5519.38  1.77037e-16  8.15007e-18
      5522.11  1.57283e-16  1.38785e-17
      5524.85  1.78239e-16  8.10137e-18
      5527.59  1.72159e-16  8.51299e-18
      5530.32  1.86115e-16  8.12176e-18
      5533.06  1.98388e-16  8.37367e-18
      5535.80  1.83951e-16  8.37742e-18
      5538.54  1.78421e-16  9.25067e-18
      5541.27  1.90226e-16  8.69179e-18
      5544.01  1.91164e-16  8.73253e-18
      5546.75  1.73071e-16  7.97239e-18
      5549.48  1.82735e-16  8.88330e-18
      5552.22  2.60518e-16  2.99622e-17
      5554.96  1.83804e-16  7.95955e-18
      5557.69  2.01959e-16  8.40254e-18
      5560.43  2.61162e-16  1.01785e-17
      5563.17  1.66753e-16  8.87536e-18
      5565.90  1.65847e-16  8.98733e-18
      5568.64  1.68706e-16  8.32616e-18
      5571.38  1.86548e-16  8.04734e-18
      5574.11  2.04958e-16  8.95180e-18
      5576.85  1.71352e-16  7.77607e-18
      5579.59  1.89937e-16  8.24870e-18
      5582.32  1.88108e-16  8.20680e-18
      5585.06  1.88864e-16  8.34956e-18
      5587.80  1.75399e-16  9.29620e-18
      5590.53  1.53807e-16  8.16908e-18
      5593.27  1.53177e-16  7.84782e-18
      5596.00  1.31793e-16  1.70322e-17
      5598.74  1.68669e-16  7.95399e-18
      5601.48  1.53582e-16  7.93800e-18
      5604.21  1.36822e-16  1.03783e-17
      5606.95  1.31158e-16  9.80666e-18
      5609.69  1.45737e-16  7.72400e-18
      5612.42  1.22153e-16  7.29461e-18
      5615.16  1.46284e-16  7.92083e-18
      5617.89  1.31193e-16  7.58931e-18
      5620.63  1.19354e-16  7.48704e-18
      5623.36  1.28570e-16  7.99048e-18
      5626.10  1.17038e-16  9.08136e-18
      5628.84  1.43994e-16  8.64471e-18
      5631.57  1.37993e-16  8.67650e-18
      5634.31  9.95939e-17  1.58300e-17
      5637.04  1.26966e-16  7.45777e-18
      5639.78  1.03697e-16  7.76553e-18
      5642.51  1.14288e-16  7.46820e-18
      5645.25  1.13122e-16  9.60373e-18
      5647.99  1.17688e-16  7.44737e-18
      5650.72  1.14885e-16  7.85455e-18
      5653.46  1.10505e-16  7.92035e-18
      5656.19  1.09712e-16  8.34414e-18
      5658.93  1.18279e-16  8.18931e-18
      5661.66  1.07567e-16  8.28936e-18
      5664.40  1.19330e-16  7.54413e-18
      5667.13  1.22015e-16  7.42604e-18
      5669.87  1.05339e-16  7.49523e-18
      5672.60  9.78241e-17  7.69610e-18
      5675.34  1.22582e-16  8.52368e-18
      5678.07  1.27483e-16  8.59128e-18
      5680.81  1.02305e-16  8.35601e-18
      5683.54  1.17038e-16  7.98249e-18
      5686.28  1.46773e-16  1.37432e-17
      5689.01  1.18713e-16  1.12694e-17
      5691.75  1.24452e-16  8.28349e-18
      5694.48  1.27219e-16  7.76809e-18
      5697.22  1.83373e-16  1.15068e-17
