      2888.95 -1.76414e-14  3.73592e-15
      2891.70 -2.20160e-15  1.92531e-15
      2894.44  3.14459e-16  1.62341e-15
      2897.19  2.95981e-16  1.23072e-15
      2899.93 -2.16326e-15  9.63579e-16
      2902.68  7.57045e-16  9.50567e-16
      2905.42  1.02627e-15  7.84696e-16
      2908.17 -4.23235e-16  6.80990e-16
      2910.91  1.48882e-16  1.48135e-15
      2913.66  7.13292e-16  5.92183e-16
      2916.40  4.50987e-16  5.69129e-16
      2919.15 -7.67962e-16  4.54741e-16
      2921.89  5.21167e-16  3.96568e-16
      2924.64  6.01409e-16  3.98786e-16
      2927.38 -3.57747e-16  4.60377e-16
      2930.13  2.15507e-16  2.90279e-16
      2932.87  2.35087e-16  4.28681e-16
      2935.62  2.54667e-16  4.35051e-16
      2938.36  2.74245e-16  1.12899e-15
      2941.11  2.93825e-16  1.75702e-16
      2943.85  3.13405e-16  1.66616e-16
      2946.60  1.19917e-15  1.50589e-16
      2949.34  7.40195e-16  1.39115e-16
      2952.09  4.34545e-16  1.10677e-16
      2954.83  4.41732e-16  1.10035e-16
      2957.58  4.48918e-16  1.03312e-16
      2960.32  4.56105e-16  3.26286e-16
      2963.07  4.63291e-16  9.32831e-17
      2965.81  4.70478e-16  8.32830e-17
      2968.56  4.77665e-16  7.97373e-17
      2971.30  7.00982e-16  7.44652e-17
      2974.05  6.60783e-16  7.39005e-17
      2976.79  3.90690e-16  6.80370e-17
      2979.54  7.00927e-16  6.96507e-17
      2982.28  7.43877e-16  7.27021e-17
      2985.03  7.99040e-16  8.32144e-17
      2987.78  8.54198e-16  1.32197e-16
      2990.52  9.09356e-16  6.99929e-17
      2993.27  9.64519e-16  7.65833e-17
      2996.01  1.13206e-15  7.59111e-17
      2998.76  6.76936e-16  6.96461e-17
      3001.50  9.52029e-16  7.01058e-17
      3004.25  8.23783e-16  6.98106e-17
      3006.99  9.47773e-16  1.90522e-16
      3009.74  7.56392e-16  6.25680e-17
      3012.49  8.90597e-16  6.71874e-17
      3015.23  7.96788e-16  6.37422e-17
      3017.98  6.16491e-16  2.24464e-16
      3020.72  9.26220e-16  6.10663e-17
      3023.47  1.07095e-15  6.09487e-17
      3026.21  8.86984e-16  5.95734e-17
      3028.96  9.23094e-16  5.91782e-17
      3031.71  9.82271e-16  5.87376e-17
      3034.45  8.82319e-16  5.81776e-17
      3037.20  1.11900e-15  6.20265e-17
      3039.94  9.96482e-16  9.23582e-17
      3042.69  1.01004e-15  6.07984e-17
      3045.43  9.42345e-16  5.52151e-17
      3048.18  9.05053e-16  5.24600e-17
      3050.93  7.85603e-16  5.75880e-17
      3053.67  8.76476e-16  5.43584e-17
      3056.42  9.10391e-16  5.22587e-17
      3059.16  9.58890e-16  6.17512e-17
      3061.91  9.32528e-16  5.07608e-17
      3064.66  8.95612e-16  4.98080e-17
      3067.40  7.91112e-16  4.89473e-17
      3070.15  8.17904e-16  4.71566e-17
      3072.89  6.52110e-16  4.65914e-17
      3075.64  7.21392e-16  4.45616e-17
      3078.39  7.88462e-16  4.89719e-17
      3081.13  7.41878e-16  5.23231e-17
      3083.88  6.23565e-16  6.59766e-17
      3086.62  6.77705e-16  4.34220e-17
      3089.37  6.95242e-16  5.50974e-17
      3092.12  7.85506e-16  4.69623e-17
      3094.86  6.05993e-16  6.13642e-17
      3097.61  7.03494e-16  5.26869e-17
      3100.36  7.52806e-16  4.68580e-17
      3103.10  7.76969e-16  4.35755e-17
      3105.85  6.91396e-16  4.83285e-17
      3108.59  7.39644e-16  4.48222e-17
      3111.34  7.77344e-16  4.48138e-17
      3114.09  7.07989e-16  4.42507e-17
      3116.83  7.92561e-16  8.60626e-17
      3119.58  7.26022e-16  4.27887e-17
      3122.33  7.81077e-16  4.20366e-17
      3125.07  7.38794e-16  4.18516e-17
      3127.82  6.68450e-16  4.38566e-17
      3130.56  6.64273e-16  4.43595e-17
      3133.31  7.47680e-16  4.11343e-17
      3136.06  6.19598e-16  4.53192e-17
      3138.80  7.06188e-16  4.41774e-17
      3141.55  9.29393e-16  2.35385e-16
      3144.30  8.61385e-16  1.26333e-16
      3147.04  7.65385e-16  4.44685e-17
      3149.79  7.39780e-16  4.73722e-17
      3152.54  6.50713e-16  4.08297e-17
      3155.28  4.87789e-16  4.56317e-17
      3158.03  7.90585e-16  4.38155e-17
      3160.78  8.24184e-16  4.98148e-17
      3163.52  5.62126e-16  6.90881e-17
      3166.27  6.32209e-16  3.67070e-17
      3169.02  7.20432e-16  4.16516e-17
      3171.76  6.75951e-16  4.04452e-17
      3174.51  6.01363e-16  4.18138e-17
      3177.26  7.69180e-16  4.06402e-17
      3180.00  6.43310e-16  5.10819e-17
      3182.75  7.25945e-16  4.18314e-17
      3185.50  6.93181e-16  3.96849e-17
      3188.24  7.81169e-16  5.95265e-17
      3190.99  7.42921e-16  3.78165e-17
      3193.74  7.04223e-16  3.58589e-17
      3196.48  8.21350e-16  3.87603e-17
      3199.23  8.55622e-16  3.87617e-17
      3201.98  8.56690e-16  3.78410e-17
      3204.72  8.23637e-16  3.67631e-17
      3207.47  8.35013e-16  4.55554e-17
      3210.22  8.40005e-16  3.90767e-17
      3212.96  9.40222e-16  3.78299e-17
      3215.71  9.12958e-16  4.12137e-17
      3218.46  1.00675e-15  3.82883e-17
      3221.21  1.06334e-15  4.13906e-17
      3223.95  8.73857e-16  4.08323e-17
      3226.70  9.52294e-16  4.60802e-17
      3229.45  9.66986e-16  3.71979e-17
      3232.19  9.62990e-16  3.63594e-17
      3234.94  8.75197e-16  3.61482e-17
      3237.69  9.53521e-16  3.69608e-17
      3240.43  1.05202e-15  6.36411e-17
      3243.18  1.04844e-15  3.98094e-17
      3245.93  1.02765e-15  4.02318e-17
      3248.68  9.73549e-16  3.93645e-17
      3251.42  9.71182e-16  4.11841e-17
      3254.17  1.04310e-15  3.89772e-17
      3256.92  1.13393e-15  4.36075e-17
      3259.66  9.03270e-16  4.52140e-17
      3262.41  9.64323e-16  3.69206e-17
      3265.16  1.02537e-15  4.68405e-17
      3267.91  1.08642e-15  4.22048e-17
      3270.65  1.14747e-15  3.64661e-17
      3273.40  1.13321e-15  4.19628e-17
      3276.15  1.23969e-15  4.00614e-17
      3278.89  1.17428e-15  3.90223e-17
      3281.64  1.08945e-15  3.81006e-17
      3284.39  1.11348e-15  4.17016e-17
      3287.14  1.11539e-15  4.11056e-17
      3289.88  1.02763e-15  3.73856e-17
      3292.63  9.62975e-16  3.38903e-17
      3295.38  1.09119e-15  3.58254e-17
      3298.13  1.09528e-15  3.61268e-17
      3300.87  9.57197e-16  3.81554e-17
      3303.62  9.62808e-16  3.54149e-17
      3306.37  9.97780e-16  3.61191e-17
      3309.11  8.72665e-16  3.42045e-17
      3311.86  8.82205e-16  3.28736e-17
      3314.61  8.27503e-16  3.43907e-17
      3317.36  8.16097e-16  3.21075e-17
      3320.10  8.68223e-16  3.19500e-17
      3322.85  8.74460e-16  3.22287e-17
      3325.60  8.46525e-16  4.40326e-17
      3328.35  8.56320e-16  3.47578e-17
      3331.09  8.39902e-16  3.27355e-17
      3333.84  7.84702e-16  3.24378e-17
      3336.59  7.65278e-16  3.16125e-17
      3339.34  7.18591e-16  3.04998e-17
      3342.08  7.19780e-16  3.04805e-17
      3344.83  7.20969e-16  3.44371e-17
      3347.58  7.22158e-16  4.02512e-17
      3350.33  7.23347e-16  2.72947e-16
      3353.07  7.24536e-16  3.26188e-17
      3355.82  7.15712e-16  3.00185e-17
      3358.57  7.04194e-16  4.20631e-17
      3361.32  5.79541e-16  2.94827e-17
      3364.07  7.00852e-16  3.13721e-17
      3366.81  6.99779e-16  2.92772e-17
      3369.56  7.55502e-16  2.97305e-17
      3372.31  7.22616e-16  2.97681e-17
      3375.06  6.89460e-16  2.93015e-17
      3377.80  6.95950e-16  2.99907e-17
      3380.55  6.84929e-16  2.83532e-17
      3383.30  7.58373e-16  2.86857e-17
      3386.05  7.23101e-16  2.97758e-17
      3388.79  7.20453e-16  3.69064e-17
      3391.54  7.17804e-16  2.15855e-16
      3394.29  7.15155e-16  2.98424e-17
      3397.04  7.93212e-16  3.77094e-17
      3399.79  6.94777e-16  3.57123e-17
      3402.53  7.40993e-16  2.78406e-17
      3405.28  7.58930e-16  2.75174e-17
      3408.03  7.93024e-16  2.95487e-17
      3410.78  7.61499e-16  3.06608e-17
      3413.52  9.27753e-16  6.03115e-17
      3416.27  8.66516e-16  2.89953e-17
      3419.02  8.34700e-16  3.12844e-17
      3421.77  9.18305e-16  4.95217e-17
      3424.52  9.30439e-16  3.22605e-17
      3427.26  1.00230e-15  3.13229e-17
      3430.01  9.46094e-16  3.23763e-17
      3432.76  9.57425e-16  3.40086e-17
      3435.51  9.34279e-16  4.82452e-17
      3438.26  1.03314e-15  4.11968e-17
      3441.00  9.36832e-16  3.07357e-17
      3443.75  9.56290e-16  2.98677e-17
      3446.50  9.29711e-16  2.95951e-17
      3449.25  8.72133e-16  3.10367e-17
      3451.99  8.27708e-16  4.44832e-17
      3454.74  9.21461e-16  3.19292e-17
      3457.49  9.72022e-16  2.97238e-17
      3460.24  8.23335e-16  2.95986e-17
      3462.99  8.96623e-16  2.99270e-17
      3465.73  9.08746e-16  2.92574e-17
      3468.48  8.20538e-16  2.76314e-17
      3471.23  9.10830e-16  3.01263e-17
      3473.98  9.25497e-16  3.51850e-17
      3476.73  9.13823e-16  3.23172e-17
      3479.48  9.50737e-16  2.96458e-17
      3482.22  9.55244e-16  2.79150e-17
      3484.97  9.06389e-16  3.16412e-17
      3487.72  9.11051e-16  3.17389e-17
      3490.47  1.00032e-15  2.87400e-17
      3493.22  9.92393e-16  3.07664e-17
      3495.96  9.39925e-16  2.79962e-17
      3498.71  9.61606e-16  3.23821e-17
      3501.46  1.04334e-15  2.94165e-17
      3504.21  9.94214e-16  2.80243e-17
      3506.96  1.00982e-15  3.12861e-17
      3509.70  9.82401e-16  2.87856e-17
      3512.45  9.80578e-16  2.95457e-17
      3515.20  9.97313e-16  2.94040e-17
      3517.95  9.95564e-16  2.98238e-17
      3520.70  9.69351e-16  2.90105e-17
      3523.45  1.00186e-15  3.01381e-17
      3526.19  9.51703e-16  2.79543e-17
      3528.94  9.30023e-16  3.01159e-17
      3531.69  1.01026e-15  3.01450e-17
      3534.44  1.01094e-15  2.98890e-17
      3537.19  1.11070e-15  4.23528e-17
      3539.93  9.87801e-16  2.89471e-17
      3542.68  1.10710e-15  2.91026e-17
      3545.43  1.03941e-15  3.02895e-17
      3548.18  9.88097e-16  3.51803e-17
      3550.93  1.11059e-15  2.97626e-17
      3553.68  1.17618e-15  2.91451e-17
      3556.42  1.08495e-15  3.69785e-17
      3559.17  1.07863e-15  2.92837e-17
      3561.92  1.02518e-15  3.11730e-17
      3564.67  1.01399e-15  3.40828e-17
      3567.42  1.00669e-15  3.02328e-17
      3570.17  1.08834e-15  2.80508e-17
      3572.91  1.15058e-15  2.85107e-17
      3575.66  1.10155e-15  3.02278e-17
      3578.41  1.15597e-15  2.90724e-17
      3581.16  1.19140e-15  2.90468e-17
      3583.91  1.18534e-15  3.15874e-17
      3586.66  1.10960e-15  3.18097e-17
      3589.40  1.18598e-15  3.06218e-17
      3592.15  1.16164e-15  3.03411e-17
      3594.90  1.26857e-15  2.96169e-17
      3597.65  1.17759e-15  3.08686e-17
      3600.40  1.28350e-15  3.02654e-17
      3603.15  1.32717e-15  3.28423e-17
      3605.89  1.31703e-15  3.58328e-17
      3608.64  1.37658e-15  3.37567e-17
      3611.39  1.36731e-15  3.45778e-17
      3614.14  1.37637e-15  3.49468e-17
      3616.89  1.27235e-15  3.19611e-17
      3619.64  1.33486e-15  3.18015e-17
      3622.38  1.35201e-15  3.35991e-17
      3625.13  1.26012e-15  3.69579e-17
      3627.88  1.24795e-15  3.98795e-17
      3630.63  1.37138e-15  3.40423e-17
      3633.38  1.48944e-15  4.86312e-17
      3636.13  1.44587e-15  3.27723e-17
      3638.88  1.45719e-15  3.58416e-17
      3641.62  1.54881e-15  3.30675e-17
      3644.37  1.50241e-15  3.35659e-17
      3647.12  1.55364e-15  3.26689e-17
      3649.87  1.47748e-15  3.21432e-17
      3652.62  1.57314e-15  3.27110e-17
      3655.37  1.46704e-15  4.04820e-17
      3658.11  1.43219e-15  3.20187e-17
      3660.86  1.55013e-15  3.41209e-17
      3663.61  1.53006e-15  3.22585e-17
      3666.36  1.51351e-15  3.98450e-17
      3669.11  1.59709e-15  3.27441e-17
      3671.86  1.58341e-15  3.30491e-17
      3674.61  1.60290e-15  4.48880e-17
      3677.35  1.62215e-15  4.92990e-17
      3680.10  1.53172e-15  3.47895e-17
      3682.85  1.64418e-15  3.40006e-17
      3685.60  1.67632e-15  3.81061e-17
      3688.35  1.53515e-15  3.33144e-17
      3691.10  1.53444e-15  3.42507e-17
      3693.85  1.51812e-15  3.07874e-17
      3696.59  1.55666e-15  3.58194e-17
      3699.34  1.53007e-15  3.74279e-17
      3702.09  1.54648e-15  1.64357e-16
      3704.84  1.56289e-15  3.98241e-17
      3707.59  1.57930e-15  4.07654e-17
      3710.34  1.54333e-15  3.72919e-17
      3713.09  1.55161e-15  3.14484e-17
      3715.83  1.47573e-15  2.91878e-17
      3718.58  1.51531e-15  3.58231e-17
      3721.33  1.52797e-15  3.37080e-17
      3724.08  1.49720e-15  3.31778e-17
      3726.83  1.50620e-15  3.02268e-17
      3729.58  1.59483e-15  3.08539e-17
      3732.33  1.56000e-15  3.13603e-17
      3735.07  1.58402e-15  3.94494e-17
      3737.82  1.43750e-15  3.18270e-17
      3740.57  1.63447e-15  3.03777e-17
      3743.32  1.54768e-15  3.03645e-17
      3746.07  1.56845e-15  3.06975e-17
      3748.82  1.59602e-15  3.07498e-17
      3751.57  1.57602e-15  2.95671e-17
      3754.31  1.57429e-15  3.89136e-17
      3757.06  1.49854e-15  4.40199e-17
      3759.81  1.64299e-15  3.02677e-17
      3762.56  1.60365e-15  3.93984e-17
      3765.31  1.54393e-15  3.89974e-17
      3768.06  1.63016e-15  3.31787e-17
      3770.81  1.60972e-15  3.19748e-17
      3773.56  1.61971e-15  2.93449e-17
      3776.30  1.65900e-15  3.06594e-17
      3779.05  1.61131e-15  3.24856e-17
      3781.80  1.58550e-15  3.78806e-17
      3784.55  1.64756e-15  3.04354e-17
      3787.30  1.61991e-15  3.59234e-17
      3790.05  1.45358e-15  4.61561e-17
      3792.80  1.45432e-15  2.84842e-17
      3795.54  1.44884e-15  3.10884e-17
      3798.29  1.34605e-15  2.81431e-17
      3801.04  1.12126e-15  3.63490e-17
      3803.79  1.32960e-15  2.74845e-17
      3806.54  1.30808e-15  2.67054e-17
      3809.29  1.31506e-15  2.66905e-17
      3812.04  1.22787e-15  2.61903e-17
      3814.78  1.16699e-15  2.44226e-17
      3817.53  1.19878e-15  2.41062e-17
      3820.28  1.18679e-15  2.36371e-17
      3823.03  1.10943e-15  2.42052e-17
      3825.78  1.06828e-15  2.24045e-17
      3828.53  1.11815e-15  2.33321e-17
      3831.28  1.14305e-15  2.29373e-17
      3834.03  1.08239e-15  2.36019e-17
      3836.77  1.11873e-15  2.34168e-17
      3839.52  1.11079e-15  2.51240e-17
      3842.27  1.11018e-15  2.48870e-17
      3845.02  1.16398e-15  2.37351e-17
      3847.77  1.22022e-15  2.46452e-17
      3850.52  1.22802e-15  2.29834e-17
      3853.27  1.14822e-15  3.09803e-17
      3856.01  1.16933e-15  2.48684e-17
      3858.76  1.21685e-15  2.58526e-17
      3861.51  1.10771e-15  2.94223e-17
      3864.26  9.90138e-16  3.05867e-17
      3867.01  1.04772e-15  2.39971e-17
      3869.76  1.10341e-15  2.17127e-17
      3872.51  1.02588e-15  3.93964e-17
      3875.26  9.21212e-16  2.24751e-17
      3878.00  9.59032e-16  2.11856e-17
      3880.75  9.46152e-16  2.87319e-17
      3883.50  9.26996e-16  2.23702e-17
      3886.25  9.18193e-16  2.35180e-17
      3889.00  8.78960e-16  2.86199e-17
      3891.75  8.54705e-16  2.48659e-17
      3894.50  8.53208e-16  1.99166e-17
      3897.24  8.58698e-16  2.06618e-17
      3899.99  6.97480e-16  2.58435e-17
      3902.74  7.79330e-16  1.87849e-17
      3905.49  8.26008e-16  1.96487e-17
      3908.24  7.91794e-16  2.45554e-17
      3910.99  8.21753e-16  2.39670e-17
      3913.74  8.80709e-16  1.92158e-17
      3916.49  8.08951e-16  2.12004e-17
      3919.23  8.15054e-16  2.57379e-17
      3921.98  8.45587e-16  2.01042e-17
      3924.73  8.60019e-16  2.18919e-17
      3927.48  7.71813e-16  2.43951e-17
      3930.23  8.65210e-16  1.99560e-17
      3932.98  9.23963e-16  1.86421e-17
      3935.73  8.87907e-16  1.85218e-17
      3938.47  9.30585e-16  2.03927e-17
      3941.22  9.72089e-16  2.05620e-17
      3943.97  1.04205e-15  2.10679e-17
      3946.72  1.14425e-15  2.06130e-17
      3949.47  1.09491e-15  2.10690e-17
      3952.22  9.73377e-16  3.57909e-17
      3954.97  1.11614e-15  2.73063e-17
      3957.72  1.20105e-15  2.38392e-17
      3960.46  1.31879e-15  2.11499e-17
      3963.21  1.30380e-15  2.30664e-17
      3965.96  1.33746e-15  3.20562e-17
      3968.71  1.29543e-15  2.90792e-17
      3971.46  1.42029e-15  2.75440e-17
      3974.21  1.45195e-15  3.36454e-17
      3976.96  1.54022e-15  3.35274e-17
      3979.70  1.61040e-15  3.16006e-17
      3982.45  1.57274e-15  3.41151e-17
      3985.20  1.71417e-15  3.64182e-17
      3987.95  1.77512e-15  2.54942e-17
      3990.70  1.66274e-15  3.01439e-17
      3993.45  1.75063e-15  3.72893e-17
      3996.20  1.74673e-15  3.13466e-17
      3998.94  1.73439e-15  3.37937e-17
      4001.69  1.74223e-15  2.87019e-17
      4004.44  1.66045e-15  3.60134e-17
      4007.19  1.83719e-15  2.94144e-17
      4009.94  1.82802e-15  2.97840e-17
      4012.69  1.76145e-15  3.81843e-17
      4015.44  1.84319e-15  3.64977e-17
      4018.18  1.85171e-15  3.29455e-17
      4020.93  1.86883e-15  3.14560e-17
      4023.68  1.76129e-15  3.62900e-17
      4026.43  1.90754e-15  3.42193e-17
      4029.18  1.95760e-15  4.36239e-17
      4031.93  1.95613e-15  3.07483e-17
      4034.68  1.84226e-15  3.68387e-17
      4037.42  1.90437e-15  3.45230e-17
      4040.17  1.86603e-15  3.84886e-17
      4042.92  1.90704e-15  3.65067e-17
      4045.67  1.73360e-15  3.63001e-17
      4048.42  1.89424e-15  2.77222e-17
      4051.17  1.96030e-15  4.57110e-17
      4053.92  2.10296e-15  3.62340e-17
      4056.66  1.99221e-15  3.32528e-17
      4059.41  2.11084e-15  3.66903e-17
      4062.16  1.95733e-15  3.73662e-17
      4064.91  1.94865e-15  3.70256e-17
      4067.66  1.92053e-15  3.24961e-17
      4070.41  1.88169e-15  3.68068e-17
      4073.15  1.79797e-15  3.69471e-17
      4075.90  1.84893e-15  3.28402e-17
      4078.65  1.75527e-15  3.53661e-17
      4081.40  1.66748e-15  3.38813e-17
      4084.15  1.68159e-15  2.70501e-17
      4086.90  1.64777e-15  3.81407e-17
      4089.65  1.65064e-15  3.11127e-17
      4092.39  1.64750e-15  2.95416e-17
      4095.14  1.58178e-15  3.44999e-17
      4097.89  1.52886e-15  3.48293e-17
      4100.64  1.63150e-15  3.08621e-17
      4103.39  1.52199e-15  3.20222e-17
      4106.14  1.48804e-15  3.28165e-17
      4108.88  1.62664e-15  2.47827e-17
      4111.63  1.64367e-15  2.51200e-17
      4114.38  1.59788e-15  2.92819e-17
      4117.13  1.60227e-15  2.89793e-17
      4119.88  1.59598e-15  2.96706e-17
      4122.63  1.66472e-15  2.87807e-17
      4125.38  1.53371e-15  3.47744e-17
      4128.12  1.52767e-15  3.16502e-17
      4130.87  1.63774e-15  2.95655e-17
      4133.62  1.62697e-15  2.90624e-17
      4136.37  1.67282e-15  2.77468e-17
      4139.12  1.77067e-15  3.07721e-17
      4141.86  1.67807e-15  3.29134e-17
      4144.61  1.65602e-15  3.39663e-17
      4147.36  1.74059e-15  3.03560e-17
      4150.11  1.78292e-15  3.75070e-17
      4152.86  1.84391e-15  2.73123e-17
      4155.61  1.94013e-15  3.23260e-17
      4158.35  1.84462e-15  3.53087e-17
      4161.10  1.86888e-15  3.62172e-17
      4163.85  1.74424e-15  3.46258e-17
      4166.60  1.74862e-15  2.75393e-17
      4169.35  1.75302e-15  3.19782e-17
      4172.10  1.75740e-15  3.30352e-17
      4174.84  1.76179e-15  3.33177e-17
      4177.59  1.74243e-15  3.52855e-17
      4180.34  1.88006e-15  3.39089e-17
      4183.09  1.84043e-15  3.38242e-17
      4185.84  1.79611e-15  3.52990e-17
      4188.59  1.78741e-15  3.52748e-17
      4191.33  1.86117e-15  2.90003e-17
      4194.08  1.81633e-15  3.46803e-17
      4196.83  1.94435e-15  2.66302e-17
      4199.58  1.88716e-15  3.64705e-17
      4202.33  1.77387e-15  3.32348e-17
      4205.07  1.76005e-15  3.42761e-17
      4207.82  1.80849e-15  3.05515e-17
      4210.57  1.86831e-15  3.10290e-17
      4213.32  1.76176e-15  3.92639e-17
      4216.07  1.81527e-15  3.05892e-17
      4218.82  1.84914e-15  3.10255e-17
      4221.56  1.89498e-15  2.73270e-17
      4224.31  1.80161e-15  2.90758e-17
      4227.06  1.70756e-15  3.31140e-17
      4229.81  1.76933e-15  3.29000e-17
      4232.56  1.72473e-15  3.37424e-17
      4235.30  1.84717e-15  2.39714e-17
      4238.05  1.71876e-15  2.47466e-17
      4240.80  1.83551e-15  2.51287e-17
      4243.55  1.64429e-15  3.16481e-17
      4246.30  1.63817e-15  3.30043e-17
      4249.04  1.58327e-15  3.23132e-17
      4251.79  1.62666e-15  3.12960e-17
      4254.54  1.58974e-15  3.32425e-17
      4257.29  1.69348e-15  2.83055e-17
      4260.04  1.71174e-15  2.95727e-17
      4262.78  1.73837e-15  2.85268e-17
      4265.53  1.72135e-15  3.02993e-17
      4268.28  1.82735e-15  2.35859e-17
      4271.03  1.68536e-15  3.18275e-17
      4273.78  1.68753e-15  3.40901e-17
      4276.52  1.72264e-15  2.83127e-17
      4279.27  1.79638e-15  2.82670e-17
      4282.02  1.72504e-15  3.18986e-17
      4284.77  1.76574e-15  2.95262e-17
      4287.52  1.75627e-15  2.93108e-17
      4290.26  1.74088e-15  3.02252e-17
      4293.01  1.69845e-15  2.88364e-17
      4295.76  1.83105e-15  2.31396e-17
      4298.51  1.68603e-15  2.75775e-17
      4301.25  1.70165e-15  2.61610e-17
      4304.00  1.65677e-15  2.73172e-17
      4306.75  1.63047e-15  2.80567e-17
      4309.50  1.71093e-15  2.65143e-17
      4312.25  1.57722e-15  2.82904e-17
      4314.99  1.51401e-15  3.06489e-17
      4317.74  1.56667e-15  2.87992e-17
      4320.49  1.67562e-15  3.91320e-17
      4323.24  1.50300e-15  3.03227e-17
      4325.99  1.52806e-15  2.51979e-17
      4328.73  1.40989e-15  2.98919e-17
      4331.48  1.55673e-15  2.20749e-17
      4334.23  1.48738e-15  2.66537e-17
      4336.98  1.54229e-15  2.12672e-17
      4339.72  1.48215e-15  2.41033e-17
      4342.47  1.45992e-15  2.68358e-17
      4345.22  1.44482e-15  2.37418e-17
      4347.97  1.45269e-15  2.19060e-17
      4350.71  1.36208e-15  2.76119e-17
      4353.46  1.34846e-15  2.77074e-17
      4356.21  1.37091e-15  2.44144e-17
      4358.96  1.47530e-15  2.01931e-17
      4361.71  1.54296e-15  2.03442e-17
      4364.45  1.37872e-15  2.21841e-17
      4367.20  1.41160e-15  1.99917e-17
      4369.95  1.40089e-15  2.03242e-17
      4372.70  1.34420e-15  2.07004e-17
      4375.44  1.26783e-15  2.08973e-17
      4378.19  1.28891e-15  2.17995e-17
      4380.94  1.33013e-15  1.94534e-17
      4383.69  1.23868e-15  2.50563e-17
      4386.43  1.21936e-15  2.16080e-17
      4389.18  1.22534e-15  2.15076e-17
      4391.93  1.21505e-15  2.22465e-17
      4394.68  1.19618e-15  1.90102e-17
      4397.42  1.21558e-15  2.14015e-17
      4400.17  1.09345e-15  2.45519e-17
      4402.92  1.17436e-15  1.93519e-17
      4405.67  1.18479e-15  1.98916e-17
      4408.41  1.17587e-15  1.85016e-17
      4411.16  1.07172e-15  2.41746e-17
      4413.91  1.15573e-15  2.09520e-17
      4416.65  1.20828e-15  1.83331e-17
      4419.40  1.24026e-15  1.96547e-17
      4422.15  1.12770e-15  2.05964e-17
      4424.90  1.18866e-15  1.87176e-17
      4427.64  1.07356e-15  2.45989e-17
      4430.39  1.16144e-15  2.10892e-17
      4433.14  1.24107e-15  1.97023e-17
      4435.89  1.19483e-15  1.94407e-17
      4438.63  1.21447e-15  1.80768e-17
      4441.38  1.14742e-15  2.24916e-17
      4444.13  1.20722e-15  1.76935e-17
      4446.87  1.23753e-15  1.76884e-17
      4449.62  1.24152e-15  1.78390e-17
      4452.37  1.19473e-15  1.81241e-17
      4455.12  1.20157e-15  2.06485e-17
      4457.86  1.15921e-15  2.51837e-17
      4460.61  1.21567e-15  2.76837e-17
      4463.36  1.13519e-15  2.09955e-17
      4466.10  1.18551e-15  2.02646e-17
      4468.85  1.22425e-15  2.09207e-17
      4471.60  1.22076e-15  2.21749e-17
      4474.35  1.22218e-15  1.77347e-17
      4477.09  1.22975e-15  2.54748e-17
      4479.84  1.22276e-15  2.02489e-17
      4482.59  1.21180e-15  2.07666e-17
      4485.33  1.27414e-15  1.85083e-17
      4488.08  1.22461e-15  2.19207e-17
      4490.83  1.23052e-15  2.26796e-17
      4493.57  1.24663e-15  1.91612e-17
      4496.32  1.21950e-15  2.18739e-17
      4499.07  1.19206e-15  2.28625e-17
      4501.82  1.23259e-15  2.29332e-17
      4504.56  1.26611e-15  2.37194e-17
      4507.31  1.23741e-15  2.33283e-17
      4510.06  1.16347e-15  2.48117e-17
      4512.80  1.19493e-15  2.31761e-17
      4515.55  1.22068e-15  2.12872e-17
      4518.30  1.22932e-15  2.12147e-17
      4521.04  1.21090e-15  2.24398e-17
      4523.79  1.25858e-15  1.95164e-17
      4526.54  1.29641e-15  1.80041e-17
      4529.28  1.24328e-15  1.96205e-17
      4532.03  1.23138e-15  1.86561e-17
      4534.78  1.29108e-15  1.78924e-17
      4537.52  1.20449e-15  1.97467e-17
      4540.27  1.18485e-15  2.40271e-17
      4543.02  1.28091e-15  2.01247e-17
      4545.76  1.25513e-15  2.22148e-17
      4548.51  1.23556e-15  2.21727e-17
      4551.26  1.15181e-15  1.95839e-17
      4554.00  1.20409e-15  1.97089e-17
      4556.75  1.18169e-15  2.22769e-17
      4559.50  1.19565e-15  1.72706e-17
      4562.24  1.26702e-15  1.79899e-17
      4564.99  1.24630e-15  2.05846e-17
      4567.74  1.28306e-15  2.04439e-17
      4570.48  1.28085e-15  1.88842e-17
      4573.23  1.26758e-15  2.17160e-17
      4575.98  1.29124e-15  2.03105e-17
      4578.72  1.35792e-15  1.88238e-17
      4581.47  1.35983e-15  2.06170e-17
      4584.22  1.33682e-15  2.11068e-17
      4586.96  1.30134e-15  2.03083e-17
      4589.71  1.36455e-15  2.15424e-17
      4592.46  1.47118e-15  1.94459e-17
      4595.20  1.41363e-15  2.18622e-17
      4597.95  1.44511e-15  2.14421e-17
      4600.69  1.42312e-15  2.12098e-17
      4603.44  1.54509e-15  1.94398e-17
      4606.19  1.51911e-15  2.22535e-17
      4608.93  1.46865e-15  2.15944e-17
      4611.68  1.51070e-15  2.11414e-17
      4614.43  1.52303e-15  2.25175e-17
      4617.17  1.51184e-15  2.17678e-17
      4619.92  1.46774e-15  2.33059e-17
      4622.66  1.53886e-15  2.09278e-17
      4625.41  1.51983e-15  2.36067e-17
      4628.16  1.47567e-15  2.38464e-17
      4630.90  1.54552e-15  2.04933e-17
      4633.65  1.53632e-15  2.24001e-17
      4636.40  1.50432e-15  2.74459e-17
      4639.14  1.52123e-15  2.29580e-17
      4641.89  1.46523e-15  2.24190e-17
      4644.63  1.55889e-15  2.19137e-17
      4647.38  1.53810e-15  1.98117e-17
      4650.13  1.56241e-15  1.98261e-17
      4652.87  1.48837e-15  2.32068e-17
      4655.62  1.55629e-15  1.97954e-17
      4658.36  1.57901e-15  1.96540e-17
      4661.11  1.56482e-15  1.95031e-17
      4663.86  1.55064e-15  2.00871e-17
      4666.60  1.53645e-15  4.09819e-17
      4669.35  1.52227e-15  1.95626e-17
      4672.09  1.52851e-15  1.95429e-17
      4674.84  1.42491e-15  2.41960e-17
      4677.58  1.48434e-15  2.21367e-17
      4680.33  1.43646e-15  2.14190e-17
      4683.08  1.47543e-15  2.23593e-17
      4685.82  1.46297e-15  2.19154e-17
      4688.57  1.44605e-15  2.37973e-17
      4691.31  1.43873e-15  2.35471e-17
      4694.06  1.57007e-15  1.89950e-17
      4696.81  1.49019e-15  2.17666e-17
      4699.55  1.43918e-15  2.15805e-17
      4702.30  1.42128e-15  2.33060e-17
      4705.04  1.49645e-15  2.32919e-17
      4707.79  1.52921e-15  2.37202e-17
      4710.53  1.43226e-15  2.75941e-17
      4713.28  1.46261e-15  2.54870e-17
      4716.02  1.55798e-15  2.07099e-17
      4718.77  1.56583e-15  2.06251e-17
      4721.52  1.55708e-15  2.18405e-17
      4724.26  1.58409e-15  2.02192e-17
      4727.01  1.55758e-15  1.99912e-17
      4729.75  1.56031e-15  2.18618e-17
      4732.50  1.55264e-15  2.15029e-17
      4735.24  1.51081e-15  2.39011e-17
      4737.99  1.57825e-15  2.00317e-17
      4740.73  1.57212e-15  2.00186e-17
      4743.48  1.57391e-15  2.01921e-17
      4746.22  1.52195e-15  1.95628e-17
      4748.97  1.49758e-15  1.96341e-17
      4751.71  1.52307e-15  2.20014e-17
      4754.46  1.43394e-15  2.35154e-17
      4757.21  1.45132e-15  2.17067e-17
      4759.95  1.49195e-15  2.00358e-17
      4762.70  1.50098e-15  2.05840e-17
      4765.44  1.42751e-15  2.22844e-17
      4768.19  1.39691e-15  2.15237e-17
      4770.93  1.34972e-15  2.18785e-17
      4773.68  1.36642e-15  1.97607e-17
      4776.42  1.25362e-15  2.04584e-17
      4779.17  1.32968e-15  2.31857e-17
      4781.91  1.33160e-15  1.84554e-17
      4784.66  1.25423e-15  1.81003e-17
      4787.40  1.20433e-15  1.77455e-17
      4790.15  1.28181e-15  1.80971e-17
      4792.89  1.28313e-15  1.78867e-17
      4795.64  1.19405e-15  2.05882e-17
      4798.38  1.20832e-15  1.91140e-17
      4801.13  1.25749e-15  2.01844e-17
      4803.87  1.13186e-15  2.20988e-17
      4806.62  1.21655e-15  1.92828e-17
      4809.36  1.17088e-15  2.26147e-17
      4812.11  1.20222e-15  1.88910e-17
      4814.85  1.08827e-15  2.23853e-17
      4817.60  1.21615e-15  2.04633e-17
      4820.34  1.22283e-15  1.96095e-17
      4823.08  1.23683e-15  2.00619e-17
      4825.83  1.23585e-15  1.92041e-17
      4828.57  1.21679e-15  2.12625e-17
      4831.32  1.24262e-15  1.92163e-17
      4834.06  1.19132e-15  1.92602e-17
      4836.81  1.19701e-15  1.94806e-17
      4839.55  1.26356e-15  1.77987e-17
      4842.30  1.17400e-15  2.04890e-17
      4845.04  1.19723e-15  1.97736e-17
      4847.79  1.25563e-15  1.70801e-17
      4850.53  1.22398e-15  1.82401e-17
      4853.28  1.14473e-15  1.89651e-17
      4856.02  1.11461e-15  1.87490e-17
      4858.76  1.14794e-15  1.77379e-17
      4861.51  1.12615e-15  2.20418e-17
      4864.25  1.15707e-15  1.78539e-17
      4867.00  1.17291e-15  1.70192e-17
      4869.74  1.06378e-15  1.60248e-17
      4872.49  1.11220e-15  1.68548e-17
      4875.23  1.05961e-15  1.64364e-17
      4877.98  1.03841e-15  1.70533e-17
      4880.72  1.06794e-15  1.61128e-17
      4883.46  1.07584e-15  1.64872e-17
      4886.21  1.04213e-15  1.61352e-17
      4888.95  1.04655e-15  1.56610e-17
      4891.70  1.02003e-15  1.74976e-17
      4894.44  9.49164e-16  1.76123e-17
      4897.18  9.78495e-16  1.91403e-17
      4899.93  1.02813e-15  1.61159e-17
      4902.67  1.03704e-15  2.07605e-17
      4905.42  1.03724e-15  1.63441e-17
      4908.16  1.10248e-15  1.64096e-17
      4910.90  1.05718e-15  1.75703e-17
      4913.65  1.07247e-15  1.63427e-17
      4916.39  1.11304e-15  1.66867e-17
      4919.14  1.11220e-15  1.85621e-17
      4921.88  1.10181e-15  1.65282e-17
      4924.62  1.11725e-15  1.66555e-17
      4927.37  1.11083e-15  1.80961e-17
      4930.11  1.02944e-15  1.93113e-17
      4932.86  1.08688e-15  1.63830e-17
      4935.60  1.07331e-15  1.62328e-17
      4938.34  1.11162e-15  1.61393e-17
      4941.09  1.08280e-15  2.81498e-17
      4943.83  1.01493e-15  1.75328e-17
      4946.57  1.01006e-15  1.78135e-17
      4949.32  1.07382e-15  1.60017e-17
      4952.06  9.99961e-16  1.69246e-17
      4954.80  1.00747e-15  1.80593e-17
      4957.55  9.69771e-16  1.53601e-17
      4960.29  9.49911e-16  1.54365e-17
      4963.04  9.21902e-16  1.65792e-17
      4965.78  9.53200e-16  1.52511e-17
      4968.52  9.10653e-16  1.69887e-17
      4971.27  9.02892e-16  1.60706e-17
      4974.01  8.66247e-16  1.39966e-17
      4976.75  8.67833e-16  1.40204e-17
      4979.50  8.58344e-16  1.39129e-17
      4982.24  8.16138e-16  1.59048e-17
      4984.98  7.95386e-16  1.54752e-17
      4987.73  7.77857e-16  1.65129e-17
      4990.47  7.49264e-16  1.62011e-17
      4993.21  7.78746e-16  1.68720e-17
      4995.96  7.98800e-16  1.65846e-17
      4998.70  8.31863e-16  1.57180e-17
      5001.44  8.32275e-16  1.45582e-17
      5004.19  8.35714e-16  1.38242e-17
      5006.93  8.29424e-16  1.62074e-17
      5009.67  7.97403e-16  1.48762e-17
      5012.41  8.06755e-16  1.42691e-17
      5015.16  8.12315e-16  1.42172e-17
      5017.90  8.31423e-16  1.60077e-17
      5020.64  8.32869e-16  1.47755e-17
      5023.39  8.41722e-16  1.70752e-17
      5026.13  9.09598e-16  1.60087e-17
      5028.87  9.62523e-16  1.62664e-17
      5031.61  1.00100e-15  1.59713e-17
      5034.36  9.37223e-16  1.50920e-17
      5037.10  9.31720e-16  1.42848e-17
      5039.84  8.99880e-16  1.49184e-17
      5042.59  9.05077e-16  1.47736e-17
      5045.33  9.20657e-16  1.49041e-17
      5048.07  9.50281e-16  1.59514e-17
      5050.81  9.63366e-16  1.54380e-17
      5053.56  9.63076e-16  1.49297e-17
      5056.30  9.67857e-16  1.66703e-17
      5059.04  9.73400e-16  1.53620e-17
      5061.78  9.39893e-16  1.54550e-17
      5064.53  9.14336e-16  1.62552e-17
      5067.27  9.29538e-16  2.13889e-17
      5070.01  9.50805e-16  1.57706e-17
      5072.75  9.11708e-16  1.49158e-17
      5075.50  9.60880e-16  1.61591e-17
      5078.24  9.18370e-16  1.59726e-17
      5080.98  9.16000e-16  1.40166e-17
      5083.72  9.56527e-16  1.56437e-17
      5086.47  9.33306e-16  1.45649e-17
      5089.21  8.95983e-16  2.04811e-17
      5091.95  8.78979e-16  1.61908e-17
      5094.69  8.77748e-16  1.72319e-17
      5097.43  8.79629e-16  1.58504e-17
      5100.18  8.47278e-16  1.72834e-17
      5102.92  8.55039e-16  1.53437e-17
      5105.66  8.93979e-16  2.14310e-17
      5108.40  8.98477e-16  1.40331e-17
      5111.14  8.74708e-16  1.35235e-17
      5113.89  8.43237e-16  1.54222e-17
      5116.63  8.41914e-16  1.51021e-17
      5119.37  8.38344e-16  1.68932e-17
      5122.11  8.47164e-16  1.43193e-17
      5124.85  8.23291e-16  1.40609e-17
      5127.60  8.18118e-16  1.57021e-17
      5130.34  8.37715e-16  1.56223e-17
      5133.08  8.42467e-16  1.58791e-17
      5135.82  8.90263e-16  1.45463e-17
      5138.56  8.51947e-16  1.41433e-17
      5141.31  8.35439e-16  1.55966e-17
      5144.05  8.81375e-16  1.50000e-17
      5146.79  8.66216e-16  1.57808e-17
      5149.53  8.66584e-16  1.51162e-17
      5152.27  9.18169e-16  1.44490e-17
      5155.01  9.33623e-16  1.96849e-17
      5157.75  9.10676e-16  1.57377e-17
      5160.50  8.95230e-16  1.56561e-17
      5163.24  9.18577e-16  1.63302e-17
      5165.98  9.62648e-16  1.62209e-17
      5168.72  9.27836e-16  1.42461e-17
      5171.46  9.51162e-16  1.50257e-17
      5174.20  8.73265e-16  1.64173e-17
      5176.94  9.44644e-16  1.67907e-17
      5179.69  9.21465e-16  1.58557e-17
      5182.43  9.38602e-16  2.71517e-17
      5185.17  9.78674e-16  1.44563e-17
      5187.91  9.67418e-16  1.56566e-17
      5190.65  9.93641e-16  1.58676e-17
      5193.39  1.02278e-15  1.50360e-17
      5196.13  1.05008e-15  1.76809e-17
      5198.87  1.05245e-15  1.57229e-17
      5201.61  1.05038e-15  1.55552e-17
      5204.36  1.02734e-15  1.55309e-17
      5207.10  1.06392e-15  1.54659e-17
      5209.84  1.06736e-15  1.68796e-17
      5212.58  1.14191e-15  1.62338e-17
      5215.32  1.06695e-15  1.59361e-17
      5218.06  1.09318e-15  1.71930e-17
      5220.80  1.11715e-15  1.57894e-17
      5223.54  1.06720e-15  1.71820e-17
      5226.28  1.11202e-15  1.87698e-17
      5229.02  1.08028e-15  1.61720e-17
      5231.76  1.20556e-15  1.61526e-17
      5234.50  1.21088e-15  1.70764e-17
      5237.25  1.23824e-15  1.66801e-17
      5239.99  1.18479e-15  1.62310e-17
      5242.73  1.16892e-15  1.67751e-17
      5245.47  1.26420e-15  1.88040e-17
      5248.21  1.23940e-15  1.85530e-17
      5250.95  1.29759e-15  1.87600e-17
      5253.69  1.19882e-15  1.96812e-17
      5256.43  1.23227e-15  1.78495e-17
      5259.17  1.18116e-15  2.12012e-17
      5261.91  1.23167e-15  2.01867e-17
      5264.65  1.24081e-15  1.71048e-17
      5267.39  1.22709e-15  1.74840e-17
      5270.13  1.20602e-15  1.60094e-17
      5272.87  1.19940e-15  1.64637e-17
      5275.61  1.20260e-15  1.67776e-17
      5278.35  1.17830e-15  1.91299e-17
      5281.09  1.15672e-15  1.81955e-17
      5283.83  1.13379e-15  1.66322e-17
      5286.57  1.09709e-15  2.07720e-17
      5289.31  1.09228e-15  1.90505e-17
      5292.05  1.18955e-15  1.54316e-17
      5294.79  1.08583e-15  1.62485e-17
      5297.53  1.16107e-15  1.59735e-17
      5300.27  1.16444e-15  1.62995e-17
      5303.01  1.10464e-15  1.64840e-17
      5305.75  1.11680e-15  1.62958e-17
      5308.49  1.14369e-15  1.56509e-17
      5311.23  1.08698e-15  1.61741e-17
      5313.97  1.12873e-15  1.63251e-17
      5316.71  1.08521e-15  1.76891e-17
      5319.45  1.09236e-15  1.68814e-17
      5322.19  1.07250e-15  1.89333e-17
      5324.93  1.13996e-15  1.73551e-17
      5327.67  1.09229e-15  1.75680e-17
      5330.41  1.07471e-15  2.19498e-17
      5333.15  1.07652e-15  1.83318e-17
      5335.89  1.14434e-15  1.89103e-17
      5338.62  1.12742e-15  1.69794e-17
      5341.36  1.18207e-15  1.67781e-17
      5344.10  1.17104e-15  1.60211e-17
      5346.84  1.11254e-15  2.30743e-17
      5349.58  1.20827e-15  2.20747e-17
      5352.32  1.19017e-15  1.60464e-17
      5355.06  1.12936e-15  1.82651e-17
      5357.80  1.16860e-15  1.81471e-17
      5360.54  1.16493e-15  1.67830e-17
      5363.28  1.11325e-15  1.85634e-17
      5366.02  1.06977e-15  1.98864e-17
      5368.76  1.04720e-15  2.11873e-17
      5371.49  1.07051e-15  1.73044e-17
      5374.23  1.07849e-15  1.58437e-17
      5376.97  1.04168e-15  1.60117e-17
      5379.71  1.05927e-15  1.61117e-17
      5382.45  9.93404e-16  1.72805e-17
      5385.19  9.75124e-16  1.60366e-17
      5387.93  9.72627e-16  1.45412e-17
      5390.67  9.68004e-16  1.42883e-17
      5393.40  8.32814e-16  1.91377e-17
      5396.14  8.61264e-16  1.87665e-17
      5398.88  8.70704e-16  1.71874e-17
      5401.62  8.70121e-16  1.48728e-17
      5404.36  8.63661e-16  1.39334e-17
      5407.10  8.23158e-16  1.54890e-17
      5409.84  8.31999e-16  1.39958e-17
      5412.57  7.90631e-16  1.45410e-17
      5415.31  7.73797e-16  1.35194e-17
      5418.05  7.67519e-16  1.38804e-17
      5420.79  7.44834e-16  2.40903e-17
      5423.53  7.56576e-16  1.29878e-17
      5426.27  7.57652e-16  1.44314e-17
      5429.00  7.24774e-16  1.62403e-17
      5431.74  7.42899e-16  1.36869e-17
      5434.48  7.54384e-16  1.33878e-17
      5437.22  7.84474e-16  1.38847e-17
      5439.96  7.29176e-16  1.45124e-17
      5442.69  7.72352e-16  1.34913e-17
      5445.43  7.96086e-16  1.35252e-17
      5448.17  7.83458e-16  1.37363e-17
      5450.91  7.47680e-16  1.33846e-17
      5453.65  7.31381e-16  1.39965e-17
      5456.38  8.03530e-16  1.33106e-17
      5459.12  7.87443e-16  1.36836e-17
      5461.86  7.89321e-16  1.36236e-17
      5464.60  7.17146e-16  1.39875e-17
      5467.34  8.08148e-16  1.53240e-17
      5470.07  8.07437e-16  1.37335e-17
      5472.81  7.81664e-16  1.37098e-17
      5475.55  8.06077e-16  1.36154e-17
      5478.29  8.17293e-16  1.38165e-17
      5481.02  8.19461e-16  7.44456e-17
      5483.76  8.21630e-16  1.36170e-17
      5486.50  8.23799e-16  1.48601e-17
      5489.24  8.45397e-16  1.40655e-17
      5491.97  8.78443e-16  1.45442e-17
      5494.71  8.42006e-16  1.40867e-17
      5497.45  8.99678e-16  1.47030e-17
      5500.18  8.76504e-16  1.47703e-17
      5502.92  9.03531e-16  1.43066e-17
      5505.66  8.20057e-16  2.01242e-17
      5508.40  8.89721e-16  1.44182e-17
      5511.13  8.71833e-16  1.42921e-17
      5513.87  8.43540e-16  1.54913e-17
      5516.61  9.09951e-16  1.46496e-17
      5519.34  9.14563e-16  1.44440e-17
      5522.08  8.26927e-16  1.93358e-17
      5524.82  8.89827e-16  1.51583e-17
      5527.55  9.08184e-16  1.46812e-17
      5530.29  8.57503e-16  1.41585e-17
      5533.03  8.82382e-16  1.43096e-17
      5535.77  9.02141e-16  1.43151e-17
      5538.50  9.28152e-16  1.41372e-17
      5541.24  8.54781e-16  1.44568e-17
      5543.98  8.87941e-16  1.50724e-17
      5546.71  8.46737e-16  1.49358e-17
      5549.45  8.66365e-16  1.60645e-17
      5552.18  9.86085e-16  3.18800e-17
      5554.92  8.13057e-16  1.56986e-17
      5557.66  8.24086e-16  1.50331e-17
      5560.39  8.25398e-16  1.46365e-17
      5563.13  7.43530e-16  1.75516e-17
      5565.87  8.24531e-16  1.43299e-17
      5568.60  8.04325e-16  1.36243e-17
      5571.34  7.77406e-16  1.36519e-17
      5574.08  8.33432e-16  1.36516e-17
      5576.81  7.86831e-16  1.33790e-17
      5579.55  7.58966e-16  1.40524e-17
      5582.28  7.57440e-16  1.36106e-17
      5585.02  7.14754e-16  1.31580e-17
      5587.76  7.65266e-16  1.39308e-17
      5590.49  7.09359e-16  1.36171e-17
      5593.23  7.03772e-16  1.30350e-17
      5595.96  6.80706e-16  2.17050e-17
      5598.70  7.01341e-16  1.24489e-17
      5601.43  6.83601e-16  1.30884e-17
      5604.17  5.99265e-16  1.73583e-17
      5606.91  6.66081e-16  1.38504e-17
      5609.64  6.83328e-16  1.28258e-17
      5612.38  6.86058e-16  1.42926e-17
      5615.11  6.62143e-16  1.41623e-17
      5617.85  6.37044e-16  1.34875e-17
      5620.58  6.93271e-16  1.28657e-17
      5623.32  6.94285e-16  1.41224e-17
      5626.05  6.23826e-16  1.46432e-17
      5628.79  6.69360e-16  1.68185e-17
      5631.53  6.85411e-16  1.49799e-17
      5634.26  7.62514e-16  1.92748e-17
      5637.00  7.35908e-16  1.32381e-17
      5639.73  7.48062e-16  1.40315e-17
      5642.47  7.81232e-16  1.42078e-17
      5645.20  8.27228e-16  1.56019e-17
      5647.94  7.93915e-16  1.41679e-17
      5650.67  7.98726e-16  1.51592e-17
      5653.41  8.16292e-16  1.51875e-17
      5656.14  8.26941e-16  1.54325e-17
      5658.88  8.96058e-16  1.42437e-17
      5661.61  8.66451e-16  1.54283e-17
      5664.35  9.15826e-16  1.59548e-17
      5667.08  8.47970e-16  1.57475e-17
      5669.82  8.74893e-16  1.55845e-17
      5672.55  9.02482e-16  1.46315e-17
      5675.28  9.36750e-16  1.61157e-17
      5678.02  9.04618e-16  1.58912e-17
      5680.75  9.20688e-16  1.45640e-17
      5683.49  9.78759e-16  1.56988e-17
      5686.22  1.00247e-15  1.85686e-17
      5688.96  9.63137e-16  1.74822e-17
      5691.69  9.25562e-16  1.82323e-17
      5694.43  1.03567e-15  1.57461e-17
      5697.16  1.48787e-15  7.54306e-17
