      2891.98  1.11184e-15  2.46370e-15
      2894.72 -1.25065e-15  1.48214e-15
      2897.47  3.84339e-17  1.36457e-15
      2900.21  4.84961e-16  1.03335e-15
      2902.96  8.23298e-16  8.75809e-16
      2905.70 -2.05025e-15  7.95113e-16
      2908.45  2.00491e-16  6.83943e-16
      2911.19  2.92184e-16  6.39506e-16
      2913.93  4.47660e-16  1.27575e-15
      2916.68 -9.48702e-16  6.17594e-16
      2919.42 -5.94727e-16  4.56234e-16
      2922.17  3.13236e-16  3.97963e-16
      2924.91 -1.01719e-15  4.76795e-16
      2927.66 -1.17947e-16  3.34839e-16
      2930.40  1.57258e-16  3.91325e-16
      2933.15  5.09502e-17  2.79846e-16
      2935.89 -2.44350e-16  3.20740e-16
      2938.64  3.56459e-18  3.28806e-16
      2941.38 -5.87896e-15  1.00584e-15
      2944.13 -1.46533e-16  1.47151e-16
      2946.87  3.43990e-17  1.41449e-16
      2949.62 -1.35113e-16  1.30855e-16
      2952.36  6.98549e-17  1.24062e-16
      2955.11 -7.26712e-17  9.54453e-17
      2957.86  1.58191e-16  9.35165e-17
      2960.60  1.16553e-16  9.42436e-17
      2963.35  7.49185e-17  3.45359e-16
      2966.09  3.32806e-17  7.59883e-17
      2968.84 -8.35357e-18  6.79794e-17
      2971.58  1.94013e-18  6.63403e-17
      2974.33  4.87291e-17  6.17884e-17
      2977.07  5.22345e-17  6.16330e-17
      2979.82  1.01111e-16  6.01223e-17
      2982.56 -2.63591e-17  6.11430e-17
      2985.31  7.48329e-17  6.45512e-17
      2988.05  7.94936e-17  6.75994e-17
      2990.80  8.41548e-17  9.20878e-17
      2993.54  8.88155e-17  5.94964e-17
      2996.29  3.72919e-17  6.27171e-17
      2999.04  2.17952e-17  6.61158e-17
      3001.78 -3.45641e-17  5.20415e-17
      3004.53  1.15369e-16  5.75503e-17
      3007.27  1.72839e-16  5.90578e-17
      3010.02 -1.20597e-16  1.22472e-16
      3012.76  5.26525e-17  5.56416e-17
      3015.51  6.02934e-17  5.36713e-17
      3018.25  9.71310e-17  5.34404e-17
      3021.00  7.85234e-17  1.98252e-16
      3023.75  5.99159e-17  4.84085e-17
      3026.49  4.13083e-17  4.54513e-17
      3029.24  2.09463e-17  4.55028e-17
      3031.98  2.31475e-17  4.57784e-17
      3034.73  7.46915e-17  4.48332e-17
      3037.47  1.75909e-17  4.37325e-17
      3040.22  5.52500e-17  4.40003e-17
      3042.97  6.97960e-17  6.55092e-17
      3045.71  8.43433e-17  4.33981e-17
      3048.46  9.88905e-17  4.88144e-17
      3051.20  1.13439e-16  4.40946e-17
      3053.95  7.33824e-17  4.32159e-17
      3056.70  1.14718e-16  4.22540e-17
      3059.44  1.99689e-17  4.28204e-17
      3062.19  7.15560e-17  6.28567e-17
      3064.93  2.77756e-17  3.73356e-17
      3067.68  8.70113e-17  3.71973e-17
      3070.43  8.98871e-17  3.85285e-17
      3073.17  7.47108e-17  3.61303e-17
      3075.92  8.01879e-17  3.60566e-17
      3078.66  7.94940e-17  3.60164e-17
      3081.41  1.33169e-16  3.94705e-17
      3084.16  1.15268e-16  3.88621e-17
      3086.90  9.73679e-17  7.69522e-17
      3089.65  7.94675e-17  3.55179e-17
      3092.39  6.15671e-17  5.03283e-17
      3095.14  2.94445e-17  3.51506e-17
      3097.89  4.11338e-17  5.27253e-17
      3100.63  9.60991e-17  4.69534e-17
      3103.38  8.71876e-17  3.57067e-17
      3106.13  4.62321e-17  3.40183e-17
      3108.87  1.29979e-16  3.95718e-17
      3111.62  8.99564e-17  3.56351e-17
      3114.36  5.62505e-17  3.54211e-17
      3117.11  8.74571e-17  3.60234e-17
      3119.86  1.88827e-17  7.55610e-17
      3122.60  3.95310e-17  3.37136e-17
      3125.35  3.94203e-17  3.19320e-17
      3128.10  6.36429e-17  3.20362e-17
      3130.84  5.98522e-17  3.69983e-17
      3133.59  5.60614e-17  3.73947e-17
      3136.34  5.22704e-17  3.21335e-17
      3139.08  4.84796e-17  3.81884e-17
      3141.83  4.66155e-17  3.49244e-17
      3144.57  7.49411e-17  2.07938e-16
      3147.32  1.03269e-16  7.11485e-17
      3150.07  1.31595e-16  3.46603e-17
      3152.81  2.63838e-17  3.79872e-17
      3155.56  3.13434e-17  3.22201e-17
      3158.31  6.28578e-17  4.05936e-17
      3161.05  9.43721e-17  3.16036e-17
      3163.80  1.25886e-16  4.50944e-17
      3166.55  1.57401e-16  7.10461e-17
      3169.29  4.88941e-17  2.86028e-17
      3172.04  2.81610e-17  3.21439e-17
      3174.79  8.69494e-17  3.04755e-17
      3177.53  3.62749e-17  3.38568e-17
      3180.28  4.92915e-17  3.03749e-17
      3183.03  9.03261e-17  3.35344e-17
      3185.77  9.32577e-17  2.79297e-17
      3188.52  2.13784e-17  2.79592e-17
      3191.27  2.01625e-17  4.90109e-17
      3194.01  1.06712e-16  2.89446e-17
      3196.76  1.34061e-16  2.78050e-17
      3199.51  9.38345e-17  2.87854e-17
      3202.25  9.30297e-17  3.08257e-17
      3205.00  8.22407e-17  2.97519e-17
      3207.75  7.14518e-17  2.75695e-17
      3210.49  6.06628e-17  1.12104e-16
      3213.24  4.98738e-17  2.92886e-17
      3215.99  3.90848e-17  2.61862e-17
      3218.74  6.89913e-17  2.97055e-17
      3221.48  9.93755e-17  2.73998e-17
      3224.23  4.63827e-17  2.72080e-17
      3226.98  5.62650e-17  2.57883e-17
      3229.72  6.43470e-17  2.63243e-17
      3232.47  1.05008e-16  2.61111e-17
      3235.22  6.74551e-17  2.47504e-17
      3237.96  6.11735e-17  2.55656e-17
      3240.71  1.17196e-16  2.69935e-17
      3243.46  3.48178e-17  4.92288e-17
      3246.21  9.02477e-17  2.65987e-17
      3248.95  3.62575e-17  2.41340e-17
      3251.70  5.05725e-17  2.53437e-17
      3254.45  1.05378e-16  2.64611e-17
      3257.19  5.67079e-17  2.48042e-17
      3259.94  1.00882e-16  3.06498e-17
      3262.69  3.62606e-17  2.37078e-17
      3265.44  7.76702e-17  2.36720e-17
      3268.18  9.92809e-17  2.69194e-17
      3270.93  1.26235e-16  2.74652e-17
      3273.68  7.42138e-17  2.47769e-17
      3276.42  7.33784e-17  3.06680e-17
      3279.17  1.58190e-16  2.85481e-17
      3281.92  1.15020e-16  2.42979e-17
      3284.67  1.22027e-16  2.79404e-17
      3287.41  1.36211e-16  3.02420e-17
      3290.16  8.27481e-17  2.98558e-17
      3292.91  1.56648e-16  2.66199e-17
      3295.65  7.82809e-17  2.35258e-17
      3298.40  1.19044e-16  2.45643e-17
      3301.15  1.26805e-16  2.42721e-17
      3303.90  1.63321e-16  2.38143e-17
      3306.64  1.15226e-16  2.43029e-17
      3309.39  1.11046e-16  2.30586e-17
      3312.14  6.44751e-17  2.21744e-17
      3314.89  8.30417e-17  2.29871e-17
      3317.63  1.29756e-16  2.52837e-17
      3320.38  8.05403e-17  2.21085e-17
      3323.13  1.26577e-16  2.28317e-17
      3325.88  1.17614e-16  2.25791e-17
      3328.62  1.08653e-16  3.38452e-17
      3331.37  9.96897e-17  2.31738e-17
      3334.12  8.20397e-17  2.43731e-17
      3336.87  9.45660e-17  2.46164e-17
      3339.61  4.56473e-17  2.22187e-17
      3342.36  8.90599e-17  2.15710e-17
      3345.11  1.22879e-16  2.36333e-17
      3347.86  9.42819e-17  2.44701e-17
      3350.60  9.62790e-17  2.99157e-17
      3353.35  9.82760e-17  2.81193e-16
      3356.10  1.00273e-16  2.13451e-17
      3358.85  1.02270e-16  2.15156e-17
      3361.59  7.93862e-17  3.33149e-17
      3364.34  7.81573e-17  2.18680e-17
      3367.09  6.50323e-17  2.33814e-17
      3369.84  1.01146e-16  2.11341e-17
      3372.58  9.01796e-17  2.03663e-17
      3375.33  4.36763e-17  2.03562e-17
      3378.08  7.90949e-17  2.02426e-17
      3380.83  1.14492e-16  2.18693e-17
      3383.57  8.79562e-17  2.09633e-17
      3386.32  9.99938e-17  2.03796e-17
      3389.07  9.25489e-17  2.28956e-17
      3391.82  6.82633e-17  3.16144e-17
      3394.57  6.84339e-17  1.42430e-16
      3397.31  6.86046e-17  2.02748e-17
      3400.06  6.87752e-17  3.21954e-17
      3402.81  7.12171e-17  2.65480e-17
      3405.56  7.86933e-17  1.96933e-17
      3408.30  4.26649e-17  1.84621e-17
      3411.05  7.69712e-17  1.91170e-17
      3413.80  6.31233e-17  2.20595e-17
      3416.55  4.63405e-17  4.82840e-17
      3419.30  8.13328e-17  1.95306e-17
      3422.04  6.73808e-17  2.26908e-17
      3424.79  2.06896e-17  4.28248e-17
      3427.54  3.33276e-17  2.16987e-17
      3430.29  8.79301e-17  2.00039e-17
      3433.04  3.00900e-17  2.10459e-17
      3435.78  3.44902e-17  1.95596e-17
      3438.53  3.88907e-17  3.04691e-17
      3441.28  4.32908e-17  3.74712e-17
      3444.03  4.76914e-17  2.24607e-17
      3446.77  5.20915e-17  1.83811e-17
      3449.52  5.64920e-17  1.93939e-17
      3452.27  6.68891e-17  2.00944e-17
      3455.02  7.12460e-17  3.84132e-17
      3457.77  6.63246e-17  2.05444e-17
      3460.51  9.44217e-17  1.85179e-17
      3463.26  6.41878e-17  1.80667e-17
      3466.01  6.78649e-17  1.84915e-17
      3468.76  8.76216e-17  1.82729e-17
      3471.51  6.60221e-17  1.92357e-17
      3474.25  8.67249e-17  2.01082e-17
      3477.00  9.02784e-17  1.85828e-17
      3479.75  9.19912e-17  1.94227e-17
      3482.50  6.92384e-17  1.93611e-17
      3485.25  1.05228e-16  1.81348e-17
      3487.99  3.85744e-17  1.70363e-17
      3490.74  6.89342e-17  1.72524e-17
      3493.49  4.78461e-17  1.80667e-17
      3496.24  1.02270e-16  2.16180e-17
      3498.99  9.41798e-17  1.79724e-17
      3501.74  6.18982e-17  2.03177e-17
      3504.48  7.60772e-17  1.87681e-17
      3507.23  7.39116e-17  1.74059e-17
      3509.98  1.12789e-16  2.03433e-17
      3512.73  1.07599e-16  1.75395e-17
      3515.48  9.69678e-17  1.79725e-17
      3518.22  8.73691e-17  1.78684e-17
      3520.97  1.12311e-16  2.02110e-17
      3523.72  7.26207e-17  1.80846e-17
      3526.47  1.16490e-16  1.84529e-17
      3529.22  8.24804e-17  1.77125e-17
      3531.96  9.00309e-17  1.91367e-17
      3534.71  6.54196e-17  1.73438e-17
      3537.46  1.07888e-16  1.77207e-17
      3540.21  1.07550e-16  4.03225e-17
      3542.96  1.07213e-16  1.68856e-17
      3545.71  1.06875e-16  1.77200e-17
      3548.45  8.66367e-17  1.70495e-17
      3551.20  1.12729e-16  2.25649e-17
      3553.95  7.44169e-17  1.68614e-17
      3556.70  1.01831e-16  1.73689e-17
      3559.45  1.23889e-16  2.40899e-17
      3562.20  1.05406e-16  1.69406e-17
      3564.94  1.03197e-16  1.93506e-17
      3567.69  1.41164e-16  2.49608e-17
      3570.44  1.36072e-16  2.44654e-17
      3573.19  9.63753e-17  2.10707e-17
      3575.94  1.27756e-16  1.72186e-17
      3578.69  1.14631e-16  2.00572e-17
      3581.43  1.12411e-16  1.80063e-17
      3584.18  9.36929e-17  1.72121e-17
      3586.93  1.21041e-16  1.92459e-17
      3589.68  1.08361e-16  1.92582e-17
      3592.43  1.14950e-16  1.73923e-17
      3595.18  1.06278e-16  1.64965e-17
      3597.92  1.33281e-16  1.74286e-17
      3600.67  1.14983e-16  1.74291e-17
      3603.42  1.29154e-16  1.81384e-17
      3606.17  1.29473e-16  1.91677e-17
      3608.92  1.29791e-16  2.18047e-17
      3611.67  1.30110e-16  1.94965e-17
      3614.41  1.30428e-16  2.17877e-17
      3617.16  1.30746e-16  2.31341e-17
      3619.91  1.46469e-16  1.93952e-17
      3622.66  1.31445e-16  1.92807e-17
      3625.41  1.37734e-16  1.76668e-17
      3628.16  1.23678e-16  2.03391e-17
      3630.90  1.58594e-16  2.07746e-17
      3633.65  1.37170e-16  1.72337e-17
      3636.40  1.30054e-16  3.82284e-17
      3639.15  1.21899e-16  1.84578e-17
      3641.90  1.84266e-16  1.81338e-17
      3644.65  1.83808e-16  1.73067e-17
      3647.40  1.70507e-16  1.80061e-17
      3650.14  1.27256e-16  1.64172e-17
      3652.89  1.39583e-16  1.61332e-17
      3655.64  1.50462e-16  1.66743e-17
      3658.39  1.15236e-16  2.79161e-17
      3661.14  1.61710e-16  1.68394e-17
      3663.89  1.81336e-16  1.78128e-17
      3666.63  1.55579e-16  1.63579e-17
      3669.38  1.18798e-16  2.26792e-17
      3672.13  1.59323e-16  1.90511e-17
      3674.88  1.41252e-16  1.65265e-17
      3677.63  1.61304e-16  3.28993e-17
      3680.38  1.81356e-16  3.89146e-17
      3683.13  1.66640e-16  1.64469e-17
      3685.87  1.77267e-16  1.74444e-17
      3688.62  1.87893e-16  2.33917e-17
      3691.37  1.98519e-16  2.03858e-17
      3694.12  2.09145e-16  1.87245e-17
      3696.87  1.71437e-16  1.68210e-17
      3699.62  2.13703e-16  1.86279e-17
      3702.37  2.04079e-16  2.84080e-17
      3705.11  1.94455e-16  1.78100e-16
      3707.86  1.84831e-16  2.23991e-17
      3710.61  1.75207e-16  2.14496e-17
      3713.36  2.04814e-16  1.58748e-17
      3716.11  1.89418e-16  1.58521e-17
      3718.86  1.87390e-16  1.53979e-17
      3721.61  2.09957e-16  1.57835e-17
      3724.35  2.16500e-16  1.65462e-17
      3727.10  2.13433e-16  1.62341e-17
      3729.85  1.89214e-16  1.77731e-17
      3732.60  2.20483e-16  1.72277e-17
      3735.35  2.10816e-16  1.77424e-17
      3738.10  2.03532e-16  2.33153e-17
      3740.85  1.96248e-16  1.51510e-17
      3743.59  2.23189e-16  1.68009e-17
      3746.34  2.04315e-16  1.68194e-17
      3749.09  2.29236e-16  1.69672e-17
      3751.84  1.80998e-16  1.60214e-17
      3754.59  2.20940e-16  1.56964e-17
      3757.34  2.09835e-16  2.21470e-17
      3760.09  1.99958e-16  2.96908e-17
      3762.83  2.23406e-16  1.47423e-17
      3765.58  2.00364e-16  2.78436e-17
      3768.33  2.35243e-16  1.54705e-17
      3771.08  2.32558e-16  1.90612e-17
      3773.83  2.15828e-16  1.50635e-17
      3776.58  2.37262e-16  1.54679e-17
      3779.33  2.19432e-16  1.66605e-17
      3782.07  2.16683e-16  1.47709e-17
      3784.82  2.17259e-16  4.01663e-17
      3787.57  2.17835e-16  1.48375e-17
      3790.32  2.26687e-16  1.61092e-17
      3793.07  2.01165e-16  2.17899e-17
      3795.82  2.44593e-16  1.49465e-17
      3798.57  2.38359e-16  1.91694e-17
      3801.32  2.03785e-16  1.41090e-17
      3804.06  1.72202e-16  1.47921e-17
      3806.81  2.26363e-16  1.53977e-17
      3809.56  2.06161e-16  1.38871e-17
      3812.31  2.34019e-16  1.48090e-17
      3815.06  2.31852e-16  1.51656e-17
      3817.81  2.01692e-16  1.34544e-17
      3820.56  1.98197e-16  1.38182e-17
      3823.30  1.73006e-16  1.49250e-17
      3826.05  1.43411e-16  1.51596e-17
      3828.80  1.75719e-16  1.30259e-17
      3831.55  2.01204e-16  1.35044e-17
      3834.30  1.89406e-16  1.35889e-17
      3837.05  1.79129e-16  1.31703e-17
      3839.80  1.70942e-16  1.24339e-17
      3842.54  1.36102e-16  1.25899e-17
      3845.29  1.65477e-16  1.26440e-17
      3848.04  1.45643e-16  1.21346e-17
      3850.79  1.16686e-16  1.50333e-17
      3853.54  1.46164e-16  1.20859e-17
      3856.29  1.23757e-16  1.84643e-17
      3859.04  1.19166e-16  1.13694e-17
      3861.79  1.13399e-16  1.16585e-17
      3864.53  1.21456e-16  1.47845e-17
      3867.28  1.11607e-16  1.20635e-17
      3870.03  1.40111e-16  1.38065e-17
      3872.78  1.11146e-16  1.16137e-17
      3875.53  8.55370e-17  3.39642e-17
      3878.28  1.10995e-16  1.09531e-17
      3881.03  1.08699e-16  1.09014e-17
      3883.77  6.58589e-17  2.49708e-17
      3886.52  9.79724e-17  1.08008e-17
      3889.27  8.43462e-17  1.17010e-17
      3892.02  1.04047e-16  1.11895e-17
      3894.77  1.05847e-16  1.06376e-17
      3897.52  1.13509e-16  1.09500e-17
      3900.27  1.00846e-16  1.10663e-17
      3903.02  1.12979e-16  1.13733e-17
      3905.76  7.90073e-17  1.02487e-17
      3908.51  9.15400e-17  1.01530e-17
      3911.26  1.07936e-16  1.03573e-17
      3914.01  1.01399e-16  1.35591e-17
      3916.76  1.01863e-16  1.13382e-17
      3919.51  9.89488e-17  1.20094e-17
      3922.26  9.60343e-17  2.59390e-17
      3925.00  9.31195e-17  1.13090e-17
      3927.75  9.02050e-17  1.13031e-17
      3930.50  8.72902e-17  1.06081e-17
      3933.25  8.43756e-17  1.39627e-17
      3936.00  9.29611e-17  1.04889e-17
      3938.75  1.03604e-16  1.01800e-17
      3941.50  6.41629e-17  1.07946e-17
      3944.24  9.22941e-17  1.16739e-17
      3946.99  9.05003e-17  1.13553e-17
      3949.74  1.03830e-16  1.02881e-17
      3952.49  7.85230e-17  9.37924e-18
      3955.24  1.03925e-16  1.45625e-17
      3957.99  1.06870e-16  9.86483e-18
      3960.74  9.64259e-17  1.00537e-17
      3963.49  9.74198e-17  9.71914e-18
      3966.23  9.23272e-17  9.69926e-18
      3968.98  9.16126e-17  9.43763e-18
      3971.73  9.47893e-17  1.01389e-17
      3974.48  8.50828e-17  1.21666e-17
      3977.23  1.08737e-16  1.13860e-17
      3979.98  9.03376e-17  1.56050e-17
      3982.73  1.20986e-16  1.29252e-17
      3985.47  1.23871e-16  1.12953e-17
      3988.22  6.59401e-17  2.32686e-17
      3990.97  1.13972e-16  1.00340e-17
      3993.72  1.20547e-16  9.72811e-18
      3996.47  1.12607e-16  1.31827e-17
      3999.22  1.07410e-16  9.70574e-18
      4001.97  1.03796e-16  1.22553e-17
      4004.71  9.38072e-17  1.04161e-17
      4007.46  1.32103e-16  9.96307e-18
      4010.21  1.18894e-16  1.03227e-17
      4012.96  1.25376e-16  1.01055e-17
      4015.71  1.53740e-16  1.51654e-17
      4018.46  1.60949e-16  1.12638e-17
      4021.21  1.91710e-16  1.17911e-17
      4023.95  1.97624e-16  1.09928e-17
      4026.70  1.67641e-16  1.00936e-17
      4029.45  1.79226e-16  1.07737e-17
      4032.20  1.90810e-16  3.83468e-17
      4034.95  2.02395e-16  1.02907e-17
      4037.70  1.84328e-16  1.04178e-17
      4040.44  2.06387e-16  1.10341e-17
      4043.19  2.08669e-16  1.23158e-17
      4045.94  2.03288e-16  1.07373e-17
      4048.69  1.88991e-16  1.89821e-17
      4051.44  2.30958e-16  1.26670e-17
      4054.19  1.73407e-16  2.69643e-17
      4056.94  2.44755e-16  1.59183e-17
      4059.68  2.59584e-16  1.11002e-17
      4062.43  2.69162e-16  1.45580e-17
      4065.18  2.10647e-16  1.20771e-17
      4067.93  2.44462e-16  1.10402e-17
      4070.68  2.60805e-16  1.12090e-17
      4073.43  2.84600e-16  1.10872e-17
      4076.18  2.87806e-16  1.10533e-17
      4078.92  2.71577e-16  1.08559e-17
      4081.67  2.69011e-16  1.06942e-17
      4084.42  2.82751e-16  1.13615e-17
      4087.17  2.95801e-16  1.12804e-17
      4089.92  2.57221e-16  2.02158e-17
      4092.67  2.90216e-16  1.09373e-17
      4095.41  2.98223e-16  1.11292e-17
      4098.16  2.60723e-16  1.51037e-17
      4100.91  2.77291e-16  1.96669e-17
      4103.66  2.87886e-16  1.12866e-17
      4106.41  3.12526e-16  1.14167e-17
      4109.16  2.49528e-16  1.27001e-17
      4111.90  3.02891e-16  1.31973e-17
      4114.65  2.69936e-16  1.33929e-17
      4117.40  2.69399e-16  1.27925e-17
      4120.15  3.05338e-16  1.28720e-17
      4122.90  2.84393e-16  1.36922e-17
      4125.65  2.79942e-16  1.15530e-17
      4128.40  3.08426e-16  1.53656e-17
      4131.14  2.44496e-16  1.06572e-17
      4133.89  2.56439e-16  1.06598e-17
      4136.64  2.58182e-16  1.03819e-17
      4139.39  2.97087e-16  1.14985e-17
      4142.14  2.68977e-16  1.40096e-17
      4144.88  2.70363e-16  1.04815e-17
      4147.63  2.84425e-16  1.10174e-17
      4150.38  2.60742e-16  1.07327e-17
      4153.13  2.71412e-16  1.40833e-17
      4155.88  2.39619e-16  1.08023e-17
      4158.63  2.61397e-16  1.19208e-17
      4161.37  2.65884e-16  1.13738e-17
      4164.12  2.63481e-16  1.30943e-17
      4166.87  2.61079e-16  2.09561e-17
      4169.62  2.58676e-16  1.01383e-17
      4172.37  2.56273e-16  1.27590e-17
      4175.12  2.53870e-16  1.01317e-17
      4177.86  2.48829e-16  1.03762e-17
      4180.61  2.40019e-16  1.03194e-17
      4183.36  2.17977e-16  1.50504e-17
      4186.11  2.48048e-16  1.00741e-17
      4188.86  2.61810e-16  1.05816e-17
      4191.60  2.55920e-16  1.00783e-17
      4194.35  2.62391e-16  1.08261e-17
      4197.10  2.65263e-16  1.02644e-17
      4199.85  2.59598e-16  1.03379e-17
      4202.60  2.77437e-16  1.13703e-17
      4205.35  2.77436e-16  1.04009e-17
      4208.09  2.71659e-16  1.04268e-17
      4210.84  2.66928e-16  1.19803e-17
      4213.59  2.64563e-16  1.10342e-17
      4216.34  2.31882e-16  1.93035e-17
      4219.09  2.59626e-16  1.30209e-17
      4221.83  2.76839e-16  1.08005e-17
      4224.58  2.63245e-16  1.46104e-17
      4227.33  2.85318e-16  1.17094e-17
      4230.08  2.85970e-16  1.01018e-17
      4232.83  2.94616e-16  1.02507e-17
      4235.58  2.81135e-16  1.05491e-17
      4238.32  2.92632e-16  1.08910e-17
      4241.07  2.87147e-16  1.04813e-17
      4243.82  2.82873e-16  1.02728e-17
      4246.57  3.08645e-16  1.05671e-17
      4249.32  2.90221e-16  1.44815e-17
      4252.06  2.90493e-16  1.03673e-17
      4254.81  3.06015e-16  1.06289e-17
      4257.56  3.07488e-16  1.07871e-17
      4260.31  2.94943e-16  1.02809e-17
      4263.06  3.22650e-16  1.09995e-17
      4265.80  3.02291e-16  1.03837e-17
      4268.55  2.98964e-16  1.66315e-17
      4271.30  2.89284e-16  1.18308e-17
      4274.05  2.74242e-16  1.08265e-17
      4276.79  3.13538e-16  1.07682e-17
      4279.54  2.83594e-16  1.04362e-17
      4282.29  2.99454e-16  1.05473e-17
      4285.04  3.11493e-16  1.05104e-17
      4287.79  3.04340e-16  1.05849e-17
      4290.53  2.61856e-16  1.21384e-17
      4293.28  2.76025e-16  1.06863e-17
      4296.03  3.06778e-16  1.07177e-17
      4298.78  2.77502e-16  9.98183e-18
      4301.53  2.81921e-16  1.01553e-17
      4304.27  2.90020e-16  1.08266e-17
      4307.02  2.79876e-16  1.15600e-17
      4309.77  2.57652e-16  1.16663e-17
      4312.52  3.12054e-16  1.05944e-17
      4315.26  2.73655e-16  1.02501e-17
      4318.01  2.57985e-16  9.99892e-18
      4320.76  2.70567e-16  1.00980e-17
      4323.51  2.13946e-16  2.17930e-17
      4326.26  2.71653e-16  9.75752e-18
      4329.00  2.75094e-16  1.01165e-17
      4331.75  2.71559e-16  9.77232e-18
      4334.50  2.42806e-16  9.35886e-18
      4337.25  2.56368e-16  9.86927e-18
      4339.99  2.60769e-16  9.75675e-18
      4342.74  2.15090e-16  1.93163e-17
      4345.49  2.76348e-16  1.07802e-17
      4348.24  2.69792e-16  9.52437e-18
      4350.98  2.45887e-16  9.33283e-18
      4353.73  2.38095e-16  9.18613e-18
      4356.48  2.41211e-16  9.13541e-18
      4359.23  2.40057e-16  9.42218e-18
      4361.98  2.50217e-16  9.86339e-18
      4364.72  2.46883e-16  9.30988e-18
      4367.47  2.57998e-16  1.04835e-17
      4370.22  2.57808e-16  9.34253e-18
      4372.97  2.59220e-16  1.00144e-17
      4375.71  2.30207e-16  1.19441e-17
      4378.46  2.69028e-16  1.07161e-17
      4381.21  2.66661e-16  1.02970e-17
      4383.96  2.50829e-16  9.44734e-18
      4386.70  2.67163e-16  9.59735e-18
      4389.45  2.60450e-16  9.36446e-18
      4392.20  2.67441e-16  9.86474e-18
      4394.95  2.24219e-16  8.74122e-18
      4397.69  2.48312e-16  9.28704e-18
      4400.44  2.32039e-16  8.99800e-18
      4403.19  2.36403e-16  9.44545e-18
      4405.94  2.55476e-16  1.03244e-17
      4408.68  2.45496e-16  9.78103e-18
      4411.43  2.36812e-16  9.65314e-18
      4414.18  2.35358e-16  9.09612e-18
      4416.92  2.29448e-16  8.96708e-18
      4419.67  2.24236e-16  8.81509e-18
      4422.42  2.12783e-16  8.81396e-18
      4425.17  2.22021e-16  9.93800e-18
      4427.91  1.97714e-16  8.36536e-18
      4430.66  2.09005e-16  9.34060e-18
      4433.41  2.05800e-16  8.93987e-18
      4436.16  1.90450e-16  1.04785e-17
      4438.90  2.16500e-16  1.14075e-17
      4441.65  2.11565e-16  8.82746e-18
      4444.40  2.05813e-16  8.56664e-18
      4447.14  1.98543e-16  9.08049e-18
      4449.89  1.84315e-16  9.87614e-18
      4452.64  2.11859e-16  1.00819e-17
      4455.39  2.01222e-16  1.00418e-17
      4458.13  1.64008e-16  8.70568e-18
      4460.88  1.85888e-16  8.72081e-18
      4463.63  1.97508e-16  8.81721e-18
      4466.37  1.78460e-16  8.34723e-18
      4469.12  1.76470e-16  8.14741e-18
      4471.87  1.64924e-16  8.27740e-18
      4474.62  1.77088e-16  9.79258e-18
      4477.36  1.58743e-16  8.23405e-18
      4480.11  1.74970e-16  7.95444e-18
      4482.86  1.55335e-16  7.81170e-18
      4485.60  1.71911e-16  7.92393e-18
      4488.35  1.63716e-16  8.33260e-18
      4491.10  1.67087e-16  7.92846e-18
      4493.84  1.65126e-16  8.18841e-18
      4496.59  1.35109e-16  7.63713e-18
      4499.34  1.60179e-16  8.02184e-18
      4502.08  1.51208e-16  8.36086e-18
      4504.83  1.43292e-16  7.60116e-18
      4507.58  1.37985e-16  1.00629e-17
      4510.33  1.33004e-16  9.92965e-18
      4513.07  1.52575e-16  7.81798e-18
      4515.82  1.37975e-16  7.95236e-18
      4518.57  1.57791e-16  7.69267e-18
      4521.31  1.64271e-16  8.43874e-18
      4524.06  1.52510e-16  1.01400e-17
      4526.81  1.36186e-16  8.17186e-18
      4529.55  1.59761e-16  7.91354e-18
      4532.30  1.58602e-16  8.15240e-18
      4535.05  1.52576e-16  7.93116e-18
      4537.79  1.65602e-16  7.92047e-18
      4540.54  1.51660e-16  8.56674e-18
      4543.29  1.32770e-16  1.55302e-17
      4546.03  1.56375e-16  9.91302e-18
      4548.78  1.73805e-16  8.10279e-18
      4551.53  1.51841e-16  7.86305e-18
      4554.27  1.50751e-16  8.55318e-18
      4557.02  1.75595e-16  8.64925e-18
      4559.77  1.68771e-16  1.24101e-17
      4562.51  1.58046e-16  8.56984e-18
      4565.26  1.66932e-16  7.79349e-18
      4568.01  1.81811e-16  8.63464e-18
      4570.75  1.82029e-16  8.20156e-18
      4573.50  1.79214e-16  7.85875e-18
      4576.25  1.67363e-16  8.63884e-18
      4578.99  1.76957e-16  7.91702e-18
      4581.74  1.82248e-16  8.67319e-18
      4584.49  1.86825e-16  8.65894e-18
      4587.23  1.91573e-16  8.19956e-18
      4589.98  1.76905e-16  8.09365e-18
      4592.72  1.74695e-16  8.07970e-18
      4595.47  1.87908e-16  8.12770e-18
      4598.22  2.02617e-16  8.32637e-18
      4600.96  1.87137e-16  9.11501e-18
      4603.71  2.07567e-16  9.42739e-18
      4606.46  2.18945e-16  8.69062e-18
      4609.20  1.93228e-16  8.20322e-18
      4611.95  1.94382e-16  8.20068e-18
      4614.69  2.19110e-16  8.73182e-18
      4617.44  2.06965e-16  8.37730e-18
      4620.19  2.10189e-16  8.33485e-18
      4622.93  2.10436e-16  9.29840e-18
      4625.68  2.13185e-16  9.87053e-18
      4628.43  2.33185e-16  9.18553e-18
      4631.17  2.17547e-16  8.78187e-18
      4633.92  2.18451e-16  9.30214e-18
      4636.66  2.34099e-16  8.56858e-18
      4639.41  2.30189e-16  9.63474e-18
      4642.16  2.08897e-16  1.02297e-17
      4644.90  2.44842e-16  1.05040e-17
      4647.65  2.31403e-16  1.05417e-17
      4650.39  1.93150e-16  9.65828e-18
      4653.14  1.92399e-16  1.00047e-17
      4655.89  2.22047e-16  9.11306e-18
      4658.63  2.24623e-16  8.57653e-18
      4661.38  2.35567e-16  8.57623e-18
      4664.12  2.15400e-16  8.28683e-18
      4666.87  2.39241e-16  8.96076e-18
      4669.62  1.55345e-16  2.92694e-17
      4672.36  2.32863e-16  8.81841e-18
      4675.11  2.29329e-16  8.84141e-18
      4677.85  2.29915e-16  8.70201e-18
      4680.60  2.49465e-16  8.76942e-18
      4683.34  2.42695e-16  8.96929e-18
      4686.09  2.57520e-16  9.84040e-18
      4688.84  2.29660e-16  8.58539e-18
      4691.58  2.55123e-16  1.11232e-17
      4694.33  2.41191e-16  9.82261e-18
      4697.07  2.28261e-16  8.78986e-18
      4699.82  2.49349e-16  8.71822e-18
      4702.56  2.23108e-16  9.74672e-18
      4705.31  2.43106e-16  9.30511e-18
      4708.06  2.64986e-16  9.04589e-18
      4710.80  2.63990e-16  8.99467e-18
      4713.55  2.49058e-16  8.87010e-18
      4716.29  2.55041e-16  9.25726e-18
      4719.04  2.50005e-16  8.93352e-18
      4721.78  2.63686e-16  8.97320e-18
      4724.53  2.50657e-16  9.27257e-18
      4727.27  2.53432e-16  8.94653e-18
      4730.02  2.55026e-16  8.88635e-18
      4732.77  2.42327e-16  9.13905e-18
      4735.51  2.39951e-16  1.00093e-17
      4738.26  2.72770e-16  1.09154e-17
      4741.00  2.48986e-16  8.88425e-18
      4743.75  2.52362e-16  9.45421e-18
      4746.49  2.40402e-16  8.79662e-18
      4749.24  2.41511e-16  8.76741e-18
      4751.98  2.51857e-16  8.82157e-18
      4754.73  2.63349e-16  9.12349e-18
      4757.47  2.06803e-16  1.16669e-17
      4760.22  2.34954e-16  1.12676e-17
      4762.96  2.54824e-16  1.14055e-17
      4765.71  2.47606e-16  9.53838e-18
      4768.45  2.46493e-16  9.57695e-18
      4771.20  2.52184e-16  1.06427e-17
      4773.94  2.42273e-16  8.72521e-18
      4776.69  2.33822e-16  8.88363e-18
      4779.43  2.24764e-16  1.07550e-17
      4782.18  2.37915e-16  1.71924e-17
      4784.92  2.43901e-16  8.82340e-18
      4787.67  2.30732e-16  8.91331e-18
      4790.41  2.26741e-16  8.73185e-18
      4793.16  2.38219e-16  8.59431e-18
      4795.90  2.28966e-16  8.63968e-18
      4798.65  2.18437e-16  1.05456e-17
      4801.39  2.47283e-16  8.82781e-18
      4804.14  2.39217e-16  8.86812e-18
      4806.88  2.22805e-16  8.58467e-18
      4809.63  2.22449e-16  8.56336e-18
      4812.37  2.03134e-16  1.37328e-17
      4815.12  2.27167e-16  8.70132e-18
      4817.86  2.48775e-16  9.32750e-18
      4820.61  2.44688e-16  1.13879e-17
      4823.35  2.43323e-16  9.94138e-18
      4826.10  2.23021e-16  1.06330e-17
      4828.84  2.48709e-16  1.07232e-17
      4831.59  2.44456e-16  8.60412e-18
      4834.33  2.43154e-16  8.62713e-18
      4837.08  2.49923e-16  8.67367e-18
      4839.82  2.46122e-16  8.79865e-18
      4842.56  2.37647e-16  9.63326e-18
      4845.31  2.31710e-16  1.30913e-17
      4848.05  2.44067e-16  9.97028e-18
      4850.80  2.33031e-16  8.64849e-18
      4853.54  2.35812e-16  9.35421e-18
      4856.29  2.06285e-16  8.53469e-18
      4859.03  2.35316e-16  8.73744e-18
      4861.78  2.33445e-16  8.78900e-18
      4864.52  1.84455e-16  1.36733e-17
      4867.27  2.08952e-16  9.41364e-18
      4870.01  2.04132e-16  8.44068e-18
      4872.75  2.07344e-16  8.24379e-18
      4875.50  1.95554e-16  8.16274e-18
      4878.24  2.18876e-16  8.33268e-18
      4880.99  2.08799e-16  8.56768e-18
      4883.73  2.10923e-16  8.53594e-18
      4886.48  2.07479e-16  8.27212e-18
      4889.22  1.96801e-16  8.61682e-18
      4891.96  1.91778e-16  8.82077e-18
      4894.71  2.22398e-16  8.83034e-18
      4897.45  2.00626e-16  8.85594e-18
      4900.20  2.23268e-16  1.06446e-17
      4902.94  1.92663e-16  8.15444e-18
      4905.68  1.70421e-16  1.58270e-17
      4908.43  1.90423e-16  7.95709e-18
      4911.17  1.87950e-16  7.91377e-18
      4913.92  1.69098e-16  7.74771e-18
      4916.66  1.89527e-16  7.95953e-18
      4919.40  1.93192e-16  8.23894e-18
      4922.15  1.80106e-16  7.84719e-18
      4924.89  1.81711e-16  7.88015e-18
      4927.63  1.70410e-16  7.94020e-18
      4930.38  1.69641e-16  8.02825e-18
      4933.12  1.90414e-16  8.20986e-18
      4935.87  1.71435e-16  7.54016e-18
      4938.61  1.59126e-16  7.74445e-18
      4941.35  1.60107e-16  8.08777e-18
      4944.10  1.61089e-16  2.10705e-17
      4946.84  1.62070e-16  7.54615e-18
      4949.58  1.63051e-16  7.76958e-18
      4952.33  1.64032e-16  7.57539e-18
      4955.07  1.82575e-16  7.96713e-18
      4957.81  1.47264e-16  1.01376e-17
      4960.56  1.71210e-16  8.35170e-18
      4963.30  1.54164e-16  8.64702e-18
      4966.05  1.86498e-16  8.89417e-18
      4968.79  1.68854e-16  9.43104e-18
      4971.53  1.30831e-16  1.39873e-17
      4974.28  1.76988e-16  8.90977e-18
      4977.02  1.66317e-16  7.55070e-18
      4979.76  1.74190e-16  7.53900e-18
      4982.51  1.82895e-16  7.99554e-18
      4985.25  1.65341e-16  9.04418e-18
      4987.99  1.54721e-16  7.85906e-18
      4990.74  1.73500e-16  8.15842e-18
      4993.48  1.63465e-16  9.04504e-18
      4996.22  1.65998e-16  8.25069e-18
      4998.96  1.75546e-16  9.44145e-18
      5001.71  1.61660e-16  7.79189e-18
      5004.45  1.48840e-16  7.25833e-18
      5007.19  1.57633e-16  7.66940e-18
      5009.94  1.58713e-16  7.46179e-18
      5012.68  1.47477e-16  7.12850e-18
      5015.42  1.58937e-16  7.44698e-18
      5018.17  1.52280e-16  7.48513e-18
      5020.91  1.43314e-16  7.42054e-18
      5023.65  1.55667e-16  8.53270e-18
      5026.40  1.60300e-16  7.76783e-18
      5029.14  1.43571e-16  7.07958e-18
      5031.88  1.58305e-16  7.94725e-18
      5034.62  1.59780e-16  7.41248e-18
      5037.37  1.54558e-16  7.35730e-18
      5040.11  1.54393e-16  8.12767e-18
      5042.85  1.45862e-16  7.31530e-18
      5045.59  1.29183e-16  7.23470e-18
      5048.34  1.49388e-16  7.14377e-18
      5051.08  1.46250e-16  8.61620e-18
      5053.82  1.58848e-16  7.66645e-18
      5056.56  1.43909e-16  7.33946e-18
      5059.31  1.38979e-16  8.55517e-18
      5062.05  1.41985e-16  7.21147e-18
      5064.79  1.42912e-16  7.31381e-18
      5067.54  1.39596e-16  7.03329e-18
      5070.28  1.36280e-16  1.45296e-17
      5073.02  1.32963e-16  8.70579e-18
      5075.76  1.48704e-16  7.15668e-18
      5078.50  1.43099e-16  7.27367e-18
      5081.25  1.42589e-16  7.32215e-18
      5083.99  1.36176e-16  6.88140e-18
      5086.73  1.51010e-16  8.53275e-18
      5089.47  1.58374e-16  7.58418e-18
      5092.22  1.33768e-16  1.69398e-17
      5094.96  1.57162e-16  7.52583e-18
      5097.70  1.65575e-16  7.27189e-18
      5100.44  1.56472e-16  7.29763e-18
      5103.18  1.57360e-16  7.46891e-18
      5105.93  1.66213e-16  8.42229e-18
      5108.67  1.67525e-16  1.64460e-17
      5111.41  1.68838e-16  9.08620e-18
      5114.15  1.72951e-16  8.29701e-18
      5116.89  1.72603e-16  9.15034e-18
      5119.64  1.70593e-16  7.72036e-18
      5122.38  1.79590e-16  8.30523e-18
      5125.12  1.57994e-16  7.40564e-18
      5127.86  1.72889e-16  7.38160e-18
      5130.60  1.72819e-16  7.57683e-18
      5133.35  1.68584e-16  7.49326e-18
      5136.09  1.56998e-16  7.80656e-18
      5138.83  1.66108e-16  7.42605e-18
      5141.57  1.63932e-16  7.56929e-18
      5144.31  1.27306e-16  8.21520e-18
      5147.05  1.43269e-16  7.73843e-18
      5149.80  1.49808e-16  7.11777e-18
      5152.54  1.38524e-16  6.92714e-18
      5155.28  1.29355e-16  1.04665e-17
      5158.02  1.19371e-16  1.26442e-17
      5160.76  1.31574e-16  8.11024e-18
      5163.50  1.34053e-16  7.17882e-18
      5166.24  1.46468e-16  7.05693e-18
      5168.99  1.41736e-16  8.25062e-18
      5171.73  1.44839e-16  7.48509e-18
      5174.47  1.31808e-16  7.92874e-18
      5177.21  1.49419e-16  7.37340e-18
      5179.95  1.34485e-16  8.87260e-18
      5182.69  1.32377e-16  6.93563e-18
      5185.43  1.30268e-16  1.56658e-17
      5188.17  1.28160e-16  6.76128e-18
      5190.92  1.26052e-16  7.81590e-18
      5193.66  1.42165e-16  6.90290e-18
      5196.40  1.30009e-16  7.33935e-18
      5199.14  1.07326e-16  1.13910e-17
      5201.88  1.23954e-16  6.72478e-18
      5204.62  1.42067e-16  7.70122e-18
      5207.36  1.16246e-16  7.86157e-18
      5210.10  1.18223e-16  1.07227e-17
      5212.84  1.48022e-16  7.91020e-18
      5215.58  1.37535e-16  7.15109e-18
      5218.33  1.21685e-16  7.25695e-18
      5221.07  1.27982e-16  6.82062e-18
      5223.81  1.18986e-16  6.89255e-18
      5226.55  1.15535e-16  6.78612e-18
      5229.29  1.25566e-16  9.06817e-18
      5232.03  1.24402e-16  7.09219e-18
      5234.77  1.25794e-16  7.31936e-18
      5237.51  1.22593e-16  6.76040e-18
      5240.25  1.24744e-16  6.84946e-18
      5242.99  1.21127e-16  6.84120e-18
      5245.73  1.35244e-16  7.20484e-18
      5248.47  1.37756e-16  6.97106e-18
      5251.21  1.26479e-16  6.84044e-18
      5253.95  1.41159e-16  6.92775e-18
      5256.69  1.42988e-16  7.05444e-18
      5259.43  1.40488e-16  7.33800e-18
      5262.17  1.40737e-16  8.75604e-18
      5264.91  1.45213e-16  7.04378e-18
      5267.65  1.44486e-16  7.06391e-18
      5270.39  1.37442e-16  7.89279e-18
      5273.13  1.63270e-16  7.29231e-18
      5275.88  1.24615e-16  8.10786e-18
      5278.62  1.48015e-16  7.22134e-18
      5281.36  1.61248e-16  8.29806e-18
      5284.10  1.55455e-16  7.43632e-18
      5286.84  1.60773e-16  7.60232e-18
      5289.58  1.55862e-16  7.38588e-18
      5292.32  1.63847e-16  7.57236e-18
      5295.06  1.47675e-16  7.27202e-18
      5297.79  1.56800e-16  7.32869e-18
      5300.53  1.54958e-16  7.45916e-18
      5303.27  1.66223e-16  7.68821e-18
      5306.01  1.64539e-16  7.61306e-18
      5308.75  1.69951e-16  7.60623e-18
      5311.49  1.80805e-16  7.80614e-18
      5314.23  1.71225e-16  7.61844e-18
      5316.97  1.71535e-16  7.44103e-18
      5319.71  1.81063e-16  7.77224e-18
      5322.45  1.77544e-16  7.69697e-18
      5325.19  1.64153e-16  8.41862e-18
      5327.93  1.91878e-16  8.43587e-18
      5330.67  1.86197e-16  7.66586e-18
      5333.41  1.95407e-16  7.81481e-18
      5336.15  1.77828e-16  7.78841e-18
      5338.89  1.87111e-16  1.08830e-17
      5341.63  2.06176e-16  9.37525e-18
      5344.37  1.91674e-16  8.41404e-18
      5347.11  2.00316e-16  7.81411e-18
      5349.85  1.96178e-16  7.83043e-18
      5352.59  2.08121e-16  1.45903e-17
      5355.32  2.04820e-16  8.28598e-18
      5358.06  2.16672e-16  8.56236e-18
      5360.80  1.84209e-16  8.01471e-18
      5363.54  2.03474e-16  8.09148e-18
      5366.28  1.99524e-16  7.95454e-18
      5369.02  1.99199e-16  7.84695e-18
      5371.76  2.04398e-16  8.61401e-18
      5374.50  2.29050e-16  9.04898e-18
      5377.24  2.20946e-16  8.39428e-18
      5379.98  2.45678e-16  8.97209e-18
      5382.71  2.25267e-16  9.30455e-18
      5385.45  1.98558e-16  9.43939e-18
      5388.19  1.94643e-16  8.18391e-18
      5390.93  2.06115e-16  7.90617e-18
      5393.67  1.90727e-16  7.82102e-18
      5396.41  2.21745e-16  8.13979e-18
      5399.15  1.96763e-16  7.98133e-18
      5401.88  2.16381e-16  9.43627e-18
      5404.62  1.97633e-16  8.68837e-18
      5407.36  2.13924e-16  8.11072e-18
      5410.10  2.07393e-16  8.30000e-18
      5412.84  1.95730e-16  7.89990e-18
      5415.58  1.91552e-16  8.11473e-18
      5418.31  2.13036e-16  8.21826e-18
      5421.05  2.08318e-16  8.65047e-18
      5423.79  1.46939e-16  1.98919e-17
      5426.53  2.08912e-16  8.30190e-18
      5429.27  2.01769e-16  8.48032e-18
      5432.01  2.05406e-16  8.19962e-18
      5434.74  1.93570e-16  8.39230e-18
      5437.48  1.95686e-16  8.08692e-18
      5440.22  1.98554e-16  8.50513e-18
      5442.96  2.12563e-16  8.14787e-18
      5445.70  1.98901e-16  8.57012e-18
      5448.43  2.03081e-16  9.48685e-18
      5451.17  1.92928e-16  8.51675e-18
      5453.91  1.98098e-16  8.37774e-18
      5456.65  1.89218e-16  7.91732e-18
      5459.39  1.95057e-16  8.12008e-18
      5462.12  1.90412e-16  8.26142e-18
      5464.86  1.66056e-16  8.44867e-18
      5467.60  1.84214e-16  7.92073e-18
      5470.34  1.79389e-16  1.05940e-17
      5473.07  1.78393e-16  8.81520e-18
      5475.81  1.79425e-16  7.96831e-18
      5478.55  1.64188e-16  7.56313e-18
      5481.29  1.66304e-16  7.76194e-18
      5484.02  1.65961e-16  4.70775e-17
      5486.76  1.65617e-16  8.29833e-18
      5489.50  1.65273e-16  8.96743e-18
      5492.24  1.62068e-16  8.14110e-18
      5494.97  1.48855e-16  8.14852e-18
      5497.71  1.36562e-16  8.07997e-18
      5500.45  1.75015e-16  1.01051e-17
      5503.19  1.72286e-16  8.77189e-18
      5505.92  1.33240e-16  8.00921e-18
      5508.66  1.51897e-16  8.19739e-18
      5511.40  1.56582e-16  7.81942e-18
      5514.13  1.28345e-16  7.68073e-18
      5516.87  1.57724e-16  7.75861e-18
      5519.61  1.52767e-16  7.87631e-18
      5522.34  1.39438e-16  8.33193e-18
      5525.08  1.38669e-16  1.52063e-17
      5527.82  1.53256e-16  7.89525e-18
      5530.55  1.49136e-16  8.16371e-18
      5533.29  1.41479e-16  7.92542e-18
      5536.03  1.44493e-16  8.38012e-18
      5538.76  1.39120e-16  8.08153e-18
      5541.50  1.43312e-16  7.65283e-18
      5544.24  1.42008e-16  7.62692e-18
      5546.97  1.46111e-16  7.82354e-18
      5549.71  1.42475e-16  7.63184e-18
      5552.45  1.35907e-16  7.73557e-18
      5555.18  8.36541e-17  2.81327e-17
      5557.92  1.30975e-16  7.11087e-18
      5560.66  1.48832e-16  7.59463e-18
      5563.39  1.36224e-16  8.31891e-18
      5566.13  1.48152e-16  7.65520e-18
      5568.87  1.47522e-16  7.67275e-18
      5571.60  1.51329e-16  7.58414e-18
      5574.34  1.36993e-16  7.28262e-18
      5577.07  1.47220e-16  7.90277e-18
      5579.81  1.62488e-16  7.69836e-18
      5582.55  1.49072e-16  7.72784e-18
      5585.28  1.45247e-16  7.52729e-18
      5588.02  1.50255e-16  7.62004e-18
      5590.75  1.46103e-16  8.13934e-18
      5593.49  1.51912e-16  7.53905e-18
      5596.23  1.64572e-16  8.22282e-18
      5598.96  1.20681e-16  1.52763e-17
      5601.70  1.42169e-16  7.40628e-18
      5604.43  1.48204e-16  7.58404e-18
      5607.17  1.44648e-16  9.88932e-18
      5609.90  1.43061e-16  9.33889e-18
      5612.64  1.47654e-16  8.02015e-18
      5615.38  1.54019e-16  8.00332e-18
      5618.11  1.51811e-16  7.66458e-18
      5620.85  1.44728e-16  7.57562e-18
      5623.58  1.47689e-16  7.55948e-18
      5626.32  1.62182e-16  7.97407e-18
      5629.05  1.32702e-16  8.85628e-18
      5631.79  1.47358e-16  8.14445e-18
      5634.52  1.43188e-16  8.14210e-18
      5637.26  1.54538e-16  1.29426e-17
      5639.99  1.69089e-16  7.74473e-18
      5642.73  1.54517e-16  7.97254e-18
      5645.46  1.51116e-16  7.56746e-18
      5648.20  1.48901e-16  8.93493e-18
      5650.93  1.58695e-16  7.70318e-18
      5653.67  1.51122e-16  8.10480e-18
      5656.40  1.32831e-16  7.40076e-18
      5659.14  1.55392e-16  8.02235e-18
      5661.87  1.61286e-16  8.12198e-18
      5664.61  1.46441e-16  8.22172e-18
      5667.34  1.48882e-16  7.77254e-18
      5670.08  1.42736e-16  7.67381e-18
      5672.81  1.41178e-16  7.95985e-18
      5675.55  1.45401e-16  7.73732e-18
      5678.28  1.39845e-16  7.70133e-18
      5681.02  1.36591e-16  7.50410e-18
      5683.75  1.47422e-16  7.78104e-18
      5686.48  1.31003e-16  7.70462e-18
      5689.22  1.31992e-16  1.14846e-17
      5691.95  1.23361e-16  1.08226e-17
      5694.69  1.32829e-16  8.07727e-18
      5697.42  1.19108e-16  7.52005e-18
      5700.16  1.92627e-16  1.19931e-17
