      2888.94 -5.11451e-15  3.52303e-15
      2891.68  5.13736e-15  2.41115e-15
      2894.43  3.18158e-15  1.81134e-15
      2897.17  4.26666e-16  1.27052e-15
      2899.92 -7.11895e-16  1.04339e-15
      2902.66 -1.76967e-16  9.93798e-16
      2905.41 -6.73803e-16  8.02834e-16
      2908.15  3.36802e-16  7.32246e-16
      2910.90 -2.25292e-15  1.52334e-15
      2913.65 -5.15876e-16  5.78971e-16
      2916.39  2.87211e-16  5.60385e-16
      2919.14 -1.64726e-16  4.67276e-16
      2921.88  2.56132e-16  4.19038e-16
      2924.63 -1.04255e-16  4.05148e-16
      2927.37 -1.32415e-15  4.53488e-16
      2930.12  4.93029e-17  3.03915e-16
      2932.86 -3.77227e-16  4.05338e-16
      2935.61 -3.07098e-16  4.24546e-16
      2938.35 -2.36963e-16  1.18769e-15
      2941.10 -1.66828e-16  1.88984e-16
      2943.84 -9.66924e-17  1.92175e-16
      2946.59 -2.65572e-17  1.79225e-16
      2949.33  4.35779e-17  1.52674e-16
      2952.08  1.13713e-16  1.16115e-16
      2954.82  1.83854e-16  1.06245e-16
      2957.57 -5.99955e-17  9.59941e-17
      2960.32 -2.37575e-17  1.63251e-16
      2963.06  3.44972e-17  8.15913e-17
      2965.81  1.64353e-17  7.61548e-17
      2968.55  1.64887e-16  7.59177e-17
      2971.30  4.47583e-17  7.07896e-17
      2974.04 -4.82354e-17  6.71874e-17
      2976.79  9.65877e-17  6.41581e-17
      2979.53  6.67938e-17  6.62285e-17
      2982.28  6.43146e-17  7.28402e-17
      2985.03  6.18354e-17  7.53099e-17
      2987.77  5.93561e-17  1.28255e-16
      2990.52  5.68767e-17  5.99612e-17
      2993.26  5.43975e-17  6.52769e-17
      2996.01  5.19180e-17  6.83720e-17
      2998.75  4.94386e-17  5.41269e-17
      3001.50  4.69593e-17  5.97676e-17
      3004.25  4.44799e-17  5.75173e-17
      3006.99  4.20004e-17  1.60758e-16
      3009.74  3.95210e-17  5.26555e-17
      3012.48  3.70415e-17  5.60976e-17
      3015.23  3.45619e-17  5.46446e-17
      3017.98  3.20824e-17  2.21157e-16
      3020.72  1.99855e-17  4.92303e-17
      3023.47  4.05361e-17  4.71903e-17
      3026.21  4.28089e-17  4.86729e-17
      3028.96  2.81147e-17  4.74475e-17
      3031.71  6.36568e-17  4.64474e-17
      3034.45  2.19947e-18  4.66740e-17
      3037.20  3.86008e-17  4.84492e-17
      3039.94 -2.55083e-17  8.19214e-17
      3042.69 -3.52844e-18  5.10564e-17
      3045.44  6.33866e-17  4.49714e-17
      3048.18  5.26757e-17  4.34070e-17
      3050.93  1.58363e-17  4.46060e-17
      3053.67 -2.62869e-18  3.94764e-17
      3056.42  2.52389e-17  3.99190e-17
      3059.17 -2.39483e-17  5.83869e-17
      3061.91  7.26656e-17  3.95719e-17
      3064.66  1.97969e-17  3.81423e-17
      3067.41  1.24148e-17  3.84952e-17
      3070.15  5.51200e-17  3.86512e-17
      3072.90  4.09122e-17  3.80609e-17
      3075.64  4.61648e-17  3.59170e-17
      3078.39  3.73048e-17  3.96173e-17
      3081.14  4.84200e-17  4.11054e-17
      3083.88 -1.31746e-16  1.04400e-16
      3086.63  1.04541e-16  3.67098e-17
      3089.38  8.79074e-17  5.52824e-17
      3092.12  6.22740e-17  3.98981e-17
      3094.87 -7.51060e-18  6.07185e-17
      3097.61 -7.72890e-17  7.02682e-17
      3100.36  2.28992e-17  3.48481e-17
      3103.11  6.62693e-17  3.48700e-17
      3105.85  1.32512e-16  4.25985e-17
      3108.60  4.91472e-18  3.57250e-17
      3111.35  1.09964e-16  3.70981e-17
      3114.09  8.05782e-17  3.67060e-17
      3116.84 -3.54199e-18  7.67877e-17
      3119.59  4.01648e-18  3.35053e-17
      3122.33  4.50903e-17  3.23723e-17
      3125.08  3.03088e-17  3.22829e-17
      3127.83  1.37164e-17  3.41529e-17
      3130.57  7.55596e-17  3.73597e-17
      3133.32  1.08417e-16  3.49802e-17
      3136.07  6.53884e-17  4.29040e-17
      3138.81  9.07017e-17  3.71533e-17
      3141.56  2.06543e-16  2.49840e-16
      3144.31  4.92011e-18  5.62531e-17
      3147.05  2.21751e-17  3.22859e-17
      3149.80  1.90832e-17  4.00354e-17
      3152.55 -3.40684e-17  3.57785e-17
      3155.29 -4.46466e-17  4.20635e-17
      3158.04  5.35010e-18  3.54579e-17
      3160.79  4.20277e-17  4.53961e-17
      3163.54 -7.09067e-17  5.88550e-17
      3166.28 -1.22778e-17  2.81188e-17
      3169.03  9.00634e-17  3.39294e-17
      3171.78  3.66650e-18  3.00827e-17
      3174.52  7.44043e-17  3.58465e-17
      3177.27  4.63243e-17  3.18875e-17
      3180.02  5.42118e-17  3.70074e-17
      3182.76  3.70113e-17  2.78087e-17
      3185.51  2.43792e-17  2.85828e-17
      3188.26  3.11274e-17  5.69734e-17
      3191.00  8.49293e-17  2.97916e-17
      3193.75  3.19184e-17  2.72108e-17
      3196.50  9.10606e-17  2.97925e-17
      3199.25  2.41007e-17  3.09649e-17
      3201.99  2.65658e-17  3.01191e-17
      3204.74  6.67698e-17  2.84557e-17
      3207.49  3.90253e-17  3.22865e-17
      3210.23  9.82132e-18  2.86071e-17
      3212.98  1.12281e-17  2.66634e-17
      3215.73  1.08623e-16  3.30068e-17
      3218.48  2.44295e-17  2.60908e-17
      3221.22  1.65766e-17  2.72058e-17
      3223.97  5.69880e-17  2.64282e-17
      3226.72 -3.79876e-17  3.60330e-17
      3229.46  6.16757e-17  2.62252e-17
      3232.21  6.31240e-17  2.50148e-17
      3234.96  5.04496e-17  2.59750e-17
      3237.71  2.52197e-17  2.57494e-17
      3240.45 -5.52891e-17  5.38146e-17
      3243.20  2.47504e-17  2.63932e-17
      3245.95  4.49104e-17  2.45368e-17
      3248.70 -2.07048e-17  2.55770e-17
      3251.44  2.49550e-17  2.66019e-17
      3254.19 -2.20647e-18  2.52066e-17
      3256.94  4.54906e-17  3.16229e-17
      3259.69  6.26464e-17  2.61298e-17
      3262.43  1.38910e-18  2.41921e-17
      3265.18 -2.01547e-18  2.39349e-17
      3267.93  3.21606e-17  2.66169e-17
      3270.67  1.06316e-17  2.25608e-17
      3273.42  4.96104e-17  2.71713e-17
      3276.17  5.23859e-17  2.69174e-17
      3278.92  4.56985e-17  2.31121e-17
      3281.66  3.00297e-17  2.46220e-17
      3284.41  6.42543e-17  2.87957e-17
      3287.16  5.04250e-17  2.83584e-17
      3289.91  1.13068e-17  2.22918e-17
      3292.66  1.75901e-17  2.23717e-17
      3295.40 -8.82652e-18  2.59362e-17
      3298.15  1.22751e-17  2.30070e-17
      3300.90  2.08643e-17  2.24965e-17
      3303.65  3.13769e-17  2.47667e-17
      3306.39  4.62674e-17  2.32960e-17
      3309.14  2.66804e-17  2.34153e-17
      3311.89  4.15699e-17  2.43652e-17
      3314.64 -1.21316e-17  2.35481e-17
      3317.38  6.69957e-17  2.28548e-17
      3320.13  6.45564e-17  2.19782e-17
      3322.88  2.69332e-17  2.16005e-17
      3325.63  2.29779e-17  3.43825e-17
      3328.37  7.52409e-17  2.32256e-17
      3331.12 -3.08576e-18  2.29476e-17
      3333.87  8.12510e-17  2.52134e-17
      3336.62  4.28475e-17  2.33623e-17
      3339.37  1.06908e-16  2.30688e-17
      3342.11  6.64995e-17  2.22654e-17
      3344.86  4.40986e-17  2.28732e-17
      3347.61  6.69884e-17  2.61863e-17
      3350.36  5.03506e-17  2.14132e-16
      3353.10  3.37127e-17  2.05688e-17
      3355.85  1.70749e-17  2.13381e-17
      3358.60  4.37023e-19  3.44048e-17
      3361.35  5.88189e-18  2.13535e-17
      3364.10  5.71150e-17  2.45171e-17
      3366.84  3.73467e-17  2.05183e-17
      3369.59 -2.26143e-18  1.94827e-17
      3372.34  4.09004e-18  1.99641e-17
      3375.09  2.47552e-17  1.97770e-17
      3377.84  6.42458e-17  2.11541e-17
      3380.58  3.12744e-17  2.05836e-17
      3383.33  6.84802e-17  2.14903e-17
      3386.08  2.36835e-17  2.17564e-17
      3388.83  1.00909e-16  3.05118e-17
      3391.58  9.24672e-17  1.81696e-16
      3394.32  8.40253e-17  2.03438e-17
      3397.07  7.55833e-17  3.17135e-17
      3399.82  6.71422e-17  2.91194e-17
      3402.57  5.87002e-17  1.92347e-17
      3405.32  5.02583e-17  1.88048e-17
      3408.06  4.45412e-17  1.93000e-17
      3410.81  5.12936e-17  2.26283e-17
      3413.56  5.80454e-17  5.12691e-17
      3416.31  6.47973e-17  1.93708e-17
      3419.06  6.18939e-17  2.41769e-17
      3421.80  5.64941e-17  4.53689e-17
      3424.55  5.10937e-17  2.31812e-17
      3427.30  4.56939e-17  2.01444e-17
      3430.05  4.02940e-17  2.01334e-17
      3432.80  6.92502e-17  1.98460e-17
      3435.54  1.81489e-17  3.02435e-17
      3438.29  2.47125e-17  3.44476e-17
      3441.04  7.11470e-17  1.93042e-17
      3443.79  4.01562e-17  1.85307e-17
      3446.54  4.83109e-17  1.88059e-17
      3449.29  5.90333e-17  2.05787e-17
      3452.03  3.95990e-18  3.96156e-17
      3454.78  1.65881e-17  2.02560e-17
      3457.53  2.74621e-17  1.83220e-17
      3460.28  2.79755e-17  1.82601e-17
      3463.03  7.61203e-17  1.94049e-17
      3465.78  4.67828e-17  1.84504e-17
      3468.52  2.91130e-17  1.87093e-17
      3471.27  4.78493e-17  1.92078e-17
      3474.02  4.26165e-17  1.86513e-17
      3476.77  2.64446e-17  1.78069e-17
      3479.52  1.89251e-17  1.76685e-17
      3482.26  5.81056e-17  1.78459e-17
      3485.01  4.87060e-17  1.77537e-17
      3487.76  5.20778e-17  1.76444e-17
      3490.51  8.16109e-17  1.84851e-17
      3493.26  5.50291e-17  2.16676e-17
      3496.01  5.58607e-17  1.81667e-17
      3498.76  6.06136e-17  2.14304e-17
      3501.50  5.50810e-17  1.88225e-17
      3504.25  3.31993e-17  1.73804e-17
      3507.00  3.08927e-17  2.21049e-17
      3509.75  9.46622e-17  1.82534e-17
      3512.50  9.81228e-17  2.02453e-17
      3515.25  7.21836e-17  1.97015e-17
      3517.99  7.90494e-17  2.07314e-17
      3520.74  4.73604e-17  1.71466e-17
      3523.49  6.18048e-17  1.87262e-17
      3526.24  3.85796e-17  1.78614e-17
      3528.99  6.17573e-17  1.81635e-17
      3531.74  2.62519e-17  1.78192e-17
      3534.48  3.01127e-17  1.69485e-17
      3537.23  2.27848e-17  3.52784e-17
      3539.98  3.77680e-17  1.70407e-17
      3542.73  4.40204e-17  1.80122e-17
      3545.48  6.82510e-17  1.83219e-17
      3548.23  3.62817e-17  2.41569e-17
      3550.98  3.49277e-17  1.65179e-17
      3553.72  4.57275e-17  1.70583e-17
      3556.47  6.67154e-17  2.38336e-17
      3559.22  5.51865e-17  1.66799e-17
      3561.97  2.67498e-17  1.66984e-17
      3564.72  7.36812e-17  2.02214e-17
      3567.47  5.36526e-17  1.78339e-17
      3570.22  3.76832e-17  1.64412e-17
      3572.96  2.54572e-17  1.62988e-17
      3575.71  5.27406e-17  1.95466e-17
      3578.46  3.73710e-17  1.73265e-17
      3581.21  5.41505e-17  1.69727e-17
      3583.96  4.69408e-17  1.88805e-17
      3586.71  4.20636e-17  2.00813e-17
      3589.46  3.87352e-17  1.60060e-17
      3592.20  3.29368e-17  1.57834e-17
      3594.95  2.81945e-17  1.66408e-17
      3597.70  5.12292e-17  1.66664e-17
      3600.45  7.06716e-17  1.60093e-17
      3603.20  5.37449e-17  1.81171e-17
      3605.95  4.27557e-17  2.47735e-17
      3608.70  6.95965e-17  2.00237e-17
      3611.44  5.24675e-17  2.11694e-17
      3614.19  4.80699e-17  2.33192e-17
      3616.94  3.96692e-17  1.86555e-17
      3619.69  3.11523e-17  1.82517e-17
      3622.44  7.02393e-17  1.67960e-17
      3625.19  6.35577e-17  2.08590e-17
      3627.94  3.84308e-17  2.01595e-17
      3630.69  6.47609e-17  1.67200e-17
      3633.43  5.06317e-17  4.13354e-17
      3636.18  1.99545e-17  1.64650e-17
      3638.93  6.90129e-17  1.66649e-17
      3641.68  6.04191e-17  1.55807e-17
      3644.43  2.76572e-17  1.64604e-17
      3647.18  7.70190e-17  1.61480e-17
      3649.93  9.23965e-17  1.55462e-17
      3652.68  5.79305e-17  1.59860e-17
      3655.42  5.88494e-17  2.94554e-17
      3658.17  5.30425e-17  1.59138e-17
      3660.92  7.13296e-17  1.76757e-17
      3663.67  7.33539e-17  1.56392e-17
      3666.42  5.35012e-17  2.22151e-17
      3669.17  7.57507e-17  1.51593e-17
      3671.92  9.13253e-17  1.60301e-17
      3674.67  4.70944e-17  3.61212e-17
      3677.41 -9.91823e-19  4.14286e-17
      3680.16  5.88718e-17  1.54804e-17
      3682.91  7.00715e-17  1.72572e-17
      3685.66  8.16270e-17  2.40320e-17
      3688.41  4.45864e-17  1.60361e-17
      3691.16  6.95359e-17  1.67922e-17
      3693.91  5.28329e-17  1.65900e-17
      3696.66  6.97764e-17  1.85864e-17
      3699.40  4.93784e-17  2.54039e-17
      3702.15  2.89803e-17  1.77932e-16
      3704.90  8.58227e-18  2.00522e-17
      3707.65  6.04284e-17  2.05262e-17
      3710.40  4.38009e-17  1.39887e-17
      3713.15  4.71231e-17  1.44448e-17
      3715.90  3.69420e-17  1.36072e-17
      3718.65  6.15396e-17  1.36687e-17
      3721.40  5.46338e-17  1.49524e-17
      3724.14  6.19960e-17  1.46030e-17
      3726.89  3.42199e-17  1.33171e-17
      3729.64  4.51483e-17  1.43649e-17
      3732.39  5.60758e-17  1.51993e-17
      3735.14  6.70033e-17  2.11081e-17
      3737.89  7.79318e-17  1.42195e-17
      3740.64  6.70177e-17  1.58585e-17
      3743.39  5.75748e-17  1.40119e-17
      3746.14  5.25427e-17  1.54994e-17
      3748.88  6.01851e-17  1.49399e-17
      3751.63  8.58047e-17  1.49225e-17
      3754.38  4.56181e-17  3.19849e-17
      3757.13  5.64105e-17  3.06079e-17
      3759.88  6.66151e-17  1.26684e-17
      3762.63  3.25530e-17  3.08558e-17
      3765.38  5.77063e-17  1.32738e-17
      3768.13  3.25397e-17  1.78477e-17
      3770.88  4.74903e-17  1.41281e-17
      3773.62  6.42491e-17  1.26558e-17
      3776.37  5.27292e-17  1.42023e-17
      3779.12  6.57006e-17  1.29344e-17
      3781.87 -8.06998e-18  3.42298e-17
      3784.62  1.02101e-16  1.36798e-17
      3787.37  8.67357e-17  1.60616e-17
      3790.12  4.53110e-17  2.32903e-17
      3792.87  4.89192e-17  1.26501e-17
      3795.62  4.36324e-17  1.82444e-17
      3798.36  3.59089e-17  1.14572e-17
      3801.11  5.84268e-17  1.16786e-17
      3803.86  7.21785e-17  1.37692e-17
      3806.61  4.52090e-17  1.19179e-17
      3809.36  6.81397e-17  1.28680e-17
      3812.11  5.65314e-17  1.49313e-17
      3814.86  9.10773e-17  1.27469e-17
      3817.61  5.27038e-17  1.20421e-17
      3820.36  5.89878e-17  1.17336e-17
      3823.10  4.21496e-17  1.16889e-17
      3825.85  8.00330e-17  1.19128e-17
      3828.60  6.42906e-17  1.23841e-17
      3831.35  6.77002e-17  1.26453e-17
      3834.10  5.93446e-17  1.21484e-17
      3836.85  6.34287e-17  1.12218e-17
      3839.60  5.46480e-17  1.16565e-17
      3842.35  5.57708e-17  1.11194e-17
      3845.10  5.68937e-17  1.11684e-17
      3847.84  5.80165e-17  1.47166e-17
      3850.59  5.91394e-17  1.11000e-17
      3853.34  4.47387e-17  1.86710e-17
      3856.09  6.17021e-17  1.09158e-17
      3858.84  7.56676e-17  1.13370e-17
      3861.59  5.31163e-17  1.41812e-17
      3864.34  7.49359e-17  1.12642e-17
      3867.09  6.35902e-17  1.23156e-17
      3869.84  7.24812e-17  1.13263e-17
      3872.59  3.70493e-17  3.57296e-17
      3875.33  7.09966e-17  1.16066e-17
      3878.08  8.33834e-17  1.16094e-17
      3880.83  3.52642e-17  2.30796e-17
      3883.58  8.52469e-17  1.05759e-17
      3886.33  8.40333e-17  1.09722e-17
      3889.08  9.88085e-17  1.09896e-17
      3891.83  7.34732e-17  1.05017e-17
      3894.58  7.46606e-17  1.10063e-17
      3897.33  9.53066e-17  1.11320e-17
      3900.07  6.87112e-17  1.28548e-17
      3902.82  8.51820e-17  1.10384e-17
      3905.57  8.36461e-17  1.02226e-17
      3908.32  7.51396e-17  9.94901e-18
      3911.07  9.36011e-17  1.66482e-17
      3913.82  6.42180e-17  9.99445e-18
      3916.57  8.36569e-17  1.11081e-17
      3919.32  9.89464e-18  1.89865e-17
      3922.07  6.47276e-17  1.07678e-17
      3924.81  6.58873e-17  1.11726e-17
      3927.56  7.64836e-17  1.01215e-17
      3930.31  5.68858e-17  1.20576e-17
      3933.06  5.32897e-17  9.49499e-18
      3935.81  5.50870e-17  9.88062e-18
      3938.56  8.69101e-17  1.09861e-17
      3941.31  7.85148e-17  1.06257e-17
      3944.06  6.41472e-17  1.02132e-17
      3946.81  6.69453e-17  9.40813e-18
      3949.55  5.27325e-17  9.09506e-18
      3952.30  4.54546e-17  1.84843e-17
      3955.05  7.03913e-17  9.87186e-18
      3957.80  5.12786e-17  9.76113e-18
      3960.55  6.74987e-17  9.72741e-18
      3963.30  4.10303e-17  9.36330e-18
      3966.05  5.36246e-17  9.38431e-18
      3968.80  6.42398e-17  1.00632e-17
      3971.55  6.99256e-17  1.16785e-17
      3974.29  4.83957e-17  1.08879e-17
      3977.04  4.02199e-17  1.88081e-17
      3979.79  3.23572e-17  1.28330e-17
      3982.54  6.45750e-17  9.59704e-18
      3985.29  1.74339e-17  2.47740e-17
      3988.04  4.82096e-17  9.25467e-18
      3990.79  4.68230e-17  9.14154e-18
      3993.54  4.54363e-17  1.49882e-17
      3996.29  4.40497e-17  1.01654e-17
      3999.03  4.26631e-17  1.25380e-17
      4001.78  4.12764e-17  9.65136e-18
      4004.53  4.68503e-17  8.85428e-18
      4007.28  4.80999e-17  9.18109e-18
      4010.03  4.08034e-17  8.80178e-18
      4012.78  3.41811e-17  1.53459e-17
      4015.53  4.76957e-17  1.04855e-17
      4018.28  4.05466e-17  1.00478e-17
      4021.03  3.38419e-17  1.02086e-17
      4023.77  4.50679e-17  8.26760e-18
      4026.52  5.82399e-17  9.44713e-18
      4029.27  5.87952e-17  3.63326e-17
      4032.02  5.93506e-17  8.39015e-18
      4034.77  5.99059e-17  8.68967e-18
      4037.52  4.60689e-17  8.81158e-18
      4040.27  4.32239e-17  1.32783e-17
      4043.02  4.98108e-17  9.59730e-18
      4045.76  4.19503e-17  1.27578e-17
      4048.51  4.49255e-17  1.09833e-17
      4051.26  4.79007e-17  3.12406e-17
      4054.01  5.08759e-17  1.54145e-17
      4056.76  5.38511e-17  8.56253e-18
      4059.51  5.68263e-17  1.71160e-17
      4062.26  5.98015e-17  8.91747e-18
      4065.01  6.91597e-17  9.01208e-18
      4067.75  5.68620e-17  8.54315e-18
      4070.50  7.29815e-17  8.43061e-18
      4073.25  5.67346e-17  8.36054e-18
      4076.00  5.61697e-17  8.44635e-18
      4078.75  6.85297e-17  8.20674e-18
      4081.50  5.90983e-17  8.96200e-18
      4084.25  6.93985e-17  8.77771e-18
      4087.00  1.06020e-16  1.94437e-17
      4089.74  8.36223e-17  8.47073e-18
      4092.49  9.15319e-17  8.74566e-18
      4095.24  6.27096e-17  1.40701e-17
      4097.99  7.80031e-17  1.77901e-17
      4100.74  7.48655e-17  8.58491e-18
      4103.49  9.94553e-17  9.31633e-18
      4106.24  1.04234e-16  1.00682e-17
      4108.98  9.70534e-17  9.41759e-18
      4111.73  8.94947e-17  8.53223e-18
      4114.48  8.99130e-17  8.70848e-18
      4117.23  1.05780e-16  9.54952e-18
      4119.98  1.06915e-16  1.26722e-17
      4122.73  9.14624e-17  8.54770e-18
      4125.48  7.35983e-17  1.45002e-17
      4128.23  9.41056e-17  8.41968e-18
      4130.97  9.60953e-17  9.06543e-18
      4133.72  1.08433e-16  8.62928e-18
      4136.47  1.05050e-16  1.10663e-17
      4139.22  1.28650e-16  1.26562e-17
      4141.97  1.09562e-16  8.51162e-18
      4144.72  1.04800e-16  9.05746e-18
      4147.47  1.40340e-16  9.57670e-18
      4150.21  1.18243e-16  1.34201e-17
      4152.96  1.15943e-16  8.95451e-18
      4155.71  1.16279e-16  8.95949e-18
      4158.46  1.27705e-16  9.01463e-18
      4161.21  1.27633e-16  1.04252e-17
      4163.96  1.27562e-16  1.07942e-17
      4166.71  1.27490e-16  9.83937e-18
      4169.45  1.27419e-16  1.34558e-17
      4172.20  1.27347e-16  9.05398e-18
      4174.95  1.27275e-16  9.07218e-18
      4177.70  1.34777e-16  9.47300e-18
      4180.45  1.04941e-16  1.53277e-17
      4183.20  1.22829e-16  8.80927e-18
      4185.95  1.19460e-16  1.02156e-17
      4188.69  1.30300e-16  8.69928e-18
      4191.44  1.06294e-16  9.62899e-18
      4194.19  1.20256e-16  8.64180e-18
      4196.94  1.25165e-16  8.87585e-18
      4199.69  1.38093e-16  1.16579e-17
      4202.44  1.22077e-16  8.87024e-18
      4205.18  1.22149e-16  8.88880e-18
      4207.93  1.12131e-16  1.04180e-17
      4210.68  1.07172e-16  9.12254e-18
      4213.43  1.08396e-16  1.85403e-17
      4216.18  1.00735e-16  1.16530e-17
      4218.93  9.26549e-17  8.87672e-18
      4221.67  8.89532e-17  1.17402e-17
      4224.42  9.52827e-17  8.21107e-18
      4227.17  9.47890e-17  7.84209e-18
      4229.92  9.48361e-17  7.92515e-18
      4232.67  1.01715e-16  8.87982e-18
      4235.42  1.05750e-16  9.00063e-18
      4238.16  9.59478e-17  8.59225e-18
      4240.91  8.65698e-17  8.13850e-18
      4243.66  1.02295e-16  8.30823e-18
      4246.41  1.00308e-16  1.25879e-17
      4249.16  9.83220e-17  8.05466e-18
      4251.91  9.63353e-17  8.27366e-18
      4254.65  8.81900e-17  8.59646e-18
      4257.40  8.57420e-17  8.02843e-18
      4260.15  9.45924e-17  8.68028e-18
      4262.90  7.93371e-17  7.68414e-18
      4265.65  7.48028e-17  1.59762e-17
      4268.40  9.49201e-17  9.09132e-18
      4271.14  8.97883e-17  8.24079e-18
      4273.89  9.08221e-17  9.60395e-18
      4276.64  7.55422e-17  7.90912e-18
      4279.39  8.45127e-17  7.64959e-18
      4282.14  9.43626e-17  8.12093e-18
      4284.88  8.41627e-17  8.03733e-18
      4287.63  9.48342e-17  7.71455e-18
      4290.38  9.68673e-17  7.89814e-18
      4293.13  8.01296e-17  7.94426e-18
      4295.88  1.07098e-16  7.91584e-18
      4298.63  1.07418e-16  8.16869e-18
      4301.37  9.87651e-17  8.19312e-18
      4304.12  1.05462e-16  7.86027e-18
      4306.87  9.55160e-17  7.77854e-18
      4309.62  1.11891e-16  8.01723e-18
      4312.37  1.02863e-16  8.39905e-18
      4315.11  1.06393e-16  8.54419e-18
      4317.86  1.06376e-16  8.43644e-18
      4320.61  9.52215e-17  2.23686e-17
      4323.36  1.15087e-16  8.11121e-18
      4326.11  1.12283e-16  8.48115e-18
      4328.85  1.05252e-16  8.55899e-18
      4331.60  1.00645e-16  7.82279e-18
      4334.35  1.07232e-16  9.91720e-18
      4337.10  1.02354e-16  8.12902e-18
      4339.85  7.72618e-17  1.37340e-17
      4342.59  9.82346e-17  9.15829e-18
      4345.34  1.04716e-16  7.51540e-18
      4348.09  1.02741e-16  7.91392e-18
      4350.84  9.89389e-17  7.99721e-18
      4353.59  7.91301e-17  7.57788e-18
      4356.33  9.70473e-17  7.69278e-18
      4359.08  9.31259e-17  8.19986e-18
      4361.83  8.75577e-17  7.77766e-18
      4364.58  9.00458e-17  9.46763e-18
      4367.32  9.17473e-17  8.58779e-18
      4370.07  1.04769e-16  9.43118e-18
      4372.82  8.17746e-17  9.90201e-18
      4375.57  9.08268e-17  8.74730e-18
      4378.32  7.55458e-17  8.50183e-18
      4381.06  8.58880e-17  7.57681e-18
      4383.81  8.73730e-17  1.00169e-17
      4386.56  9.58139e-17  8.15088e-18
      4389.31  7.77010e-17  7.21466e-18
      4392.06  7.27932e-17  7.01997e-18
      4394.80  7.85813e-17  7.18691e-18
      4397.55  5.96402e-17  7.35335e-18
      4400.30  8.31855e-17  7.47433e-18
      4403.05  8.11444e-17  8.43195e-18
      4405.79  1.02385e-16  8.29200e-18
      4408.54  7.25248e-17  8.65375e-18
      4411.29  7.65763e-17  7.41381e-18
      4414.04  9.61293e-17  7.86388e-18
      4416.78  8.03617e-17  7.36230e-18
      4419.53  8.84826e-17  7.46770e-18
      4422.28  7.99290e-17  9.04599e-18
      4425.03  8.72569e-17  7.36075e-18
      4427.77  7.42988e-17  7.82900e-18
      4430.52  8.39057e-17  7.64748e-18
      4433.27  8.26135e-17  9.75456e-18
      4436.02  8.53710e-17  1.03321e-17
      4438.76  9.23628e-17  7.33235e-18
      4441.51  8.55457e-17  7.27220e-18
      4444.26  7.97268e-17  7.34989e-18
      4447.01  8.73487e-17  7.94335e-18
      4449.75  9.50827e-17  7.30648e-18
      4452.50  7.41841e-17  7.17151e-18
      4455.25  9.53786e-17  7.05272e-18
      4458.00  9.29140e-17  7.66137e-18
      4460.74  1.01832e-16  8.42087e-18
      4463.49  8.55647e-17  7.73409e-18
      4466.24  9.25438e-17  8.06595e-18
      4468.99  9.80465e-17  7.52277e-18
      4471.73  9.34391e-17  9.22294e-18
      4474.48  9.56971e-17  7.91037e-18
      4477.23  8.36243e-17  7.55114e-18
      4479.98  9.52568e-17  7.00289e-18
      4482.72  8.90155e-17  6.98804e-18
      4485.47  8.41167e-17  7.40455e-18
      4488.22  8.81161e-17  7.05046e-18
      4490.96  8.09242e-17  6.80765e-18
      4493.71  6.52416e-17  7.15313e-18
      4496.46  7.50334e-17  7.54239e-18
      4499.21  7.62589e-17  8.10557e-18
      4501.95  7.55511e-17  7.02546e-18
      4504.70  6.50733e-17  1.01811e-17
      4507.45  7.74040e-17  9.51687e-18
      4510.19  7.75962e-17  7.28736e-18
      4512.94  9.41070e-17  7.91450e-18
      4515.69  1.00891e-16  7.25764e-18
      4518.44  9.06012e-17  7.16125e-18
      4521.18  7.20517e-17  8.29497e-18
      4523.93  8.00506e-17  7.12693e-18
      4526.68  8.57449e-17  6.89119e-18
      4529.42  7.81807e-17  7.23077e-18
      4532.17  8.95677e-17  7.62985e-18
      4534.92  8.56826e-17  6.95416e-18
      4537.67  8.33130e-17  7.99297e-18
      4540.41  6.62066e-17  1.62149e-17
      4543.16  8.06972e-17  1.01979e-17
      4545.91  7.35606e-17  6.95015e-18
      4548.65  5.97660e-17  6.78523e-18
      4551.40  7.67645e-17  6.85472e-18
      4554.15  8.41317e-17  6.95454e-18
      4556.89  7.35421e-17  1.18153e-17
      4559.64  6.84098e-17  6.50818e-18
      4562.39  7.21799e-17  6.72489e-18
      4565.13  7.38579e-17  7.06583e-18
      4567.88  6.09664e-17  7.11306e-18
      4570.63  6.48588e-17  6.44065e-18
      4573.37  6.33907e-17  7.73961e-18
      4576.12  6.07303e-17  6.42385e-18
      4578.87  6.15760e-17  7.36485e-18
      4581.61  6.44744e-17  8.24684e-18
      4584.36  7.60844e-17  7.54946e-18
      4587.11  6.33149e-17  7.34261e-18
      4589.85  6.25319e-17  7.29764e-18
      4592.60  5.60603e-17  6.70620e-18
      4595.35  6.60658e-17  6.71253e-18
      4598.09  5.70479e-17  6.62498e-18
      4600.84  5.98472e-17  6.82417e-18
      4603.59  7.78782e-17  7.71307e-18
      4606.33  6.82278e-17  7.39312e-18
      4609.08  6.94709e-17  7.34787e-18
      4611.83  6.55504e-17  6.89797e-18
      4614.57  6.00436e-17  6.67294e-18
      4617.32  7.86279e-17  6.73964e-18
      4620.07  7.76435e-17  8.18591e-18
      4622.81  7.32007e-17  8.69644e-18
      4625.56  7.32206e-17  7.03088e-18
      4628.31  6.45134e-17  6.88991e-18
      4631.05  7.66638e-17  8.26815e-18
      4633.80  7.16859e-17  6.98375e-18
      4636.55  7.03400e-17  9.57393e-18
      4639.29  8.39306e-17  1.01303e-17
      4642.04  8.96288e-17  7.00836e-18
      4644.78  5.91860e-17  6.95538e-18
      4647.53  6.50915e-17  7.28864e-18
      4650.28  7.55619e-17  6.91296e-18
      4653.02  6.55669e-17  6.65400e-18
      4655.77  8.11408e-17  7.16192e-18
      4658.52  8.36983e-17  6.81259e-18
      4661.26  8.62558e-17  6.63622e-18
      4664.01  8.88133e-17  7.41632e-18
      4666.75  9.13707e-17  3.50250e-17
      4669.50  9.39287e-17  7.05311e-18
      4672.25  8.79072e-17  6.89337e-18
      4674.99  7.62626e-17  6.58054e-18
      4677.74  8.73800e-17  6.88608e-18
      4680.49  7.88212e-17  7.05732e-18
      4683.23  6.85926e-17  7.47852e-18
      4685.98  7.44665e-17  6.86962e-18
      4688.72  9.02684e-17  9.57595e-18
      4691.47  9.66317e-17  8.41957e-18
      4694.22  8.27235e-17  6.91697e-18
      4696.96  7.89678e-17  6.87333e-18
      4699.71  7.11370e-17  7.77958e-18
      4702.45  8.95581e-17  8.70155e-18
      4705.20  7.61357e-17  7.80333e-18
      4707.94  9.16074e-17  7.91302e-18
      4710.69  8.96234e-17  7.05864e-18
      4713.44  8.55181e-17  7.37399e-18
      4716.18  1.03629e-16  7.22422e-18
      4718.93  9.01278e-17  7.28640e-18
      4721.67  7.64911e-17  8.76249e-18
      4724.42  1.11874e-16  7.87358e-18
      4727.17  1.00298e-16  7.11517e-18
      4729.91  1.00689e-16  7.64192e-18
      4732.66  9.09840e-17  8.37395e-18
      4735.40  8.33186e-17  1.04350e-17
      4738.15  9.61278e-17  6.96334e-18
      4740.89  8.69045e-17  7.48139e-18
      4743.64  1.08095e-16  7.37091e-18
      4746.39  9.62749e-17  7.06086e-18
      4749.13  9.70470e-17  7.11121e-18
      4751.88  9.90316e-17  7.64938e-18
      4754.62  1.03010e-16  8.44447e-18
      4757.37  1.11030e-16  8.54740e-18
      4760.11  1.04004e-16  8.77120e-18
      4762.86  1.11435e-16  8.25608e-18
      4765.60  9.95639e-17  8.04687e-18
      4768.35  1.16691e-16  9.82873e-18
      4771.09  1.20868e-16  7.37396e-18
      4773.84  9.18578e-17  7.71288e-18
      4776.59  1.05329e-16  8.76705e-18
      4779.33  1.00755e-16  1.67502e-17
      4782.08  1.02267e-16  7.37904e-18
      4784.82  1.11377e-16  7.75225e-18
      4787.57  1.16504e-16  7.36823e-18
      4790.31  1.10157e-16  7.14239e-18
      4793.06  1.11464e-16  7.44628e-18
      4795.80  1.14813e-16  9.99578e-18
      4798.55  1.11838e-16  7.30960e-18
      4801.29  1.25795e-16  7.83163e-18
      4804.04  1.23409e-16  7.56706e-18
      4806.78  1.29453e-16  7.43211e-18
      4809.53  1.08319e-16  1.34305e-17
      4812.27  1.26203e-16  7.40784e-18
      4815.02  1.20048e-16  7.67263e-18
      4817.76  1.21510e-16  9.86435e-18
      4820.51  1.34391e-16  8.24754e-18
      4823.25  1.37323e-16  9.93295e-18
      4826.00  1.37489e-16  1.02616e-17
      4828.74  1.27296e-16  7.28879e-18
      4831.49  1.23946e-16  8.72017e-18
      4834.23  1.18461e-16  8.93860e-18
      4836.98  1.40855e-16  9.17065e-18
      4839.72  1.26226e-16  7.35065e-18
      4842.47  1.25308e-16  1.28610e-17
      4845.21  1.16233e-16  7.57401e-18
      4847.96  1.32132e-16  7.77414e-18
      4850.70  1.29089e-16  8.54841e-18
      4853.45  1.25900e-16  7.63976e-18
      4856.19  1.18274e-16  8.70987e-18
      4858.94  1.32848e-16  8.57257e-18
      4861.68  1.08545e-16  1.34448e-17
      4864.43  1.33078e-16  9.10005e-18
      4867.17  1.37526e-16  7.74206e-18
      4869.91  1.21562e-16  7.21006e-18
      4872.66  1.27611e-16  7.50926e-18
      4875.40  1.19031e-16  7.26935e-18
      4878.15  1.23940e-16  7.78185e-18
      4880.89  1.24290e-16  7.65527e-18
      4883.64  1.25745e-16  7.38421e-18
      4886.38  1.33455e-16  7.31530e-18
      4889.13  1.31216e-16  7.18792e-18
      4891.87  1.40064e-16  8.34517e-18
      4894.62  1.33026e-16  8.81484e-18
      4897.36  1.31529e-16  8.06239e-18
      4900.10  1.20070e-16  7.32348e-18
      4902.85  9.95756e-17  1.47644e-17
      4905.59  1.23820e-16  7.14086e-18
      4908.34  1.21854e-16  7.28416e-18
      4911.08  1.23669e-16  7.35470e-18
      4913.83  1.17494e-16  7.11425e-18
      4916.57  1.16298e-16  7.50753e-18
      4919.31  1.15850e-16  7.22950e-18
      4922.06  1.18296e-16  7.96139e-18
      4924.80  1.31786e-16  8.43974e-18
      4927.55  1.26731e-16  7.76485e-18
      4930.29  1.38183e-16  7.39264e-18
      4933.03  1.06769e-16  6.97382e-18
      4935.78  1.02606e-16  7.03059e-18
      4938.52  1.00591e-16  7.32168e-18
      4941.27  6.95833e-17  2.56182e-17
      4944.01  1.14683e-16  7.01830e-18
      4946.75  1.09615e-16  7.20037e-18
      4949.50  9.90001e-17  6.86504e-18
      4952.24  1.06399e-16  7.36798e-18
      4954.99  1.04758e-16  1.02193e-17
      4957.73  9.04538e-17  7.19325e-18
      4960.47  9.32837e-17  6.96585e-18
      4963.22  9.47371e-17  6.76145e-18
      4965.96  1.00944e-16  8.28302e-18
      4968.70  6.91817e-17  1.14908e-17
      4971.45  9.91356e-17  7.04999e-18
      4974.19  9.20674e-17  6.74814e-18
      4976.94  1.02193e-16  6.77450e-18
      4979.68  9.93359e-17  6.96699e-18
      4982.42  9.12047e-17  8.39790e-18
      4985.17  7.72039e-17  7.14309e-18
      4987.91  9.32743e-17  7.44457e-18
      4990.65  9.61679e-17  8.13329e-18
      4993.40  9.47367e-17  7.09555e-18
      4996.14  9.98307e-17  7.94422e-18
      4998.88  9.79135e-17  6.66316e-18
      5001.63  9.43180e-17  6.62499e-18
      5004.37  9.61472e-17  6.95603e-18
      5007.11  9.75053e-17  6.84247e-18
      5009.86  9.93050e-17  6.59024e-18
      5012.60  1.05969e-16  7.57516e-18
      5015.34  9.85539e-17  8.01867e-18
      5018.09  9.77159e-17  7.27531e-18
      5020.83  1.14350e-16  7.51229e-18
      5023.57  9.81824e-17  6.71999e-18
      5026.32  1.03405e-16  6.79297e-18
      5029.06  1.19229e-16  7.75702e-18
      5031.80  1.02900e-16  7.00346e-18
      5034.55  1.09161e-16  8.12634e-18
      5037.29  1.03416e-16  8.21870e-18
      5040.03  9.91981e-17  7.98995e-18
      5042.77  9.16041e-17  6.88298e-18
      5045.52  8.51693e-17  7.05029e-18
      5048.26  1.06542e-16  9.37580e-18
      5051.00  1.05478e-16  7.50932e-18
      5053.75  8.96524e-17  7.07089e-18
      5056.49  9.86569e-17  8.55402e-18
      5059.23  9.35500e-17  6.80279e-18
      5061.97  1.02161e-16  6.96942e-18
      5064.72  8.68979e-17  6.54193e-18
      5067.46  8.42258e-17  1.54971e-17
      5070.20  8.66660e-17  8.41446e-18
      5072.95  8.49656e-17  6.40223e-18
      5075.69  1.16322e-16  7.14846e-18
      5078.43  8.83356e-17  6.88358e-18
      5081.17  8.69703e-17  6.40179e-18
      5083.92  9.32310e-17  8.19102e-18
      5086.66  1.07399e-16  7.09804e-18
      5089.40  7.61471e-17  1.50861e-17
      5092.14  9.45438e-17  6.87837e-18
      5094.89  9.99543e-17  6.64726e-18
      5097.63  8.96316e-17  6.72260e-18
      5100.37  1.05512e-16  6.84404e-18
      5103.11  9.76130e-17  7.90678e-18
      5105.86  7.09935e-17  1.66830e-17
      5108.60  8.11819e-17  6.38921e-18
      5111.34  9.38366e-17  6.27947e-18
      5114.08  8.78018e-17  6.45620e-18
      5116.82  8.24872e-17  6.55812e-18
      5119.57  8.74332e-17  8.25048e-18
      5122.31  1.00745e-16  6.81378e-18
      5125.05  8.66313e-17  6.44006e-18
      5127.79  9.26027e-17  6.72949e-18
      5130.54  8.82999e-17  6.95647e-18
      5133.28  5.88246e-17  6.59677e-18
      5136.02  9.05718e-17  7.77907e-18
      5138.76  8.56163e-17  6.23694e-18
      5141.50  1.00158e-16  6.60914e-18
      5144.25  8.53074e-17  6.59069e-18
      5146.99  9.16418e-17  6.51647e-18
      5149.73  7.15441e-17  6.16466e-18
      5152.47  8.20315e-17  1.06787e-17
      5155.21  5.15619e-17  1.34487e-17
      5157.95  7.94759e-17  8.18825e-18
      5160.70  8.45116e-17  6.96745e-18
      5163.44  7.52360e-17  6.23335e-18
      5166.18  8.85435e-17  1.07822e-17
      5168.92  8.06859e-17  6.71679e-18
      5171.66  8.91951e-17  6.68284e-18
      5174.40  7.25002e-17  6.42029e-18
      5177.15  7.39768e-17  9.38391e-18
      5179.89  7.43088e-17  7.41621e-18
      5182.63  7.46408e-17  2.37711e-17
      5185.37  7.49728e-17  6.58388e-18
      5188.11  7.53049e-17  8.22071e-18
      5190.85  7.56368e-17  7.43555e-18
      5193.59  7.59688e-17  7.63676e-18
      5196.34  7.04865e-17  1.17334e-17
      5199.08  6.29280e-17  6.64060e-18
      5201.82  7.25396e-17  6.64148e-18
      5204.56  7.27139e-17  6.69322e-18
      5207.30  7.79948e-17  9.30742e-18
      5210.04  8.51651e-17  6.55504e-18
      5212.78  8.17877e-17  6.48075e-18
      5215.52  7.74820e-17  7.30368e-18
      5218.27  8.18266e-17  6.65446e-18
      5221.01  5.66169e-17  6.75804e-18
      5223.75  7.05454e-17  6.27951e-18
      5226.49  7.20903e-17  8.15628e-18
      5229.23  7.36355e-17  7.15864e-18
      5231.97  7.51804e-17  6.55627e-18
      5234.71  7.67257e-17  6.15061e-18
      5237.45  7.58063e-17  6.31356e-18
      5240.19  6.60598e-17  6.51977e-18
      5242.93  6.28792e-17  7.15767e-18
      5245.68  7.78387e-17  6.94751e-18
      5248.42  7.84125e-17  6.31395e-18
      5251.16  7.47170e-17  6.04202e-18
      5253.90  6.92971e-17  6.26247e-18
      5256.64  8.56413e-17  6.93478e-18
      5259.38  8.87192e-17  8.83815e-18
      5262.12  7.61311e-17  6.24570e-18
      5264.86  8.22295e-17  6.37443e-18
      5267.60  7.64861e-17  7.77261e-18
      5270.34  7.35073e-17  6.50109e-18
      5273.08  7.99290e-17  6.81672e-18
      5275.82  9.34845e-17  6.66441e-18
      5278.56  8.85040e-17  9.61890e-18
      5281.30  8.35245e-17  7.08910e-18
      5284.04  7.85449e-17  7.28986e-18
      5286.78  6.81129e-17  6.47909e-18
      5289.52  9.37409e-17  6.94627e-18
      5292.26  8.59048e-17  6.64569e-18
      5295.00  9.22062e-17  6.79718e-18
      5297.74  8.77161e-17  6.78441e-18
      5300.48  8.09105e-17  6.66129e-18
      5303.22  7.70372e-17  6.78030e-18
      5305.96  7.31438e-17  6.48653e-18
      5308.70  7.14652e-17  6.62679e-18
      5311.44  7.90638e-17  7.12353e-18
      5314.18  8.64581e-17  7.45033e-18
      5316.92  6.81233e-17  7.94845e-18
      5319.66  7.40531e-17  6.59673e-18
      5322.40  7.16533e-17  6.87543e-18
      5325.14  7.65428e-17  6.67453e-18
      5327.88  6.89945e-17  6.30396e-18
      5330.62  7.57341e-17  6.41450e-18
      5333.36  6.34018e-17  6.34286e-18
      5336.10  6.67103e-17  1.01977e-17
      5338.84  5.98393e-17  7.51794e-18
      5341.58  7.38629e-17  6.49706e-18
      5344.32  7.95138e-17  6.81090e-18
      5347.06  7.53915e-17  6.72879e-18
      5349.80  7.59250e-17  1.45237e-17
      5352.54  8.72184e-17  6.83132e-18
      5355.28  8.26182e-17  6.47710e-18
      5358.02  8.36454e-17  7.07502e-18
      5360.76  7.81550e-17  6.76387e-18
      5363.50  8.31818e-17  6.71776e-18
      5366.24  8.11702e-17  6.36697e-18
      5368.98  8.16215e-17  6.84610e-18
      5371.71  8.53249e-17  6.55354e-18
      5374.45  8.04826e-17  6.44712e-18
      5377.19  9.60912e-17  6.89633e-18
      5379.93  8.98575e-17  6.84913e-18
      5382.67  9.99378e-17  7.17146e-18
      5385.41  9.13504e-17  6.44452e-18
      5388.15  8.69839e-17  6.48993e-18
      5390.89  9.30327e-17  6.69206e-18
      5393.63  8.95903e-17  6.57544e-18
      5396.37  9.47026e-17  6.77930e-18
      5399.10  8.63349e-17  8.21733e-18
      5401.84  8.10630e-17  7.83186e-18
      5404.58  1.03532e-16  7.36739e-18
      5407.32  1.01119e-16  7.84705e-18
      5410.06  7.80315e-17  6.46009e-18
      5412.80  7.31165e-17  6.69416e-18
      5415.54  8.32741e-17  6.58418e-18
      5418.28  8.99908e-17  7.34231e-18
      5421.01  1.02041e-16  2.13125e-17
      5423.75  8.88126e-17  6.84334e-18
      5426.49  9.33118e-17  8.55517e-18
      5429.23  9.81624e-17  6.99138e-18
      5431.97  6.52747e-17  7.33064e-18
      5434.71  9.65420e-17  7.15464e-18
      5437.45  8.86594e-17  7.40135e-18
      5440.18  8.40350e-17  7.19247e-18
      5442.92  1.04183e-16  7.59669e-18
      5445.66  9.21786e-17  7.47963e-18
      5448.40  9.46019e-17  6.98930e-18
      5451.14  8.80126e-17  6.67261e-18
      5453.87  9.00285e-17  6.96787e-18
      5456.61  1.12389e-16  7.36064e-18
      5459.35  9.84227e-17  7.25012e-18
      5462.09  8.29112e-17  6.96232e-18
      5464.83  8.66772e-17  6.75663e-18
      5467.56  4.13512e-17  9.14833e-18
      5470.30  8.90824e-17  7.08193e-18
      5473.04  9.44449e-17  6.95782e-18
      5475.78  9.39337e-17  6.85167e-18
      5478.52  9.10230e-17  6.93987e-18
      5481.25  8.81123e-17  6.13620e-17
      5483.99  8.52016e-17  7.25239e-18
      5486.73  8.22909e-17  6.93603e-18
      5489.47  9.58095e-17  7.11216e-18
      5492.20  9.21213e-17  8.11544e-18
      5494.94  8.72709e-17  8.27372e-18
      5497.68  9.69694e-17  8.56806e-18
      5500.42  9.91427e-17  7.47333e-18
      5503.15  1.01902e-16  7.84642e-18
      5505.89  1.06405e-16  8.52140e-18
      5508.63  9.73636e-17  7.73329e-18
      5511.37  1.00744e-16  7.48203e-18
      5514.10  1.15237e-16  7.28115e-18
      5516.84  1.00141e-16  6.87377e-18
      5519.58  9.12092e-17  6.86092e-18
      5522.32  9.31216e-17  1.37747e-17
      5525.05  1.00631e-16  7.01151e-18
      5527.79  1.00848e-16  7.64781e-18
      5530.53  1.06358e-16  7.45982e-18
      5533.26  9.30324e-17  7.27132e-18
      5536.00  9.71320e-17  6.89532e-18
      5538.74  9.98621e-17  7.28572e-18
      5541.48  9.73641e-17  7.32680e-18
      5544.21  1.08609e-16  7.22580e-18
      5546.95  9.77932e-17  6.97265e-18
      5549.69  1.15482e-16  8.13626e-18
      5552.42  1.35448e-16  2.99407e-17
      5555.16  1.01511e-16  6.78558e-18
      5557.90  1.12307e-16  7.52759e-18
      5560.63  1.18085e-16  8.50060e-18
      5563.37  1.07086e-16  7.78521e-18
      5566.11  1.05907e-16  7.39949e-18
      5568.84  1.06352e-16  7.04271e-18
      5571.58  1.07161e-16  6.98045e-18
      5574.31  1.07558e-16  7.69603e-18
      5577.05  1.05241e-16  7.01747e-18
      5579.79  1.15539e-16  7.94148e-18
      5582.52  1.24734e-16  7.28956e-18
      5585.26  1.04150e-16  7.23265e-18
      5588.00  8.07921e-17  8.50246e-18
      5590.73  9.71254e-17  7.13293e-18
      5593.47  1.07108e-16  7.26982e-18
      5596.20  6.66875e-17  1.65397e-17
      5598.94  1.05944e-16  7.03193e-18
      5601.68  9.08890e-17  7.18330e-18
      5604.41  9.98397e-17  1.01733e-17
      5607.15  8.36836e-17  1.22611e-17
      5609.88  9.77694e-17  6.86432e-18
      5612.62  8.93443e-17  6.74433e-18
      5615.36  9.50310e-17  7.19872e-18
      5618.09  7.44506e-17  7.33331e-18
      5620.83  8.51478e-17  6.81152e-18
      5623.56  1.08711e-16  7.43797e-18
      5626.30  8.01738e-17  7.99682e-18
      5629.04  8.62830e-17  7.53786e-18
      5631.77  9.53030e-17  7.75459e-18
      5634.51  6.72398e-17  1.91503e-17
      5637.24  8.15355e-17  6.80362e-18
      5639.98  6.50973e-17  7.08969e-18
      5642.71  8.60395e-17  6.93981e-18
      5645.45  6.92020e-17  9.40252e-18
      5648.18  8.48644e-17  6.95756e-18
      5650.92  7.77033e-17  7.27711e-18
      5653.65  9.35466e-17  7.19048e-18
      5656.39  8.41246e-17  7.33609e-18
      5659.12  8.27296e-17  7.48102e-18
      5661.86  9.14513e-17  7.78271e-18
      5664.59  9.06015e-17  7.19923e-18
      5667.33  8.87785e-17  6.90570e-18
      5670.06  1.05232e-16  7.30683e-18
      5672.80  8.30730e-17  7.17251e-18
      5675.53  7.71285e-17  6.99673e-18
      5678.27  8.41238e-17  6.96436e-18
      5681.00  8.05344e-17  7.05474e-18
      5683.74  9.12776e-17  7.93101e-18
      5686.47  7.43168e-17  1.18376e-17
      5689.21  9.28436e-17  1.09612e-17
      5691.94  1.02978e-16  8.01779e-18
      5694.68  9.85236e-17  7.19056e-18
      5697.41  1.42104e-16  9.92363e-18
