2888.60750253808  6.234105E-15
2891.35257637564  6.036215E-17
2894.09767280621  7.124118E-17
2896.84279176566  8.212020E-17
2899.58793318987  9.299923E-17
2902.33309701471  1.038783E-16
2905.07828317606  1.147582E-16
2907.8234916098  1.256373E-16
2910.5687222518  -1.396531E-15
2913.31397503793  -1.915511E-15
2916.05924990407  2.095179E-15
2918.80454678609  1.602431E-16
2921.54986561988  -8.879397E-17
2924.29520634131  5.404288E-16
2927.04056888624  5.578581E-16
2929.78595319056  -2.461189E-16
2932.53135919015  -4.827556E-16
2935.27678682087  1.132808E-15
2938.02223601861  -4.805043E-18
2940.76770671924  2.682147E-16
2943.51319885862  6.008487E-17
2946.25871237265  7.276686E-16
2949.0042471972  -4.125639E-17
2951.74980326813  2.452270E-16
2954.49538052133  1.394122E-16
2957.24097889267  1.810909E-16
2959.98659831803  -3.420128E-17
2962.73223873328  2.315897E-16
2965.47790007429  2.124607E-16
2968.22358227695  1.946609E-16
2970.96928527712  1.539918E-16
2973.71500901069  1.172026E-16
2976.46075341353  2.786903E-16
2979.20651842151  1.564725E-16
2981.95230397051  1.438197E-16
2984.69810999641  3.430074E-16
2987.44393643508  2.206109E-16
2990.18978322239  2.041665E-16
2992.93565029422  2.904678E-16
2995.68153758645  3.820926E-16
2998.42744503495  1.018972E-16
3001.1733725756  1.860953E-16
3003.91932014426  3.095736E-16
3006.66528767683  7.271506E-16
3009.41127510917  1.947127E-16
3012.15728237716  1.827229E-16
3014.90330941668  3.641173E-16
3017.64935616359  -6.953839E-16
3020.39542255378  9.392377E-17
3023.14150852311  6.707926E-17
3025.88761400747  2.419090E-16
3028.63373894274  1.412589E-16
3031.37988326478  2.326968E-16
3034.12604690947  2.496981E-16
3036.87222981269  2.076151E-16
3039.61843191031  1.406316E-16
3042.36465313821  1.959188E-16
3045.11089343226  1.934265E-16
3047.85715272834  1.872219E-16
3050.60343096232  2.778520E-16
3053.34972807008  2.687902E-16
3056.0960439875  2.411291E-16
3058.84237865045  1.775877E-16
3061.5887319948  2.387436E-16
3064.33510395644  2.906190E-16
3067.08149447123  2.032600E-16
3069.82790347505  2.065690E-16
3072.57433090378  2.654833E-16
3075.32077669329  3.277683E-16
3078.06724077945  2.415764E-16
3080.81372309816  2.308233E-16
3083.56022358527  2.167144E-16
3086.30674217666  2.617496E-16
3089.05327880821  2.455003E-16
3091.7998334158  3.428319E-16
3094.5464059353  2.529466E-16
3097.29299630258  3.063032E-16
3100.03960445352  2.648313E-16
3102.786230324  3.224936E-16
3105.53287384989  1.067724E-16
3108.27953496707  2.597067E-16
3111.02621361141  2.619423E-16
3113.77290971879  3.740068E-16
3116.51962322508  -1.392693E-16
3119.26635406616  2.889480E-16
3122.0131021779  2.915677E-16
3124.75986749618  3.321157E-16
3127.50664995688  2.968854E-16
3130.25344949586  3.555556E-16
3133.00026604901  3.936376E-16
3135.74709955221  3.633358E-16
3138.49394994131  2.468042E-16
3141.24081715221  4.159638E-16
3143.98770112078  3.083779E-16
3146.73460178289  3.625205E-16
3149.48151907441  3.162306E-16
3152.22845293123  2.180184E-16
3154.97540328922  4.909356E-16
3157.72237008425  3.394638E-16
3160.4693532522  3.573580E-16
3163.21635272894  3.374736E-16
3165.96336845036  3.502830E-16
3168.71040035232  3.918102E-16
3171.4574483707  4.278866E-16
3174.20451244137  3.517352E-16
3176.95159250022  3.808495E-16
3179.69868848311  4.518295E-16
3182.44580032593  4.090983E-16
3185.19292796454  4.026434E-16
3187.94007133483  3.842695E-16
3190.68723037266  4.242378E-16
3193.43440501392  3.885658E-16
3196.18159519448  4.370964E-16
3198.92880085021  4.459986E-16
3201.67602191699  3.039806E-16
3204.4232583307  4.287922E-16
3207.17051002721  2.167525E-16
3209.91777694239  3.517975E-16
3212.66505901212  3.403546E-16
3215.41235617228  3.942416E-16
3218.15966835875  3.523980E-16
3220.90699550738  3.699843E-16
3223.65433755408  4.195349E-16
3226.4016944347  3.765388E-16
3229.14906608512  4.305205E-16
3231.89645244123  3.757175E-16
3234.64385343888  2.617140E-16
3237.39126901397  3.999437E-16
3240.13869910237  4.549682E-16
3242.88614363994  4.490028E-16
3245.63360256257  3.803732E-16
3248.38107580613  1.305409E-16
3251.12856330649  3.331474E-16
3253.87606499954  3.294386E-16
3256.62358082115  3.654627E-16
3259.37111070719  4.108633E-16
3262.11865459353  3.656233E-16
3264.86621241606  4.353818E-16
3267.61378411065  3.984195E-16
3270.36136961318  3.811341E-16
3273.10896885951  3.861017E-16
3275.85658178553  3.822794E-16
3278.60420832711  3.829827E-16
3281.35184842012  4.262648E-16
3284.09950200045  3.536635E-16
3286.84716900396  3.556939E-16
3289.59484936653  3.768015E-16
3292.34254302404  3.776889E-16
3295.09024991236  3.786346E-16
3297.83796996738  3.653209E-16
3300.58570312495  3.826244E-16
3303.33344932097  3.167816E-16
3306.0812084913  4.814317E-16
3308.82898057181  4.401350E-16
3311.5767654984  3.522123E-16
3314.32456320692  4.286340E-16
3317.07237363326  4.761985E-16
3319.82019671329  4.356611E-16
3322.56803238288  4.096651E-16
3325.31588057792  4.334261E-16
3328.06374123428  4.985635E-16
3330.81161428782  4.299505E-16
3333.55949967444  4.551335E-16
3336.30739733  4.590290E-16
3339.05530719038  4.749311E-16
3341.80322919145  4.367086E-16
3344.55116326909  4.545049E-16
3347.29910935918  4.722996E-16
3350.04706739758  4.900959E-16
3352.79503732019  5.078906E-16
3355.54301906286  5.256869E-16
3358.29101256148  4.360590E-16
3361.03901775192  5.092135E-16
3363.78703457006  5.386433E-16
3366.53506295177  5.094857E-16
3369.28310283293  5.184227E-16
3372.03115414941  5.446255E-16
3374.77921683709  5.161756E-16
3377.52729083185  4.800646E-16
3380.27537606955  5.822854E-16
3383.02347248608  5.947233E-16
3385.77158001731  5.656630E-16
3388.51969859912  5.522196E-16
3391.26782816737  5.387774E-16
3394.01596865795  5.253352E-16
3396.76412000674  5.794744E-16
3399.5122821496  6.269668E-16
3402.26045502241  5.618621E-16
3405.00863856106  5.834218E-16
3407.7568327014  5.896166E-16
3410.50503737932  5.735353E-16
3413.2532525307  6.154063E-16
3416.00147809141  6.754261E-16
3418.74971399732  4.907879E-16
3421.49796018431  5.483916E-16
3424.24621658826  6.271446E-16
3426.99448314504  6.388034E-16
3429.74275979052  6.299349E-16
3432.49104646059  6.664455E-16
3435.23934309111  5.926396E-16
3437.98764961797  6.988252E-16
3440.73596597703  6.380532E-16
3443.48429210417  6.587977E-16
3446.23262793528  6.089568E-16
3448.98097340622  6.464832E-16
3451.72932845287  6.444082E-16
3454.4776930111  6.358919E-16
3457.22606701679  6.324886E-16
3459.97445040582  7.131851E-16
3462.72284311406  7.405388E-16
3465.47124507738  7.685072E-16
3468.21965623167  7.543869E-16
3470.9680765128  7.496453E-16
3473.71650585663  7.675119E-16
3476.46494419906  7.724841E-16
3479.21339147594  7.527307E-16
3481.96184762317  7.818447E-16
3484.71031257661  7.398933E-16
3487.45878627214  8.185363E-16
3490.20726864563  7.958580E-16
3492.95575963296  7.988542E-16
3495.70425917001  8.250382E-16
3498.45276719265  8.503337E-16
3501.20128363676  8.346120E-16
3503.9498084382  8.309430E-16
3506.69834153287  8.898342E-16
3509.44688285663  8.697195E-16
3512.19543234535  9.999361E-16
3514.94398993492  9.493715E-16
3517.6925555612  9.956245E-16
3520.44112916008  9.824943E-16
3523.18971066743  1.114053E-15
3525.93830001912  1.148765E-15
3528.68689715103  1.151038E-15
3531.43550199904  1.103069E-15
3534.18411449902  1.061403E-15
3536.93273458685  1.218127E-15
3539.68136219839  1.153250E-15
3542.42999726954  1.200110E-15
3545.17863973615  1.240538E-15
3547.92728953412  1.251281E-15
3550.6759465993  1.208079E-15
3553.42461086759  1.317833E-15
3556.17328227484  1.307278E-15
3558.92196075695  1.248737E-15
3561.67064624979  1.305448E-15
3564.41933868921  1.346370E-15
3567.16803801112  1.353762E-15
3569.91674415138  1.314229E-15
3572.66545704586  1.239895E-15
3575.41417663045  1.445677E-15
3578.16290284101  1.376440E-15
3580.91163561342  1.377183E-15
3583.66037488357  1.336990E-15
3586.40912058731  1.446557E-15
3589.15787266053  1.485390E-15
3591.90663103911  1.542634E-15
3594.65539565891  1.481371E-15
3597.40416645582  1.516668E-15
3600.15294336571  1.555452E-15
3602.90172632446  1.538355E-15
3605.65051526793  1.541352E-15
3608.39931013202  1.575250E-15
3611.14811085258  1.521052E-15
3613.8969173655  1.473930E-15
3616.64572960665  1.482393E-15
3619.39454751191  1.411893E-15
3622.14337101715  1.453057E-15
3624.89220005825  1.486620E-15
3627.64103457108  1.459123E-15
3630.38987449153  1.551935E-15
3633.13871975545  1.488137E-15
3635.88757029874  1.562154E-15
3638.63642605726  1.581179E-15
3641.3852869669  1.614230E-15
3644.13415296351  1.744662E-15
3646.88302398299  1.712821E-15
3649.63189996121  1.650490E-15
3652.38078083404  1.840004E-15
3655.12966653735  1.865517E-15
3657.87855700703  1.839850E-15
3660.62745217895  1.879148E-15
3663.37635198898  1.913426E-15
3666.125256373  1.871022E-15
3668.87416526688  1.971761E-15
3671.6230786065  1.939075E-15
3674.37199632774  1.892838E-15
3677.12091836647  1.885355E-15
3679.86984465856  1.850007E-15
3682.6187751399  1.797572E-15
3685.36770974635  1.695097E-15
3688.1166484138  1.660073E-15
3690.86559107811  1.724139E-15
3693.61453767516  1.667391E-15
3696.36348814083  1.650096E-15
3699.112442411  1.619550E-15
3701.86140042153  1.568471E-15
3704.61036210831  1.517386E-15
3707.35932740721  1.491989E-15
3710.10829625411  1.529237E-15
3712.85726858487  1.386289E-15
3715.60624433538  1.329895E-15
3718.35522344151  1.367136E-15
3721.10420583914  1.402793E-15
3723.85319146414  1.369789E-15
3726.60218025238  1.659493E-15
3729.35117213975  1.311535E-15
3732.10016706212  1.362661E-15
3734.84916495536  1.331401E-15
3737.59816575535  1.284408E-15
3740.34716939796  1.378197E-15
3743.09617581908  1.373427E-15
3745.84518495457  1.405706E-15
3748.5941967403  1.414940E-15
3751.34321111217  1.475274E-15
3754.09222800603  1.518656E-15
3756.84124735778  1.471966E-15
3759.59026910327  1.489349E-15
3762.33929317839  1.581384E-15
3765.08831951901  1.452020E-15
3767.83734806101  1.436630E-15
3770.58637874027  1.451181E-15
3773.33541149265  1.438891E-15
3776.08444625404  1.417392E-15
3778.83348296031  1.384799E-15
3781.58252154733  1.215344E-15
3784.33156195098  1.431053E-15
3787.08060410714  1.429407E-15
3789.82964795168  1.403901E-15
3792.57869342047  1.452865E-15
3795.3277404494  1.470218E-15
3798.07678897433  1.417695E-15
3800.82583893115  1.463327E-15
3803.57489025572  1.543625E-15
3806.32394288393  1.535961E-15
3809.07299675165  1.554823E-15
3811.82205179475  1.540692E-15
3814.57110794911  1.445651E-15
3817.32016515061  1.565275E-15
3820.06922333511  1.529380E-15
3822.8182824385  1.579420E-15
3825.56734239665  1.573986E-15
3828.31640314544  1.641792E-15
3831.06546462074  1.613641E-15
3833.81452675843  1.695868E-15
3836.56358949438  1.728672E-15
3839.31265276446  1.773706E-15
3842.06171650456  1.796142E-15
3844.81078065055  1.831099E-15
3847.5598451383  1.907244E-15
3850.3089099037  1.981511E-15
3853.0579748826  1.965314E-15
3855.8070400109  2.077537E-15
3858.55610522446  2.133532E-15
3861.30517045917  2.173598E-15
3864.05423565089  2.221429E-15
3866.8033007355  2.250351E-15
3869.55236564888  2.329161E-15
3872.3014303269  2.407977E-15
3875.05049470544  2.486786E-15
3877.79955872037  2.565595E-15
3880.54862230757  2.560312E-15
3883.29768540291  2.650124E-15
3886.04674794227  2.798195E-15
3888.79580986153  2.853066E-15
3891.54487109656  3.002508E-15
3894.29393158324  2.955686E-15
3897.04299125743  3.137282E-15
3899.79205005502  3.276288E-15
3902.54110791188  3.263746E-15
3905.29016476389  3.281455E-15
3908.03922054692  3.430443E-15
3910.78827519685  3.543820E-15
3913.53732864956  3.594422E-15
3916.28638084091  3.670050E-15
3919.03543170678  3.651838E-15
3921.78448118306  3.733102E-15
3924.5335292056  3.825727E-15
3927.2825757103  3.834762E-15
3930.03162063303  3.857109E-15
3932.78066390965  3.916940E-15
3935.52970547605  3.856152E-15
3938.27874526811  3.774915E-15
3941.02778322169  4.049871E-15
3943.77681927267  3.971109E-15
3946.52585335693  3.948422E-15
3949.27488541034  3.817317E-15
3952.02391536878  3.795486E-15
3954.77294316812  3.791747E-15
3957.52196874425  3.555525E-15
3960.27099203303  3.483505E-15
3963.02001297033  3.510454E-15
3965.76903149205  3.485753E-15
3968.51804753404  3.378665E-15
3971.26706103219  3.362345E-15
3974.01607192237  3.272839E-15
3976.76508014046  3.249882E-15
3979.51408562233  3.198095E-15
3982.26308830386  3.075392E-15
3985.01208812092  3.098603E-15
3987.76108500939  3.048055E-15
3990.51007890515  2.952016E-15
3993.25906974406  2.928809E-15
3996.00805746201  2.814096E-15
3998.75704199486  2.979690E-15
4001.50602327851  2.842800E-15
4004.25500124881  2.840345E-15
4007.00397584165  2.837066E-15
4009.7529469929  2.769668E-15
4012.50191463844  2.760415E-15
4015.25087871414  2.745483E-15
4017.99983915587  2.733787E-15
4020.74879589952  2.749426E-15
4023.49774888096  2.770537E-15
4026.24669803606  2.777823E-15
4028.9956433007  2.766000E-15
4031.74458461076  2.757284E-15
4034.4935219021  2.773015E-15
4037.24245511061  2.823342E-15
4039.99138417216  2.886070E-15
4042.74030902263  2.896131E-15
4045.48922959789  2.935434E-15
4048.23814583381  3.064073E-15
4050.98705766628  3.069585E-15
4053.73596503116  3.059136E-15
4056.48486786434  3.138124E-15
4059.23376610169  3.227443E-15
4061.98265967908  3.240507E-15
4064.73154853238  3.339648E-15
4067.48043259748  3.365344E-15
4070.22931181026  3.406566E-15
4072.97818610657  3.449774E-15
4075.72705542231  3.486136E-15
4078.47591969334  3.538067E-15
4081.22477885555  3.548860E-15
4083.9736328448  3.627859E-15
4086.72248159698  3.679628E-15
4089.47132504794  3.673282E-15
4092.22016313359  3.899753E-15
4094.96899578978  3.886969E-15
4097.7178229524  3.925699E-15
4100.46664455731  3.981760E-15
4103.2154605404  4.054585E-15
4105.96427083754  4.051986E-15
4108.7130753846  4.134904E-15
4111.46187411746  4.147149E-15
4114.210666972  4.165703E-15
4116.9594538841  4.303738E-15
4119.70823478961  4.355754E-15
4122.45700962443  4.392536E-15
4125.20577832443  4.325380E-15
4127.95454082548  4.382870E-15
4130.70329706346  4.282370E-15
4133.45204697424  4.073669E-15
4136.2007904937  4.385988E-15
4138.94952755771  4.317183E-15
4141.69825810215  4.329081E-15
4144.4469820629  4.281132E-15
4147.19569937583  4.383904E-15
4149.94440997682  4.397516E-15
4152.69311380173  4.420052E-15
4155.44181078646  4.482055E-15
4158.19050086686  4.477949E-15
4160.93918397882  4.434663E-15
4163.68786005822  4.504518E-15
4166.43652904092  4.430527E-15
4169.18519086281  4.530631E-15
4171.93384545975  4.480492E-15
4174.68249276763  4.535727E-15
4177.43113272232  4.512299E-15
4180.17976525969  4.565268E-15
4182.92839031562  4.503862E-15
4185.67700782599  4.478450E-15
4188.42561772667  4.368659E-15
4191.17421995354  4.399530E-15
4193.92281444247  4.419378E-15
4196.67140112933  4.411638E-15
4199.41997995002  4.379832E-15
4202.16855084038  4.368611E-15
4204.91711373631  4.432764E-15
4207.66566857368  4.419141E-15
4210.41421528836  4.427114E-15
4213.16275381623  4.475638E-15
4215.91128409317  4.474521E-15
4218.65980605505  4.449650E-15
4221.40831963774  4.475810E-15
4224.15682477713  4.525318E-15
4226.90532140908  4.485789E-15
4229.65380946947  4.555231E-15
4232.40228889418  4.558789E-15
4235.15075961908  4.603778E-15
4237.89922158005  4.470064E-15
4240.64767471296  4.541375E-15
4243.39611895369  4.431474E-15
4246.14455423812  4.419640E-15
4248.89298050212  4.331024E-15
4251.64139768155  4.338674E-15
4254.38980571231  4.210193E-15
4257.13820453027  4.259929E-15
4259.8865940713  4.243079E-15
4262.63497427127  4.237934E-15
4265.38334506606  4.222589E-15
4268.13170639156  4.176291E-15
4270.88005818362  4.021449E-15
4273.62840037813  3.934022E-15
4276.37673291097  3.885778E-15
4279.125055718  3.717722E-15
4281.87336873511  3.704954E-15
4284.62167189817  3.644607E-15
4287.36996514305  3.361386E-15
4290.11824840563  3.406152E-15
4292.86652162179  3.179999E-15
4295.6147847274  3.177643E-15
4298.36303765833  3.031632E-15
4301.11128035047  2.983700E-15
4303.85951273968  3.008105E-15
4306.60773476185  2.930253E-15
4309.35594635284  3.001191E-15
4312.10414744854  2.954864E-15
4314.85233798481  2.978559E-15
4317.60051789754  2.965551E-15
4320.3486871226  2.948225E-15
4323.09684559587  2.864748E-15
4325.84499325321  2.869912E-15
4328.59313003051  2.785520E-15
4331.34125586364  2.832941E-15
4334.08937068847  2.798351E-15
4336.83747444089  2.814036E-15
4339.58556705676  2.794223E-15
4342.33364847197  2.747489E-15
4345.08171862239  2.757649E-15
4347.82977744388  2.670424E-15
4350.57782487234  2.737968E-15
4353.32586084363  2.606454E-15
4356.07388529363  2.633609E-15
4358.82189815821  2.637281E-15
4361.56989937326  2.670385E-15
4364.31788887463  2.660305E-15
4367.06586659823  2.650692E-15
4369.8138324799  2.692148E-15
4372.56178645554  2.718227E-15
4375.30972846101  2.654024E-15
4378.0576584322  2.605994E-15
4380.80557630497  2.585457E-15
4383.55348201521  2.610944E-15
4386.30137549879  2.624857E-15
4389.04925669158  2.617815E-15
4391.79712552946  2.560845E-15
4394.5449819483  2.607301E-15
4397.29282588398  2.672603E-15
4400.04065727238  2.643640E-15
4402.78847604937  2.676119E-15
4405.53628215082  2.700770E-15
4408.28407551262  2.671894E-15
4411.03185607064  2.716904E-15
4413.77962376074  2.666590E-15
4416.52737851882  2.764008E-15
4419.27512028073  2.818181E-15
4422.02284898237  2.811681E-15
4424.7705645596  2.869310E-15
4427.51826694829  2.942293E-15
4430.26595608433  2.941772E-15
4433.0136319036  3.064699E-15
4435.76129434195  2.995089E-15
4438.50894333528  3.095863E-15
4441.25657881946  3.158015E-15
4444.00420073035  3.229162E-15
4446.75180900384  3.300047E-15
4449.49940357581  3.354007E-15
4452.24698438212  3.433162E-15
4454.99455135865  3.375780E-15
4457.74210444129  3.551616E-15
4460.48964356589  3.656699E-15
4463.23716866835  3.664888E-15
4465.98467968453  3.744714E-15
4468.73217655031  3.773528E-15
4471.47965920156  3.863767E-15
4474.22712757417  3.930734E-15
4476.974581604  3.964331E-15
4479.72202122693  3.930547E-15
4482.46944637884  3.991830E-15
4485.2168569956  4.117086E-15
4487.9642530131  4.056531E-15
4490.71163436719  4.131892E-15
4493.45900099376  4.212389E-15
4496.20635282868  4.270252E-15
4498.95368980783  4.388801E-15
4501.70101186709  4.394919E-15
4504.44831894233  4.396888E-15
4507.19561096942  4.570144E-15
4509.94288788424  4.635857E-15
4512.69014962267  4.729657E-15
4515.43739612058  4.843378E-15
4518.18462731385  4.901587E-15
4520.93184313835  4.987529E-15
4523.67904352995  5.139752E-15
4526.42622842454  5.262390E-15
4529.17339775799  5.377846E-15
4531.92055146617  5.399010E-15
4534.66768948496  5.466107E-15
4537.41481175023  5.577925E-15
4540.16191819786  5.727271E-15
4542.90900876373  5.757878E-15
4545.65608338371  5.799280E-15
4548.40314199367  5.804811E-15
4551.1501845295  5.936402E-15
4553.89721092706  5.912190E-15
4556.64422112224  6.026086E-15
4559.3912150509  6.039447E-15
4562.13819264892  6.000101E-15
4564.88515385218  6.051940E-15
4567.63209859656  6.080691E-15
4570.37902681793  6.095864E-15
4573.12593845215  6.025700E-15
4575.87283343512  5.934174E-15
4578.61971170271  5.926501E-15
4581.36657319078  5.921583E-15
4584.11341783522  5.885246E-15
4586.8602455719  5.737917E-15
4589.6070563367  5.722669E-15
4592.35385006549  5.824996E-15
4595.10062669415  5.632425E-15
4597.84738615855  5.623780E-15
4600.59412839456  5.635654E-15
4603.34085333807  5.654645E-15
4606.08756092495  5.739649E-15
4608.83425109108  5.596182E-15
4611.58092377232  5.630971E-15
4614.32757890456  5.598153E-15
4617.07421642367  5.670958E-15
4619.82083626552  5.614490E-15
4622.56743836599  5.580693E-15
4625.31402266097  5.571672E-15
4628.06058908631  5.509635E-15
4630.8071375779  5.466535E-15
4633.55366807161  5.497284E-15
4636.30018050333  5.420564E-15
4639.04667480891  5.432005E-15
4641.79315092424  5.251793E-15
4644.5396087852  5.354512E-15
4647.28604832766  5.268999E-15
4650.03246948749  5.175140E-15
4652.77887220057  5.147009E-15
4655.52525640278  5.075197E-15
4658.27162202999  5.132241E-15
4661.01796901807  5.011381E-15
4663.76429730291  4.907113E-15
4666.51060682037  4.887721E-15
4669.25689750634  4.730957E-15
4672.00316929669  4.607985E-15
4674.74942212728  4.472187E-15
4677.49565593401  4.440490E-15
4680.24187065274  4.313542E-15
4682.98806621935  4.291483E-15
4685.73424256972  4.106962E-15
4688.48039963971  4.025388E-15
4691.22653736521  3.914565E-15
4693.97265568209  4.061461E-15
4696.71875452623  3.981925E-15
4699.4648338335  3.942997E-15
4702.21089353978  3.987253E-15
4704.95693358094  3.977886E-15
4707.70295389285  3.990589E-15
4710.4489544114  3.972792E-15
4713.19493507246  3.995246E-15
4715.9408958119  3.981590E-15
4718.68683656561  3.962661E-15
4721.43275726944  3.896536E-15
4724.17865785929  3.969469E-15
4726.92453827102  3.899132E-15
4729.67039844052  3.863775E-15
4732.41623830364  3.725396E-15
4735.16205779629  3.757240E-15
4737.90785685431  3.668844E-15
4740.65363541361  3.665027E-15
4743.39939341003  3.589781E-15
4746.14513077947  3.564291E-15
4748.8908474578  3.493727E-15
4751.6365433809  3.472148E-15
4754.38221848463  3.503736E-15
4757.12787270488  3.425039E-15
4759.87350597752  3.334645E-15
4762.61911823842  3.298984E-15
4765.36470942347  3.281365E-15
4768.11027946853  3.182219E-15
4770.85582830948  3.227459E-15
4773.6013558822  3.230937E-15
4776.34686212256  3.241075E-15
4779.09234696644  3.242436E-15
4781.83781034971  3.289937E-15
4784.58325220825  3.258920E-15
4787.32867247794  3.322314E-15
4790.07407109464  3.356735E-15
4792.81944799424  3.309349E-15
4795.56480311261  3.426226E-15
4798.31013638562  3.404477E-15
4801.05544774916  3.536739E-15
4803.80073713909  3.508879E-15
4806.54600449129  3.468457E-15
4809.29124974164  3.597257E-15
4812.03647282601  3.504415E-15
4814.78167368028  3.558653E-15
4817.52685224032  3.538921E-15
4820.27200844201  3.507208E-15
4823.01714222122  3.454210E-15
4825.76225351384  3.405247E-15
4828.50734225573  3.388566E-15
4831.25240838276  3.328822E-15
4833.99745183083  3.259160E-15
4836.74247253579  3.227408E-15
4839.48747043353  3.173169E-15
4842.23244545992  3.122174E-15
4844.97739755084  3.177196E-15
4847.72232664216  3.109624E-15
4850.46723266976  3.073448E-15
4853.21211556951  3.098872E-15
4855.95697527729  3.023273E-15
4858.70181172897  3.074139E-15
4861.44662486044  3.001252E-15
4864.19141460755  2.978895E-15
4866.9361809062  3.020229E-15
4869.68092369225  2.967549E-15
4872.42564290158  3.040552E-15
4875.17033847007  3.008315E-15
4877.91501033359  2.955127E-15
4880.65965842802  3.068609E-15
4883.40428268923  3.049709E-15
4886.14888305309  3.092014E-15
4888.89345945549  3.091192E-15
4891.6380118323  3.087767E-15
4894.38254011939  3.099464E-15
4897.12704425264  3.110186E-15
4899.87152416793  3.072608E-15
4902.61597980112  2.991695E-15
4905.3604110881  3.021271E-15
4908.10481796474  3.086746E-15
4910.84920036692  3.005048E-15
4913.59355823051  3.031961E-15
4916.33789149138  3.028139E-15
4919.08220008542  2.983600E-15
4921.82648394849  2.998068E-15
4924.57074301648  3.106243E-15
4927.31497722525  3.182431E-15
4930.05918651069  3.159060E-15
4932.80337080867  3.263918E-15
4935.54753005506  3.214445E-15
4938.29166418574  3.322690E-15
4941.03577313659  3.299567E-15
4943.77985684347  3.481100E-15
4946.52391524228  3.449218E-15
4949.26794826887  3.654855E-15
4952.01195585913  3.661416E-15
4954.75593794894  3.712852E-15
4957.49989447416  3.709601E-15
4960.24382537067  3.621308E-15
4962.98773057435  3.638559E-15
4965.73161002108  3.584648E-15
4968.47546364672  3.505492E-15
4971.21929138716  3.479592E-15
4973.96309317826  3.373522E-15
4976.70686895592  3.446276E-15
4979.45061865599  3.326287E-15
4982.19434221436  3.371732E-15
4984.9380395669  3.309260E-15
4987.68171064949  3.297092E-15
4990.425355398  3.272936E-15
4993.1689737483  3.329574E-15
4995.91256563628  3.276318E-15
4998.65613099781  3.366700E-15
5001.39966976876  3.327566E-15
5004.14318188501  3.326771E-15
5006.88666728243  3.384876E-15
5009.63012589691  3.345695E-15
5012.3735576643  3.338460E-15
5015.1169625205  3.405643E-15
5017.86034040138  3.449708E-15
5020.6036912428  3.515221E-15
5023.34701498065  3.525141E-15
5026.09031155081  3.530019E-15
5028.83358088914  3.539734E-15
5031.57682293152  3.576090E-15
5034.32003761384  3.507029E-15
5037.06322487195  3.580657E-15
5039.80638464175  3.607908E-15
5042.54951685909  3.548935E-15
5045.29262145987  3.638812E-15
5048.03569837995  3.738068E-15
5050.77874755522  3.677827E-15
5053.52176892153  3.720750E-15
5056.26476241478  3.792037E-15
5059.00772797084  3.852460E-15
5061.75066552558  3.809967E-15
5064.49357501487  3.793055E-15
5067.2364563746  3.828250E-15
5069.97930954064  3.900229E-15
5072.72213444886  3.905630E-15
5075.46493103513  3.917185E-15
5078.20769923535  4.017221E-15
5080.95043898537  4.056456E-15
5083.69315022107  4.078032E-15
5086.43583287834  4.171354E-15
5089.17848689304  4.192272E-15
5091.92111220106  4.331342E-15
5094.66370873825  4.353984E-15
5097.40627644052  4.342148E-15
5100.14881524372  4.446430E-15
5102.89132508373  4.432919E-15
5105.63380589642  4.517793E-15
5108.37625761769  4.414666E-15
5111.11868018339  4.479771E-15
5113.8610735294  4.532001E-15
5116.60343759161  4.574852E-15
5119.34577230588  4.767187E-15
5122.08807760809  4.832010E-15
5124.83035343411  4.861269E-15
5127.57259971983  4.973183E-15
5130.31481640111  5.057264E-15
5133.05700341383  5.018564E-15
5135.79916069387  5.147399E-15
5138.54128817711  5.206653E-15
5141.28338579941  5.379654E-15
5144.02545349665  5.391990E-15
5146.76749120472  5.476072E-15
5149.50949885947  5.523784E-15
5152.2514763968  5.618270E-15
5154.99342375257  5.713820E-15
5157.73534086266  5.676249E-15
5160.47722766295  5.845345E-15
5163.21908408931  5.907305E-15
5165.96091007761  5.896284E-15
5168.70270556374  5.998725E-15
5171.44447048356  5.992910E-15
5174.18620477296  5.939803E-15
5176.9279083678  6.019686E-15
5179.66958120396  6.001998E-15
5182.41122321733  6.080880E-15
5185.15283434377  6.044544E-15
5187.89441451915  6.133498E-15
5190.63596367937  6.199472E-15
5193.37748176028  6.057428E-15
5196.11896869777  6.063448E-15
5198.86042442771  6.034712E-15
5201.60184888597  6.126706E-15
5204.34324200844  6.084373E-15
5207.08460373098  6.001203E-15
5209.82593398948  6.091579E-15
5212.5672327198  6.043064E-15
5215.30849985783  6.090006E-15
5218.04973533943  6.165448E-15
5220.79093910049  6.011629E-15
5223.53211107688  6.083176E-15
5226.27325120447  6.141304E-15
5229.01435941914  6.037692E-15
5231.75543565677  6.014936E-15
5234.49647985323  6.132179E-15
5237.2374919444  6.022607E-15
5239.97847186614  6.052789E-15
5242.71941955435  6.064158E-15
5245.46033494488  6.132498E-15
5248.20121797363  6.021261E-15
5250.94206857645  6.064004E-15
5253.68288668924  6.089534E-15
5256.42367224786  5.988770E-15
5259.16442518818  5.982686E-15
5261.9051454461  6.000781E-15
5264.64583295747  5.972811E-15
5267.38648765818  5.883010E-15
5270.1271094841  5.688947E-15
5272.8676983711  5.611437E-15
5275.60825425506  5.521436E-15
5278.34877707187  5.442993E-15
5281.08926675738  5.319055E-15
5283.82972324748  5.314942E-15
5286.57014647805  5.144385E-15
5289.31053638495  5.129189E-15
5292.05089290407  5.049308E-15
5294.79121597128  4.952271E-15
5297.53150552245  4.897719E-15
5300.27176149346  4.844282E-15
5303.01198382019  4.781249E-15
5305.7521724385  4.693255E-15
5308.49232728429  4.582924E-15
5311.23244829341  4.578480E-15
5313.97253540175  4.544581E-15
5316.71258854519  4.514079E-15
5319.45260765958  4.507851E-15
5322.19259268083  4.388097E-15
5324.93254354479  4.490538E-15
5327.67246018735  4.458071E-15
5330.41234254437  4.372632E-15
5333.15219055174  4.404172E-15
5335.89200414533  4.378245E-15
5338.63178326101  4.305890E-15
5341.37152783467  4.392630E-15
5344.11123780217  4.356689E-15
5346.85091309939  4.423617E-15
5349.59055366221  4.418737E-15
5352.3301594265  4.419866E-15
5355.06973032814  4.473117E-15
5357.809266303  4.442899E-15
5360.54876728696  4.437935E-15
5363.28823321589  4.441615E-15
5366.02766402567  4.498856E-15
5368.76705965218  4.552560E-15
5371.50642003128  4.534656E-15
5374.24574509886  4.584554E-15
5376.98503479079  4.599369E-15
5379.72428904295  4.670902E-15
5382.46350779121  4.645566E-15
5385.20269097145  4.635960E-15
5387.94183851953  4.690637E-15
5390.68095037135  4.695562E-15
5393.42002646277  4.657032E-15
5396.15906672966  4.691779E-15
5398.89807110791  4.641618E-15
5401.63703953339  4.748976E-15
5404.37597194197  4.771664E-15
5407.11486826953  4.709861E-15
5409.85372845195  4.791554E-15
5412.5925524251  4.838923E-15
5415.33134012485  4.744561E-15
5418.07009148708  4.782661E-15
5420.80880644768  4.770671E-15
5423.5474849425  4.825134E-15
5426.28612690743  4.827563E-15
5429.02473227834  4.787550E-15
5431.76330099111  4.760344E-15
5434.50183298162  4.811832E-15
5437.24032818573  4.702827E-15
5439.97878653933  4.693006E-15
5442.71720797829  4.605477E-15
5445.45559243848  4.664018E-15
5448.19393985578  4.573349E-15
5450.93225016607  4.503937E-15
5453.67052330522  4.446135E-15
5456.40875920911  4.501493E-15
5459.1469578136  4.277032E-15
5461.88511905459  4.372368E-15
5464.62324286794  4.288926E-15
5467.36132918952  4.371241E-15
5470.09937795522  4.256882E-15
5472.83738910091  4.188353E-15
5475.57536256246  4.118770E-15
5478.31329827576  4.062221E-15
5481.05119617666  4.028354E-15
5483.78905620106  3.994487E-15
5486.52687828482  3.960620E-15
5489.26466236383  3.995748E-15
5492.00240837395  3.863743E-15
5494.74011625106  3.779863E-15
5497.47778593104  3.806051E-15
5500.21541734976  3.853454E-15
5502.9530104431  3.813537E-15
5505.69056514693  3.796409E-15
5508.42808139714  3.748401E-15
5511.16555912958  3.684777E-15
5513.90299828015  3.897865E-15
5516.64039878471  3.886638E-15
5519.37776057914  3.833729E-15
5522.11508359931  3.925339E-15
5524.85236778111  3.914610E-15
5527.5896130604  3.938520E-15
5530.32681937307  4.019513E-15
5533.06398665498  3.993649E-15
5535.80111484202  4.107836E-15
5538.53820387005  4.139659E-15
5541.27525367496  4.243050E-15
5544.01226419261  4.347970E-15
5546.74923535889  4.396674E-15
5549.48616710967  4.503434E-15
5552.22305938082  4.488813E-15
5554.95991210823  4.616284E-15
5557.69672522776  4.805145E-15
5560.43349867529  4.798934E-15
5563.17023238669  4.935642E-15
5565.90692629785  5.059817E-15
5568.64358034464  5.098180E-15
5571.38019446292  5.146753E-15
5574.11676858859  5.282890E-15
5576.85330265751  5.362354E-15
5579.58979660555  5.404078E-15
5582.32625036861  5.520409E-15
5585.06266388254  5.665985E-15
5587.79903708322  5.589213E-15
5590.53536990654  5.734589E-15
5593.27166228836  5.756525E-15
5596.00791416456  5.848863E-15
5598.74412547102  5.919081E-15
5601.48029614361  5.849441E-15
5604.2164261182  5.936092E-15
5606.95251533068  5.985268E-15
5609.68856371692  6.024572E-15
5612.42457121279  6.057539E-15
5615.16053775417  6.123307E-15
5617.89646327693  6.098102E-15
5620.63234771695  6.117895E-15
5623.36819101011  6.227250E-15
5626.10399309228  6.151542E-15
5628.83975389933  6.222709E-15
5631.57547336714  6.269319E-15
5634.31115143159  6.303352E-15
5637.04678802855  6.206884E-15
5639.7823830939  6.075262E-15
5642.51793656351  6.233449E-15
5645.25344837326  6.222869E-15
5647.98891845902  6.320605E-15
5650.72434675667  6.320259E-15
5653.45973320208  6.358688E-15
5656.19507773113  6.332887E-15
5658.9303802797  6.342284E-15
5661.66564078366  6.318070E-15
5664.40085917888  6.368718E-15
5667.13603540124  6.348425E-15
5669.87116938662  6.281509E-15
5672.60626107089  6.306444E-15
5675.34131038993  6.385210E-15
5678.07631727961  6.326232E-15
5680.8112816758  6.186309E-15
5683.54620351439  6.317409E-15
5686.28108273125  6.284132E-15
5689.01591926226  6.299244E-15
5691.75071304328  6.194008E-15
5694.48546401019  6.338200E-15
5697.22017209888  1.112192E-14
