      2888.13  5.60791e-16  4.31720e-15
      2890.88 -4.56121e-15  2.40470e-15
      2893.62  2.57559e-15  2.03622e-15
      2896.37 -1.68262e-15  1.39438e-15
      2899.11 -2.00674e-15  1.13818e-15
      2901.86 -2.06777e-15  1.09288e-15
      2904.60 -9.47781e-16  8.92514e-16
      2907.35 -3.38211e-16  8.20165e-16
      2910.09  3.70737e-15  2.00026e-15
      2912.84 -1.25918e-15  7.41793e-16
      2915.58 -1.25810e-16  6.07206e-16
      2918.33  1.27322e-16  5.19817e-16
      2921.07 -1.01019e-15  6.40347e-16
      2923.82  3.11050e-16  5.58849e-16
      2926.56  1.05786e-15  5.78415e-16
      2929.31 -5.76145e-16  3.20810e-16
      2932.05 -1.34183e-16  4.34675e-16
      2934.80  1.18182e-15  5.37995e-16
      2937.55 -6.05102e-16  1.15504e-15
      2940.29  2.31668e-16  1.97284e-16
      2943.04  2.65407e-17  1.89021e-16
      2945.78  1.50783e-16  1.67541e-16
      2948.53 -1.37255e-16  1.60832e-16
      2951.27  3.68972e-17  1.26211e-16
      2954.02  9.56732e-17  1.19693e-16
      2956.76  7.91897e-17  1.13323e-16
      2959.51  6.27075e-17  4.42159e-16
      2962.25  4.62254e-17  9.25120e-17
      2965.00 -6.49227e-17  7.95916e-17
      2967.74  8.55849e-17  7.85904e-17
      2970.49 -3.34230e-17  7.05247e-17
      2973.24  5.17888e-17  7.17139e-17
      2975.98  2.10626e-17  6.65884e-17
      2978.73  9.00942e-17  6.78080e-17
      2981.47  3.28835e-17  6.71913e-17
      2984.22  2.37436e-16  8.45364e-17
      2986.96  3.15581e-16  1.42175e-16
      2989.71  5.91311e-18  6.71515e-17
      2992.46  1.71583e-16  7.30043e-17
      2995.20  1.19366e-16  7.68335e-17
      2997.95  1.36580e-17  5.84747e-17
      3000.69  3.45626e-17  6.42948e-17
      3003.44  3.84219e-17  6.07503e-17
      3006.18  1.23020e-17  1.89881e-16
      3008.93  1.10465e-16  5.92883e-17
      3011.68  6.72560e-17  6.26758e-17
      3014.42 -1.17668e-17  5.70568e-17
      3017.17  1.75965e-16  2.41594e-16
      3019.91 -2.25243e-17  5.21887e-17
      3022.66  1.43608e-17  4.99351e-17
      3025.40  8.04608e-17  5.27926e-17
      3028.15  8.37125e-18  5.03624e-17
      3030.90  2.53026e-17  4.91650e-17
      3033.64  1.13810e-16  5.21611e-17
      3036.39 -2.01665e-17  5.29614e-17
      3039.13  1.94425e-16  8.75443e-17
      3041.88  1.51297e-16  5.07192e-17
      3044.63  4.85682e-17  4.73817e-17
      3047.37  7.63694e-17  4.44507e-17
      3050.12  9.95933e-17  5.02920e-17
      3052.87  3.42362e-17  4.25164e-17
      3055.61  4.00741e-17  4.32865e-17
      3058.36  6.91610e-17  6.41072e-17
      3061.10  3.58769e-17  4.18243e-17
      3063.85  7.58390e-17  4.10734e-17
      3066.60  3.93473e-17  4.56673e-17
      3069.34  5.19895e-17  3.94661e-17
      3072.09  4.08081e-17  3.90677e-17
      3074.83  2.80835e-17  3.76226e-17
      3077.58  2.78026e-17  4.30503e-17
      3080.33  6.53374e-17  4.65144e-17
      3083.07 -4.61860e-17  6.93638e-17
      3085.82  3.94867e-17  3.78204e-17
      3088.57  1.14624e-16  6.01138e-17
      3091.31  9.01200e-18  4.02427e-17
      3094.06  8.83535e-17  6.04046e-17
      3096.81 -3.02483e-17  4.93011e-17
      3099.55  3.05928e-17  3.70951e-17
      3102.30  7.27769e-17  3.70407e-17
      3105.05  1.13739e-16  4.57404e-17
      3107.79  5.15990e-17  3.89428e-17
      3110.54  9.79401e-17  3.98998e-17
      3113.28  8.47191e-17  3.96083e-17
      3116.03  5.07946e-17  8.91663e-17
      3118.78  6.80262e-17  3.72397e-17
      3121.52  6.55228e-17  3.48637e-17
      3124.27  5.83089e-17  3.49872e-17
      3127.02  9.62498e-17  4.02896e-17
      3129.76  1.41662e-16  4.35500e-17
      3132.51  9.14073e-17  3.42668e-17
      3135.26  6.73030e-17  4.20598e-17
      3138.00  7.85680e-17  3.45700e-17
      3140.75  8.98321e-17  5.42180e-17
      3143.50  1.01097e-16  8.63529e-17
      3146.24  1.12361e-16  4.19610e-17
      3148.99  9.97482e-17  5.05518e-17
      3151.74  7.16128e-17  3.88959e-17
      3154.48  1.74970e-16  4.41894e-17
      3157.23  7.35875e-17  3.56694e-17
      3159.98  6.71718e-17  4.83167e-17
      3162.72  6.07561e-17  7.12981e-17
      3165.47  5.43404e-17  3.28465e-17
      3168.22  1.42324e-16  3.79792e-17
      3170.97  8.76623e-17  3.36895e-17
      3173.71  1.31202e-16  3.96138e-17
      3176.46  9.56953e-17  3.46152e-17
      3179.21  1.00164e-16  4.30130e-17
      3181.95  6.40979e-17  2.99653e-17
      3184.70  6.72431e-17  3.14605e-17
      3187.45  7.03880e-17  6.07571e-17
      3190.19  7.35332e-17  3.42511e-17
      3192.94  7.66784e-17  3.17632e-17
      3195.69  1.62657e-16  3.30856e-17
      3198.44  7.10596e-17  3.44103e-17
      3201.18  5.85082e-17  3.21621e-17
      3203.93  5.85017e-17  3.13889e-17
      3206.68  5.84953e-17  1.41796e-16
      3209.42  5.84889e-17  3.24155e-17
      3212.17  5.84825e-17  3.21023e-17
      3214.92  9.22127e-17  3.53882e-17
      3217.66  7.90156e-17  2.90564e-17
      3220.41  1.22583e-16  3.18330e-17
      3223.16  1.59378e-17  4.08557e-17
      3225.91  1.80522e-16  4.11595e-17
      3228.65  3.51062e-17  2.90162e-17
      3231.40  1.53858e-17  2.82407e-17
      3234.15  1.14663e-16  2.80357e-17
      3236.90  4.27228e-17  2.92602e-17
      3239.64  6.05608e-17  6.02955e-17
      3242.39  7.83987e-17  2.97668e-17
      3245.14  9.62367e-17  2.62678e-17
      3247.88  1.14075e-16  2.90794e-17
      3250.63  3.53024e-17  2.81920e-17
      3253.38  9.44863e-17  2.89204e-17
      3256.13  9.91989e-17  3.48431e-17
      3258.87  2.87657e-17  2.56152e-17
      3261.62  4.15430e-17  2.62670e-17
      3264.37  1.24961e-16  3.58666e-17
      3267.12  6.52330e-17  2.98374e-17
      3269.86  3.07867e-17  2.44762e-17
      3272.61  8.63011e-17  3.13147e-17
      3275.36  9.19074e-17  3.16668e-17
      3278.11  5.57322e-17  2.43424e-17
      3280.85  7.21325e-17  2.71732e-17
      3283.60  7.20290e-17  3.16446e-17
      3286.35  4.96671e-17  3.02137e-17
      3289.10  1.05069e-16  2.49332e-17
      3291.84  1.11108e-16  2.54555e-17
      3294.59  1.06492e-16  2.71655e-17
      3297.34  5.56985e-17  2.50247e-17
      3300.09  5.69928e-17  2.43605e-17
      3302.83  2.96434e-17  2.60209e-17
      3305.58  4.73101e-17  2.41967e-17
      3308.33  2.22345e-17  2.31192e-17
      3311.08  5.88255e-17  2.47583e-17
      3313.82  5.28145e-17  2.51267e-17
      3316.57  2.63583e-17  2.31524e-17
      3319.32  7.99442e-17  2.43635e-17
      3322.07  5.35151e-17  2.37983e-17
      3324.81  5.71945e-17  3.19706e-17
      3327.56  5.70575e-17  2.48384e-17
      3330.31  8.25871e-17  2.61033e-17
      3333.06  7.44779e-17  2.63740e-17
      3335.80  4.70128e-17  2.51905e-17
      3338.55  4.96004e-17  2.33487e-17
      3341.30  6.75054e-17  2.38146e-17
      3344.05  3.43453e-17  2.45039e-17
      3346.80  3.65211e-17  3.02847e-17
      3349.54  3.86970e-17  2.60533e-16
      3352.29  4.08728e-17  2.22034e-17
      3355.04  4.30486e-17  2.21970e-17
      3357.79  1.03112e-16  3.80583e-17
      3360.54  1.04010e-16  2.46574e-17
      3363.28  9.95495e-17  2.82577e-17
      3366.03  5.66125e-17  2.28116e-17
      3368.78  8.43639e-17  2.43142e-17
      3371.53  9.48037e-17  2.30426e-17
      3374.27  8.41789e-17  2.18847e-17
      3377.02  1.12934e-16  2.43618e-17
      3379.77  6.06969e-17  2.27087e-17
      3382.52  1.07679e-16  2.25332e-17
      3385.27  1.25748e-16  2.47585e-17
      3388.01  1.23729e-16  3.25659e-17
      3390.76  1.21710e-16  1.79238e-16
      3393.51  1.19690e-16  2.75275e-17
      3396.26  1.17671e-16  4.27355e-17
      3399.01  1.15652e-16  3.30916e-17
      3401.75  8.30755e-17  2.14564e-17
      3404.50  8.45637e-17  2.04713e-17
      3407.25  9.92454e-17  2.15360e-17
      3410.00  1.12954e-16  2.46429e-17
      3412.75  1.59868e-16  5.49730e-17
      3415.49  1.19079e-16  2.17502e-17
      3418.24  7.82905e-17  2.81830e-17
      3420.99  3.75017e-17  4.89956e-17
      3423.74  1.01965e-16  2.55802e-17
      3426.49  1.39140e-16  2.30094e-17
      3429.23  1.47074e-16  2.53838e-17
      3431.98  1.01670e-16  2.45990e-17
      3434.73  9.23376e-17  2.56475e-17
      3437.48  1.65440e-16  3.89794e-17
      3440.23  8.35892e-17  2.45245e-17
      3442.98  1.12496e-16  2.45499e-17
      3445.72  1.22923e-16  2.08970e-17
      3448.47  1.47469e-16  2.25218e-17
      3451.22  2.05958e-16  4.31506e-17
      3453.97  1.55194e-16  2.80629e-17
      3456.72  1.34961e-16  2.04086e-17
      3459.46  8.25969e-17  2.05248e-17
      3462.21  9.73704e-17  2.10754e-17
      3464.96  9.15366e-17  2.01270e-17
      3467.71  1.36433e-16  2.40053e-17
      3470.46  1.26591e-16  2.32939e-17
      3473.21  9.63050e-17  2.04267e-17
      3475.95  1.25979e-16  2.08723e-17
      3478.70  1.43278e-16  2.09334e-17
      3481.45  1.25363e-16  2.01199e-17
      3484.20  7.69238e-17  1.94665e-17
      3486.95  1.06295e-16  2.01545e-17
      3489.70  1.26764e-16  2.20831e-17
      3492.44  1.75159e-16  2.94559e-17
      3495.19  1.33934e-16  2.28023e-17
      3497.94  1.28026e-16  2.40525e-17
      3500.69  1.50332e-16  2.15673e-17
      3503.44  1.14992e-16  1.93241e-17
      3506.19  1.70903e-16  2.17341e-17
      3508.93  1.52882e-16  1.94259e-17
      3511.68  1.36106e-16  2.02547e-17
      3514.43  1.67166e-16  2.12226e-17
      3517.18  1.38753e-16  2.32970e-17
      3519.93  1.36106e-16  2.00700e-17
      3522.68  2.17315e-16  2.19471e-17
      3525.42  1.84966e-16  2.13833e-17
      3528.17  1.66976e-16  2.19122e-17
      3530.92  2.02673e-16  2.10480e-17
      3533.67  1.76021e-16  1.98159e-17
      3536.42  2.00352e-16  4.28755e-17
      3539.17  2.01618e-16  2.34535e-17
      3541.91  2.19149e-16  2.08847e-17
      3544.66  2.06900e-16  2.38596e-17
      3547.41  2.57908e-16  2.93265e-17
      3550.16  2.09676e-16  2.20682e-17
      3552.91  2.34867e-16  2.11336e-17
      3555.66  2.80189e-16  2.75560e-17
      3558.41  2.13394e-16  2.00067e-17
      3561.15  2.26373e-16  2.05481e-17
      3563.90  2.34857e-16  2.36801e-17
      3566.65  2.43774e-16  2.12302e-17
      3569.40  2.24739e-16  1.99007e-17
      3572.15  2.93693e-16  2.28528e-17
      3574.90  2.71766e-16  2.46209e-17
      3577.65  3.05364e-16  2.21132e-17
      3580.39  2.46044e-16  2.07736e-17
      3583.14  2.61976e-16  2.31434e-17
      3585.89  2.79844e-16  2.34759e-17
      3588.64  2.60925e-16  2.04622e-17
      3591.39  2.80481e-16  2.02458e-17
      3594.14  2.75900e-16  2.05528e-17
      3596.89  2.78066e-16  2.09663e-17
      3599.63  2.61421e-16  1.99306e-17
      3602.38  2.87481e-16  2.23827e-17
      3605.13  3.17121e-16  2.66780e-17
      3607.88  3.22787e-16  2.31420e-17
      3610.63  3.09278e-16  3.78971e-17
      3613.38  3.03453e-16  2.83405e-17
      3616.13  3.18168e-16  2.32456e-17
      3618.87  3.10994e-16  2.28529e-17
      3621.62  2.90527e-16  2.05859e-17
      3624.37  2.81087e-16  2.44878e-17
      3627.12  2.96728e-16  2.46962e-17
      3629.87  2.98200e-16  2.07293e-17
      3632.62  2.40616e-16  4.56630e-17
      3635.37  2.79816e-16  2.26242e-17
      3638.11  2.84960e-16  2.05298e-17
      3640.86  2.44761e-16  1.94954e-17
      3643.61  2.68605e-16  2.09311e-17
      3646.36  2.27691e-16  2.09565e-17
      3649.11  2.71648e-16  1.96250e-17
      3651.86  2.70066e-16  2.07078e-17
      3654.61  2.95226e-16  3.48440e-17
      3657.36  2.68661e-16  1.96739e-17
      3660.10  2.60482e-16  2.17492e-17
      3662.85  2.59620e-16  1.82660e-17
      3665.60  2.58758e-16  2.87285e-17
      3668.35  2.57896e-16  2.67601e-17
      3671.10  2.57033e-16  1.91062e-17
      3673.85  2.56171e-16  3.98028e-17
      3676.60  2.55309e-16  4.63377e-17
      3679.35  2.54447e-16  1.83106e-17
      3682.09  2.53585e-16  1.96112e-17
      3684.84  2.52723e-16  2.65658e-17
      3687.59  2.12408e-16  1.83926e-17
      3690.34  2.41730e-16  1.81519e-17
      3693.09  2.15473e-16  1.81700e-17
      3695.84  2.21859e-16  1.90804e-17
      3698.59  2.06744e-16  2.55320e-17
      3701.34  1.91629e-16  1.79680e-16
      3704.08  1.76514e-16  2.59336e-17
      3706.83  1.61400e-16  2.30224e-17
      3709.58  1.69821e-16  1.66841e-17
      3712.33  1.65363e-16  1.69973e-17
      3715.08  1.44904e-16  1.61148e-17
      3717.83  1.51442e-16  1.61202e-17
      3720.58  1.70979e-16  1.75558e-17
      3723.33  1.22654e-16  1.61309e-17
      3726.08  1.39219e-16  1.56272e-17
      3728.82  1.19743e-16  1.55859e-17
      3731.57  1.30478e-16  1.71469e-17
      3734.32  1.51197e-16  2.33463e-17
      3737.07  1.15391e-16  1.56118e-17
      3739.82  1.17308e-16  1.86374e-17
      3742.57  1.23088e-16  1.69998e-17
      3745.32  1.54388e-16  1.76051e-17
      3748.07  1.42686e-16  1.62193e-17
      3750.81  1.16766e-16  1.56511e-17
      3753.56  1.53705e-16  2.65767e-17
      3756.31  1.50407e-16  3.34534e-17
      3759.06  1.45838e-16  1.43170e-17
      3761.81  1.41268e-16  3.21771e-17
      3764.56  1.36699e-16  1.54067e-17
      3767.31  1.32130e-16  2.02634e-17
      3770.06  1.27560e-16  1.59598e-17
      3772.81  1.22991e-16  1.46795e-17
      3775.55  1.18422e-16  1.62735e-17
      3778.30  1.13853e-16  1.44115e-17
      3781.05  1.08453e-16  3.16583e-17
      3783.80  1.54045e-16  1.53608e-17
      3786.55  1.57420e-16  1.67423e-17
      3789.30  1.15328e-16  2.33379e-17
      3792.05  1.41371e-16  1.61952e-17
      3794.80  1.73009e-16  2.08875e-17
      3797.55  1.25120e-16  1.35886e-17
      3800.29  1.31675e-16  1.33099e-17
      3803.04  1.60863e-16  1.61986e-17
      3805.79  1.66492e-16  1.51271e-17
      3808.54  1.56730e-16  1.71756e-17
      3811.29  1.53623e-16  1.75094e-17
      3814.04  1.79010e-16  1.39223e-17
      3816.79  1.99185e-16  1.52853e-17
      3819.54  1.93434e-16  1.57946e-17
      3822.29  1.86265e-16  1.52945e-17
      3825.03  1.73188e-16  1.39522e-17
      3827.78  2.02956e-16  1.51471e-17
      3830.53  1.97745e-16  1.48580e-17
      3833.28  2.14783e-16  1.48935e-17
      3836.03  2.38742e-16  1.42091e-17
      3838.78  2.09001e-16  1.51758e-17
      3841.53  2.12698e-16  1.48436e-17
      3844.28  2.25541e-16  1.49974e-17
      3847.03  2.30353e-16  1.86250e-17
      3849.77  2.50963e-16  1.43719e-17
      3852.52  1.88760e-16  2.11375e-17
      3855.27  2.48605e-16  1.41623e-17
      3858.02  2.95172e-16  1.51105e-17
      3860.77  3.01322e-16  1.81369e-17
      3863.52  2.80220e-16  1.48814e-17
      3866.27  2.95264e-16  1.59034e-17
      3869.02  2.92683e-16  1.52331e-17
      3871.77  2.56818e-16  4.98762e-17
      3874.51  3.22264e-16  1.43518e-17
      3877.26  3.32635e-16  1.48704e-17
      3880.01  3.51728e-16  3.07892e-17
      3882.76  3.53120e-16  1.48818e-17
      3885.51  4.01569e-16  1.60963e-17
      3888.26  3.96067e-16  1.51264e-17
      3891.01  3.86385e-16  1.49704e-17
      3893.76  3.92838e-16  1.50759e-17
      3896.51  4.06767e-16  1.58783e-17
      3899.25  4.36588e-16  1.73793e-17
      3902.00  4.20889e-16  1.49639e-17
      3904.75  4.15190e-16  1.47803e-17
      3907.50  3.60563e-16  1.57197e-17
      3910.25  4.26863e-16  2.14768e-17
      3913.00  4.75631e-16  1.56032e-17
      3915.75  4.67115e-16  1.73358e-17
      3918.50  4.71830e-16  2.20058e-17
      3921.25  5.10468e-16  1.64988e-17
      3923.99  4.98996e-16  1.78985e-17
      3926.74  5.16129e-16  1.60273e-17
      3929.49  5.15056e-16  1.86190e-17
      3932.24  5.41596e-16  1.58854e-17
      3934.99  5.19108e-16  1.58734e-17
      3937.74  5.42306e-16  1.63813e-17
      3940.49  5.83511e-16  1.62018e-17
      3943.24  5.74230e-16  1.60412e-17
      3945.99  6.16092e-16  1.61625e-17
      3948.73  5.81730e-16  1.58522e-17
      3951.48  5.68508e-16  2.46360e-17
      3954.23  6.25107e-16  1.63195e-17
      3956.98  6.08870e-16  1.59681e-17
      3959.73  5.92726e-16  1.59413e-17
      3962.48  6.19153e-16  1.68865e-17
      3965.23  6.08684e-16  1.67609e-17
      3967.98  5.88251e-16  1.89360e-17
      3970.73  5.97777e-16  1.85125e-17
      3973.47  5.80630e-16  1.72811e-17
      3976.22  6.48383e-16  2.48849e-17
      3978.97  6.22883e-16  1.82516e-17
      3981.72  6.00340e-16  1.67642e-17
      3984.47  5.91521e-16  2.93012e-17
      3987.22  5.96814e-16  1.70123e-17
      3989.97  5.63336e-16  1.66647e-17
      3992.72  6.03425e-16  2.05067e-17
      3995.46  5.47886e-16  1.52392e-17
      3998.21  5.68892e-16  1.77260e-17
      4000.96  5.69969e-16  1.56066e-17
      4003.71  5.52346e-16  1.52207e-17
      4006.46  5.82852e-16  1.54979e-17
      4009.21  5.31066e-16  1.47920e-17
      4011.96  5.49710e-16  2.12114e-17
      4014.71  5.30113e-16  1.63262e-17
      4017.45  5.18582e-16  1.55484e-17
      4020.20  5.22105e-16  1.53289e-17
      4022.95  5.03962e-16  1.39899e-17
      4025.70  5.17576e-16  1.53122e-17
      4028.45  4.70557e-16  4.29032e-17
      4031.20  4.48995e-16  1.56512e-17
      4033.95  4.43608e-16  1.36094e-17
      4036.70  4.41138e-16  1.70005e-17
      4039.45  4.52641e-16  1.68729e-17
      4042.19  4.55015e-16  1.40335e-17
      4044.94  4.33095e-16  1.55920e-17
      4047.69  4.37723e-16  1.70523e-17
      4050.44  4.41911e-16  3.37677e-17
      4053.19  4.46099e-16  1.99836e-17
      4055.94  4.50287e-16  1.37025e-17
      4058.69  4.53763e-16  2.10791e-17
      4061.44  4.55819e-16  1.46410e-17
      4064.18  4.57875e-16  1.95585e-17
      4066.93  4.59931e-16  1.69068e-17
      4069.68  4.51520e-16  1.54710e-17
      4072.43  4.50402e-16  1.51807e-17
      4075.18  4.30214e-16  1.61260e-17
      4077.93  4.45718e-16  1.39339e-17
      4080.68  4.54683e-16  1.49799e-17
      4083.42  4.45476e-16  1.63452e-17
      4086.17  5.01138e-16  2.53670e-17
      4088.92  4.80419e-16  1.34060e-17
      4091.67  5.18859e-16  1.38397e-17
      4094.42  5.19154e-16  1.83346e-17
      4097.17  5.65028e-16  2.09945e-17
      4099.92  5.30590e-16  1.48504e-17
      4102.67  5.18963e-16  1.53350e-17
      4105.41  5.42924e-16  1.54454e-17
      4108.16  5.62965e-16  1.43724e-17
      4110.91  5.31454e-16  1.37838e-17
      4113.66  5.17584e-16  1.37624e-17
      4116.41  5.72135e-16  1.49755e-17
      4119.16  5.56096e-16  1.53641e-17
      4121.91  5.56210e-16  1.41233e-17
      4124.65  5.58839e-16  1.81535e-17
      4127.40  5.44676e-16  1.40962e-17
      4130.15  5.23445e-16  1.48924e-17
      4132.90  5.50691e-16  1.38273e-17
      4135.65  5.65792e-16  1.43990e-17
      4138.40  5.72775e-16  1.83803e-17
      4141.15  5.12271e-16  1.76957e-17
      4143.89  5.53240e-16  1.92498e-17
      4146.64  6.04451e-16  1.59731e-17
      4149.39  5.57172e-16  1.78687e-17
      4152.14  5.67883e-16  1.53547e-17
      4154.89  5.45614e-16  1.51112e-17
      4157.64  5.69103e-16  1.51042e-17
      4160.39  5.66450e-16  1.51243e-17
      4163.13  5.46009e-16  1.62405e-17
      4165.88  5.82711e-16  1.59836e-17
      4168.63  5.95483e-16  1.67828e-17
      4171.38  5.70320e-16  1.37585e-17
      4174.13  6.17047e-16  1.57238e-17
      4176.88  6.28846e-16  1.70302e-17
      4179.62  6.20548e-16  2.02034e-17
      4182.37  5.40603e-16  1.69926e-17
      4185.12  5.27121e-16  1.76986e-17
      4187.87  5.93570e-16  1.38544e-17
      4190.62  5.53597e-16  1.78736e-17
      4193.37  5.28988e-16  1.66652e-17
      4196.12  5.82891e-16  1.74600e-17
      4198.86  6.07299e-16  1.66680e-17
      4201.61  5.95951e-16  1.40386e-17
      4204.36  5.93304e-16  1.37865e-17
      4207.11  5.99811e-16  1.54090e-17
      4209.86  6.24540e-16  1.68654e-17
      4212.61  5.43377e-16  2.57403e-17
      4215.35  6.01239e-16  1.55560e-17
      4218.10  5.85720e-16  1.47063e-17
      4220.85  6.24138e-16  1.68315e-17
      4223.60  5.96393e-16  1.39441e-17
      4226.35  5.91437e-16  1.34592e-17
      4229.10  5.35355e-16  1.58215e-17
      4231.84  5.67778e-16  1.42297e-17
      4234.59  5.65959e-16  1.44646e-17
      4237.34  5.70160e-16  1.45685e-17
      4240.09  5.71529e-16  1.35952e-17
      4242.84  5.63480e-16  1.42786e-17
      4245.59  5.85263e-16  1.74462e-17
      4248.33  5.24510e-16  1.58706e-17
      4251.08  6.10272e-16  1.39272e-17
      4253.83  5.40740e-16  1.50034e-17
      4256.58  5.16678e-16  1.62204e-17
      4259.33  5.55324e-16  1.38822e-17
      4262.07  5.76550e-16  1.41946e-17
      4264.82  5.68910e-16  2.04684e-17
      4267.57  5.67645e-16  1.39040e-17
      4270.32  5.44251e-16  1.30243e-17
      4273.07  5.85235e-16  1.38818e-17
      4275.82  5.62938e-16  1.33963e-17
      4278.56  5.58893e-16  1.30816e-17
      4281.31  5.42835e-16  1.32304e-17
      4284.06  5.78350e-16  1.35186e-17
      4286.81  5.08814e-16  1.61086e-17
      4289.56  5.03037e-16  1.53368e-17
      4292.30  5.09307e-16  1.54079e-17
      4295.05  4.99561e-16  1.28120e-17
      4297.80  5.15917e-16  1.29317e-17
      4300.55  4.84256e-16  1.52612e-17
      4303.30  4.99928e-16  1.57991e-17
      4306.04  4.99098e-16  1.40711e-17
      4308.79  4.98390e-16  1.28474e-17
      4311.54  5.05537e-16  1.32552e-17
      4314.29  5.05344e-16  1.29569e-17
      4317.04  4.98884e-16  1.29120e-17
      4319.79  5.37329e-16  2.63100e-17
      4322.53  5.22361e-16  1.26620e-17
      4325.28  5.18100e-16  1.29982e-17
      4328.03  5.16954e-16  1.35123e-17
      4330.78  4.78497e-16  1.22502e-17
      4333.52  4.71511e-16  1.25299e-17
      4336.27  4.61359e-16  1.39201e-17
      4339.02  4.28902e-16  2.20392e-17
      4341.77  5.02053e-16  1.42343e-17
      4344.52  4.50545e-16  1.17036e-17
      4347.26  4.14489e-16  1.19044e-17
      4350.01  4.44079e-16  1.17762e-17
      4352.76  3.91148e-16  1.11801e-17
      4355.51  4.21219e-16  1.16756e-17
      4358.26  4.17872e-16  1.34444e-17
      4361.00  4.21424e-16  1.36349e-17
      4363.75  4.31284e-16  1.37987e-17
      4366.50  3.83234e-16  1.12029e-17
      4369.25  3.58112e-16  1.23059e-17
      4372.00  3.49850e-16  1.37127e-17
      4374.74  3.73559e-16  1.20834e-17
      4377.49  3.49732e-16  1.18401e-17
      4380.24  3.36140e-16  1.08411e-17
      4382.99  3.59693e-16  1.46004e-17
      4385.73  3.30126e-16  1.06575e-17
      4388.48  3.31262e-16  1.05627e-17
      4391.23  3.17416e-16  1.04861e-17
      4393.98  3.40771e-16  1.08487e-17
      4396.72  3.28677e-16  1.05844e-17
      4399.47  3.01560e-16  1.05454e-17
      4402.22  3.19812e-16  1.11902e-17
      4404.97  3.25215e-16  1.09429e-17
      4407.71  3.07324e-16  1.08747e-17
      4410.46  3.22329e-16  1.06606e-17
      4413.21  3.04374e-16  1.02826e-17
      4415.96  3.05302e-16  1.02361e-17
      4418.71  3.06462e-16  1.02300e-17
      4421.45  3.12961e-16  1.17672e-17
      4424.20  2.91593e-16  9.77046e-18
      4426.95  3.15707e-16  1.10530e-17
      4429.70  3.04100e-16  1.08861e-17
      4432.44  2.99861e-16  1.26638e-17
      4435.19  3.29475e-16  1.74691e-17
      4437.94  3.05968e-16  1.02321e-17
      4440.69  3.28263e-16  1.04153e-17
      4443.43  3.03271e-16  1.02648e-17
      4446.18  3.05811e-16  1.04836e-17
      4448.93  3.37675e-16  1.04245e-17
      4451.68  3.42727e-16  1.03790e-17
      4454.42  3.46996e-16  1.06472e-17
      4457.17  3.51266e-16  3.49599e-17
      4459.92  3.55535e-16  1.44781e-17
      4462.66  3.59805e-16  1.20407e-17
      4465.41  3.81057e-16  1.21903e-17
      4468.16  3.81563e-16  1.08875e-17
      4470.91  3.69262e-16  1.30206e-17
      4473.65  3.66344e-16  1.14446e-17
      4476.40  3.78199e-16  1.30136e-17
      4479.15  4.18042e-16  1.27795e-17
      4481.90  4.03356e-16  1.12936e-17
      4484.64  4.14188e-16  1.14252e-17
      4487.39  4.45373e-16  1.13319e-17
      4490.14  4.38932e-16  1.10234e-17
      4492.88  4.01864e-16  1.14371e-17
      4495.63  4.17804e-16  1.16386e-17
      4498.38  4.29089e-16  1.22673e-17
      4501.13  4.39170e-16  1.32270e-17
      4503.87  4.52222e-16  1.36284e-17
      4506.62  4.73182e-16  1.37073e-17
      4509.37  4.53692e-16  1.18723e-17
      4512.11  5.13546e-16  1.23210e-17
      4514.86  5.09158e-16  1.17526e-17
      4517.61  4.97574e-16  1.36531e-17
      4520.36  5.21339e-16  1.32064e-17
      4523.10  4.97209e-16  1.28014e-17
      4525.85  4.85586e-16  1.36662e-17
      4528.60  5.68210e-16  1.25758e-17
      4531.34  5.66044e-16  1.27177e-17
      4534.09  5.64155e-16  1.23252e-17
      4536.84  5.91076e-16  1.32155e-17
      4539.58  6.04769e-16  1.99797e-17
      4542.33  5.89936e-16  1.42641e-17
      4545.08  6.44770e-16  1.35440e-17
      4547.83  6.01644e-16  1.41074e-17
      4550.57  5.85358e-16  1.33617e-17
      4553.32  6.42760e-16  1.38419e-17
      4556.07  6.89850e-16  1.72680e-17
      4558.81  6.73310e-16  1.32931e-17
      4561.56  6.60549e-16  1.33169e-17
      4564.31  6.82126e-16  1.36483e-17
      4567.05  6.91199e-16  1.39947e-17
      4569.80  7.05396e-16  1.42754e-17
      4572.55  7.51463e-16  1.42624e-17
      4575.29  7.03767e-16  1.42294e-17
      4578.04  7.20118e-16  1.98884e-17
      4580.79  7.52867e-16  1.45267e-17
      4583.53  7.80259e-16  1.44197e-17
      4586.28  7.65211e-16  1.43374e-17
      4589.03  7.63734e-16  1.49840e-17
      4591.77  8.07100e-16  1.40029e-17
      4594.52  7.78757e-16  1.44311e-17
      4597.27  7.31982e-16  1.47493e-17
      4600.01  8.18474e-16  1.48432e-17
      4602.76  8.08836e-16  1.41778e-17
      4605.51  7.66465e-16  1.67742e-17
      4608.25  7.74456e-16  1.64549e-17
      4611.00  7.65791e-16  1.49907e-17
      4613.75  8.47567e-16  1.43447e-17
      4616.49  7.91824e-16  1.68321e-17
      4619.24  8.34075e-16  1.59285e-17
      4621.99  8.24060e-16  1.63189e-17
      4624.73  8.56843e-16  1.44468e-17
      4627.48  8.31477e-16  1.52395e-17
      4630.22  8.59309e-16  1.58029e-17
      4632.97  8.60922e-16  1.43021e-17
      4635.72  8.31994e-16  1.46849e-17
      4638.46  7.97410e-16  1.50104e-17
      4641.21  7.36543e-16  1.59026e-17
      4643.96  7.94396e-16  1.51809e-17
      4646.70  7.89160e-16  1.37834e-17
      4649.45  7.95037e-16  1.52152e-17
      4652.19  7.65827e-16  1.45871e-17
      4654.94  7.70753e-16  1.39378e-17
      4657.69  7.66860e-16  1.47632e-17
      4660.43  7.58492e-16  1.41108e-17
      4663.18  7.66981e-16  1.44831e-17
      4665.93  7.94815e-16  4.15811e-17
      4668.67  7.47269e-16  1.42972e-17
      4671.42  7.23101e-16  1.40585e-17
      4674.16  7.37627e-16  1.33153e-17
      4676.91  7.35509e-16  1.33555e-17
      4679.66  7.12030e-16  1.45748e-17
      4682.40  7.11887e-16  1.44587e-17
      4685.15  6.94377e-16  1.31399e-17
      4687.89  6.98405e-16  1.52760e-17
      4690.64  6.33632e-16  1.58392e-17
      4693.39  6.26360e-16  1.48945e-17
      4696.13  6.49913e-16  1.32745e-17
      4698.88  6.26390e-16  1.27626e-17
      4701.62  6.37559e-16  1.30009e-17
      4704.37  6.19991e-16  1.36964e-17
      4707.12  6.33983e-16  1.27472e-17
      4709.86  5.84577e-16  1.39824e-17
      4712.61  6.31387e-16  1.30577e-17
      4715.35  5.80006e-16  1.25058e-17
      4718.10  5.71190e-16  1.33569e-17
      4720.84  5.62373e-16  1.71251e-17
      4723.59  5.53558e-16  1.24248e-17
      4726.34  5.44743e-16  1.19287e-17
      4729.08  5.52057e-16  1.29755e-17
      4731.83  5.42618e-16  1.29865e-17
      4734.57  5.41887e-16  1.43674e-17
      4737.32  5.03787e-16  1.22309e-17
      4740.06  5.15585e-16  1.25719e-17
      4742.81  5.08878e-16  1.19012e-17
      4745.56  5.04001e-16  1.17203e-17
      4748.30  5.05174e-16  1.16801e-17
      4751.05  5.00074e-16  1.18034e-17
      4753.79  4.99204e-16  1.24923e-17
      4756.54  4.92696e-16  1.19497e-17
      4759.28  4.54879e-16  1.19955e-17
      4762.03  4.43671e-16  1.19934e-17
      4764.77  4.64758e-16  1.23982e-17
      4767.52  4.53133e-16  1.31187e-17
      4770.26  4.80857e-16  1.18471e-17
      4773.01  4.58848e-16  1.20162e-17
      4775.76  4.10403e-16  1.43339e-17
      4778.50  4.57501e-16  2.16101e-17
      4781.25  4.43117e-16  1.19753e-17
      4783.99  4.23264e-16  1.30074e-17
      4786.74  4.44167e-16  1.17517e-17
      4789.48  4.30065e-16  1.23262e-17
      4792.23  4.49065e-16  1.31295e-17
      4794.97  4.50277e-16  1.32411e-17
      4797.72  4.01493e-16  1.08377e-17
      4800.46  4.29259e-16  1.13277e-17
      4803.21  3.84041e-16  1.12682e-17
      4805.95  3.92252e-16  1.05246e-17
      4808.70  4.00686e-16  1.66464e-17
      4811.44  4.03006e-16  1.10026e-17
      4814.19  4.22257e-16  1.13273e-17
      4816.93  4.22175e-16  1.34852e-17
      4819.68  4.30470e-16  1.16094e-17
      4822.42  4.19435e-16  1.30520e-17
      4825.17  4.57901e-16  1.35253e-17
      4827.91  4.11679e-16  1.06990e-17
      4830.66  4.26094e-16  1.10436e-17
      4833.40  4.17806e-16  1.08151e-17
      4836.15  3.82844e-16  1.11347e-17
      4838.89  3.90155e-16  1.05156e-17
      4841.64  4.44023e-16  1.40304e-17
      4844.38  3.90552e-16  1.39405e-17
      4847.13  3.98321e-16  1.38091e-17
      4849.87  4.07818e-16  1.16567e-17
      4852.62  3.96589e-16  1.09856e-17
      4855.36  4.08880e-16  1.10591e-17
      4858.10  3.98391e-16  1.17511e-17
      4860.85  4.09500e-16  1.72094e-17
      4863.59  4.32373e-16  1.39005e-17
      4866.34  4.37975e-16  1.30895e-17
      4869.08  4.14921e-16  1.06904e-17
      4871.83  4.40364e-16  1.16536e-17
      4874.57  4.26595e-16  1.23282e-17
      4877.32  4.20303e-16  1.24455e-17
      4880.06  4.02889e-16  1.33081e-17
      4882.81  4.22790e-16  1.21079e-17
      4885.55  4.15416e-16  1.06069e-17
      4888.29  3.99276e-16  1.07864e-17
      4891.04  4.27262e-16  1.11936e-17
      4893.78  4.22565e-16  1.11444e-17
      4896.53  3.96869e-16  1.11487e-17
      4899.27  4.14070e-16  1.08337e-17
      4902.02  4.08293e-16  1.75137e-17
      4904.76  4.20851e-16  1.13859e-17
      4907.51  4.01381e-16  1.13146e-17
      4910.25  4.14885e-16  1.07484e-17
      4912.99  4.25658e-16  1.07487e-17
      4915.74  4.09112e-16  1.14469e-17
      4918.48  4.18751e-16  1.18287e-17
      4921.23  4.27291e-16  1.09069e-17
      4923.97  4.19473e-16  1.10119e-17
      4926.71  4.12407e-16  1.09709e-17
      4929.46  4.16532e-16  1.09852e-17
      4932.20  4.25831e-16  1.05602e-17
      4934.95  4.39904e-16  1.09898e-17
      4937.69  4.32249e-16  1.14677e-17
      4940.43  4.43403e-16  2.59844e-17
      4943.18  4.38920e-16  1.07393e-17
      4945.92  4.38180e-16  1.09081e-17
      4948.67  4.56084e-16  1.08900e-17
      4951.41  4.52579e-16  1.11575e-17
      4954.15  5.02815e-16  1.41688e-17
      4956.90  4.39825e-16  1.15507e-17
      4959.64  4.73170e-16  1.11262e-17
      4962.38  4.66435e-16  1.09590e-17
      4965.13  4.63717e-16  1.21714e-17
      4967.87  4.18720e-16  1.46584e-17
      4970.62  4.59183e-16  1.15395e-17
      4973.36  4.64411e-16  1.13770e-17
      4976.10  4.86953e-16  1.10800e-17
      4978.85  4.80092e-16  1.11050e-17
      4981.59  4.92326e-16  1.24068e-17
      4984.33  4.88757e-16  1.15240e-17
      4987.08  4.67447e-16  1.16096e-17
      4989.82  4.81888e-16  1.22943e-17
      4992.56  4.68890e-16  1.11916e-17
      4995.31  4.69915e-16  1.23975e-17
      4998.05  4.65753e-16  1.10193e-17
      5000.79  4.26951e-16  1.17065e-17
      5003.54  4.33004e-16  1.18162e-17
      5006.28  4.48577e-16  1.07507e-17
      5009.02  4.41227e-16  1.04886e-17
      5011.77  4.15815e-16  1.06435e-17
      5014.51  4.06212e-16  1.10246e-17
      5017.25  4.27125e-16  1.03964e-17
      5020.00  4.15220e-16  1.08848e-17
      5022.74  4.03520e-16  1.14686e-17
      5025.48  3.95845e-16  1.04962e-17
      5028.23  4.10644e-16  1.08612e-17
      5030.97  4.28367e-16  1.04909e-17
      5033.71  4.16492e-16  1.04360e-17
      5036.46  4.22908e-16  1.06642e-17
      5039.20  4.23427e-16  1.06160e-17
      5041.94  3.81668e-16  1.06417e-17
      5044.68  3.77615e-16  1.03933e-17
      5047.43  4.27045e-16  1.19634e-17
      5050.17  4.01146e-16  1.05580e-17
      5052.91  4.10079e-16  1.08118e-17
      5055.66  4.25634e-16  1.19573e-17
      5058.40  4.40476e-16  1.07076e-17
      5061.14  4.35080e-16  1.07265e-17
      5063.88  4.18023e-16  1.03960e-17
      5066.63  4.58565e-16  1.84418e-17
      5069.37  4.61531e-16  1.18290e-17
      5072.11  4.47276e-16  1.04945e-17
      5074.85  4.50321e-16  1.08166e-17
      5077.60  4.66715e-16  1.10630e-17
      5080.34  4.47771e-16  1.13141e-17
      5083.08  4.79598e-16  1.26647e-17
      5085.83  4.63400e-16  1.11840e-17
      5088.57  5.14861e-16  2.11391e-17
      5091.31  4.83729e-16  1.11516e-17
      5094.05  4.94657e-16  1.08359e-17
      5096.80  4.64816e-16  1.09921e-17
      5099.54  4.97958e-16  1.12028e-17
      5102.28  5.00135e-16  1.20699e-17
      5105.02  4.75447e-16  1.98521e-17
      5107.76  5.01824e-16  1.09600e-17
      5110.51  5.11960e-16  1.07741e-17
      5113.25  4.89742e-16  1.16497e-17
      5115.99  4.88259e-16  1.14364e-17
      5118.73  5.01044e-16  1.38809e-17
      5121.48  4.84431e-16  1.26169e-17
      5124.22  4.98832e-16  1.08784e-17
      5126.96  5.07319e-16  1.12202e-17
      5129.70  5.15808e-16  1.14467e-17
      5132.44  5.24297e-16  1.23667e-17
      5135.19  5.32784e-16  1.33430e-17
      5137.93  5.41273e-16  1.10494e-17
      5140.67  5.49760e-16  1.15451e-17
      5143.41  5.53905e-16  1.22474e-17
      5146.15  5.46276e-16  1.18673e-17
      5148.90  5.58493e-16  1.29107e-17
      5151.64  5.78365e-16  1.23840e-17
      5154.38  5.94854e-16  1.73389e-17
      5157.12  5.76074e-16  1.33009e-17
      5159.86  5.99358e-16  1.26758e-17
      5162.60  5.90012e-16  1.15977e-17
      5165.35  6.30170e-16  1.31966e-17
      5168.09  6.27351e-16  1.20429e-17
      5170.83  5.97154e-16  1.19301e-17
      5173.57  6.07843e-16  1.25169e-17
      5176.31  6.43465e-16  1.38544e-17
      5179.05  6.21385e-16  1.18032e-17
      5181.79  6.26488e-16  2.73142e-17
      5184.54  6.31593e-16  1.20317e-17
      5187.28  6.36696e-16  1.27607e-17
      5190.02  6.73593e-16  1.21708e-17
      5192.76  6.64992e-16  1.23071e-17
      5195.50  6.71827e-16  1.60061e-17
      5198.24  6.78662e-16  1.57616e-17
      5200.98  6.85498e-16  1.34539e-17
      5203.73  7.13015e-16  1.25264e-17
      5206.47  7.22905e-16  1.47121e-17
      5209.21  7.27447e-16  1.30629e-17
      5211.95  7.37670e-16  1.27930e-17
      5214.69  7.54319e-16  1.35448e-17
      5217.43  7.67225e-16  1.28352e-17
      5220.17  7.35661e-16  1.26782e-17
      5222.91  7.36257e-16  1.31751e-17
      5225.65  7.85018e-16  1.46589e-17
      5228.40  7.71276e-16  1.30023e-17
      5231.14  7.75658e-16  1.30869e-17
      5233.88  8.08252e-16  1.33720e-17
      5236.62  7.83032e-16  1.46740e-17
      5239.36  7.83851e-16  1.36617e-17
      5242.10  7.81570e-16  1.37793e-17
      5244.84  7.89376e-16  1.47225e-17
      5247.58  8.24634e-16  1.32588e-17
      5250.32  8.05017e-16  1.30429e-17
      5253.06  8.12691e-16  1.35176e-17
      5255.80  8.23141e-16  1.36706e-17
      5258.54  8.38780e-16  1.60702e-17
      5261.28  8.72399e-16  1.36422e-17
      5264.02  8.46798e-16  1.38408e-17
      5266.77  8.55405e-16  1.49895e-17
      5269.51  8.66370e-16  1.54980e-17
      5272.25  8.77338e-16  1.85517e-17
      5274.99  8.88303e-16  1.43935e-17
      5277.73  8.99268e-16  1.49221e-17
      5280.47  8.72723e-16  1.41496e-17
      5283.21  8.62358e-16  1.38857e-17
      5285.95  8.44209e-16  1.36121e-17
      5288.69  8.45392e-16  1.38616e-17
      5291.43  8.47715e-16  1.55602e-17
      5294.17  8.60698e-16  1.38495e-17
      5296.91  8.64094e-16  1.38201e-17
      5299.65  8.53696e-16  1.39316e-17
      5302.39  8.44864e-16  1.91739e-17
      5305.13  8.46016e-16  1.63353e-17
      5307.87  8.16543e-16  1.63646e-17
      5310.61  8.24226e-16  1.58365e-17
      5313.35  8.13487e-16  1.48393e-17
      5316.09  7.92986e-16  1.53790e-17
      5318.83  7.88289e-16  1.46277e-17
      5321.57  7.87736e-16  1.34965e-17
      5324.31  7.59791e-16  1.47018e-17
      5327.05  8.07386e-16  1.37444e-17
      5329.79  7.84236e-16  1.31242e-17
      5332.53  7.61085e-16  1.39532e-17
      5335.27  7.37935e-16  1.84592e-17
      5338.01  7.14785e-16  1.53871e-17
      5340.75  6.84775e-16  1.44213e-17
      5343.49  6.90621e-16  1.29090e-17
      5346.22  7.05070e-16  1.27082e-17
      5348.96  6.86309e-16  1.71009e-17
      5351.70  6.84804e-16  1.30909e-17
      5354.44  6.41465e-16  1.59724e-17
      5357.18  6.36549e-16  1.62771e-17
      5359.92  6.68086e-16  1.25578e-17
      5362.66  6.70900e-16  1.28898e-17
      5365.40  6.57117e-16  1.26446e-17
      5368.14  6.64158e-16  1.31097e-17
      5370.88  6.53992e-16  1.60200e-17
      5373.62  6.65230e-16  1.38565e-17
      5376.36  6.85117e-16  1.29837e-17
      5379.10  6.78468e-16  1.26977e-17
      5381.84  7.40418e-16  1.33862e-17
      5384.57  7.27139e-16  1.23485e-17
      5387.31  7.13859e-16  6.38782e-17
      5390.05  7.00576e-16  1.35359e-17
      5392.79  6.87296e-16  1.37257e-17
      5395.53  6.74016e-16  1.52057e-17
      5398.27  6.60736e-16  1.47031e-17
      5401.01  6.90478e-16  1.54707e-17
      5403.75  7.36085e-16  1.58700e-17
      5406.48  7.33812e-16  1.55266e-17
      5409.22  6.97083e-16  1.29431e-17
      5411.96  6.71640e-16  1.33603e-17
      5414.70  6.75084e-16  1.42726e-17
      5417.44  6.82365e-16  1.39209e-17
      5420.18  6.93714e-16  2.65228e-17
      5422.92  6.76942e-16  1.30879e-17
      5425.66  7.12833e-16  1.35668e-17
      5428.39  6.90155e-16  1.28961e-17
      5431.13  6.36964e-16  1.61831e-17
      5433.87  6.82805e-16  1.43272e-17
      5436.61  6.30568e-16  1.40323e-17
      5439.35  6.91551e-16  1.32729e-17
      5442.09  6.46441e-16  1.30685e-17
      5444.82  6.83067e-16  1.48778e-17
      5447.56  6.43482e-16  1.62684e-17
      5450.30  6.65147e-16  1.25447e-17
      5453.04  6.61083e-16  1.26447e-17
      5455.78  6.93374e-16  1.29279e-17
      5458.51  6.29207e-16  1.65169e-17
      5461.25  6.84162e-16  1.65515e-17
      5463.99  6.61283e-16  1.35533e-17
      5466.73  6.79855e-16  1.46404e-17
      5469.47  6.86049e-16  1.29379e-17
      5472.20  6.52907e-16  1.26886e-17
      5474.94  6.74346e-16  1.30338e-17
      5477.68  6.09561e-16  1.60952e-17
      5480.42  6.30960e-16  7.15698e-17
      5483.15  6.52358e-16  1.40181e-17
      5485.89  6.73757e-16  1.43129e-17
      5488.63  6.93006e-16  1.45381e-17
      5491.37  6.61557e-16  1.50810e-17
      5494.10  6.65837e-16  1.35088e-17
      5496.84  6.87953e-16  1.40698e-17
      5499.58  6.58294e-16  1.38879e-17
      5502.32  6.02014e-16  1.37198e-17
      5505.05  6.48943e-16  1.37559e-17
      5507.79  5.99083e-16  1.33420e-17
      5510.53  6.14315e-16  1.26152e-17
      5513.27  6.36979e-16  1.35715e-17
      5516.00  6.13666e-16  1.22288e-17
      5518.74  5.99097e-16  1.22947e-17
      5521.48  6.18093e-16  1.80187e-17
      5524.22  6.07544e-16  1.25924e-17
      5526.95  6.08910e-16  1.25415e-17
      5529.69  6.01401e-16  1.22420e-17
      5532.43  6.04259e-16  1.23028e-17
      5535.16  5.72455e-16  1.26664e-17
      5537.90  6.01436e-16  1.35515e-17
      5540.64  6.16555e-16  1.32649e-17
      5543.37  5.79312e-16  1.25191e-17
      5546.11  5.87943e-16  1.26209e-17
      5548.85  6.27944e-16  1.37611e-17
      5551.58  6.86470e-16  3.20160e-17
      5554.32  5.84703e-16  1.29056e-17
      5557.06  6.06642e-16  1.33617e-17
      5559.79  6.27300e-16  1.26273e-17
      5562.53  6.12795e-16  1.26521e-17
      5565.27  6.28908e-16  1.27225e-17
      5568.00  6.21482e-16  1.39345e-17
      5570.74  5.94308e-16  1.33844e-17
      5573.48  6.22238e-16  1.37886e-17
      5576.21  6.40390e-16  1.23547e-17
      5578.95  6.66408e-16  1.31037e-17
      5581.69  6.51461e-16  1.26218e-17
      5584.42  6.72756e-16  1.29369e-17
      5587.16  6.70107e-16  1.35047e-17
      5589.89  6.68685e-16  1.27467e-17
      5592.63  6.71946e-16  1.33212e-17
      5595.37  6.72346e-16  2.32163e-17
      5598.10  7.08698e-16  1.41588e-17
      5600.84  7.17222e-16  1.32136e-17
      5603.57  7.08274e-16  1.63041e-17
      5606.31  6.61632e-16  1.79742e-17
      5609.05  7.42264e-16  1.32672e-17
      5611.78  7.37918e-16  1.56050e-17
      5614.52  7.68094e-16  1.58813e-17
      5617.25  7.71488e-16  1.35663e-17
      5619.99  7.64426e-16  1.35622e-17
      5622.73  7.41085e-16  1.45879e-17
      5625.46  7.45370e-16  1.41108e-17
      5628.20  7.28553e-16  1.84386e-17
      5630.93  7.78327e-16  1.42656e-17
      5633.67  7.99193e-16  2.39646e-17
      5636.40  7.35286e-16  1.44956e-17
      5639.14  7.66669e-16  1.38923e-17
      5641.87  7.82725e-16  1.40206e-17
      5644.61  7.87395e-16  1.49554e-17
      5647.34  7.93231e-16  1.38076e-17
      5650.08  7.52168e-16  1.56535e-17
      5652.82  8.00423e-16  1.40052e-17
      5655.55  8.29023e-16  1.47152e-17
      5658.29  7.88549e-16  1.56282e-17
      5661.02  7.91905e-16  1.85173e-17
      5663.76  8.23269e-16  1.41274e-17
      5666.49  8.26557e-16  1.44002e-17
      5669.23  7.79361e-16  1.57652e-17
      5671.96  8.03368e-16  1.48706e-17
      5674.70  7.93842e-16  1.51333e-17
      5677.43  7.82365e-16  1.50541e-17
      5680.17  7.70972e-16  1.45517e-17
      5682.90  7.83246e-16  1.51216e-17
      5685.63  8.38556e-16  1.81752e-17
      5688.37  7.68954e-16  1.68497e-17
      5691.10  8.25073e-16  1.45054e-17
      5693.84  8.15311e-16  1.40014e-17
      5696.57  1.22105e-15  6.16722e-17
