2889.23965773882  1.593981E-14
2891.98430866022  1.214753E-14
2894.7289821493  1.667695E-14
2897.47367814196  1.564678E-14
2900.21839657407  2.165634E-14
2902.96313738153  2.129508E-14
2905.70790050021  1.961743E-14
2908.45268586601  2.141395E-14
2911.19749341481  1.923785E-14
2913.9423230825  2.226132E-14
2916.68717480496  2.343226E-14
2919.43204851808  2.385740E-14
2922.17694415775  2.607520E-14
2924.92186165985  2.431251E-14
2927.66680096027  2.505200E-14
2930.4117619949  2.595974E-14
2933.15674469962  2.541339E-14
2935.90174901031  2.752102E-14
2938.64677486287  2.661346E-14
2941.39182219318  2.941315E-14
2944.13689093713  2.811413E-14
2946.8819810306  3.077481E-14
2949.62709240947  3.029100E-14
2952.37222500965  3.063517E-14
2955.117378767  3.154573E-14
2957.86255361743  3.207683E-14
2960.6077494968  3.289976E-14
2963.35296634102  3.150990E-14
2966.09820408597  3.269888E-14
2968.84346266753  3.346190E-14
2971.58874202158  3.323593E-14
2974.33404208403  3.275896E-14
2977.07936279074  3.345309E-14
2979.82470407762  3.330777E-14
2982.57006588053  3.162984E-14
2985.31544813538  3.164257E-14
2988.06085077805  2.912184E-14
2990.80627374442  2.818499E-14
2993.55171697038  2.795159E-14
2996.29718039181  2.731558E-14
2999.04266394461  2.691637E-14
3001.78816756465  2.609194E-14
3004.53369118783  2.479831E-14
3007.27923475003  2.526754E-14
3010.02479818714  2.444164E-14
3012.77038143504  2.437265E-14
3015.51598442962  2.416930E-14
3018.26160710676  2.336678E-14
3021.00724940236  2.402386E-14
3023.7529112523  2.383750E-14
3026.49859259246  2.407772E-14
3029.24429335873  2.464901E-14
3031.990013487  2.457076E-14
3034.73575291316  2.553155E-14
3037.48151157308  2.635870E-14
3040.22728940266  2.600656E-14
3042.97308633778  2.591245E-14
3045.71890231434  2.690506E-14
3048.4647372682  2.601350E-14
3051.21059113527  2.703672E-14
3053.95646385142  2.689548E-14
3056.70235535255  2.714798E-14
3059.44826557454  2.613479E-14
3062.19419445327  2.609489E-14
3064.94014192464  2.683524E-14
3067.68610792453  2.650888E-14
3070.43209238882  2.580333E-14
3073.1780952534  2.576387E-14
3075.92411645416  2.527106E-14
3078.67015592698  2.539872E-14
3081.41621360776  2.560059E-14
3084.16228943237  2.537501E-14
3086.9083833367  2.643845E-14
3089.65449525665  2.637539E-14
3092.40062512808  2.604489E-14
3095.1467728869  2.647886E-14
3097.89293846899  2.676703E-14
3100.63912181023  2.697190E-14
3103.38532284651  2.776929E-14
3106.13154151372  2.851949E-14
3108.87777774774  2.958098E-14
3111.62403148446  2.927367E-14
3114.37030265977  2.947628E-14
3117.11659120955  3.065412E-14
3119.86289706968  3.088896E-14
3122.60922017606  3.158301E-14
3125.35556046457  3.228054E-14
3128.1019178711  3.323505E-14
3130.84829233153  3.450711E-14
3133.59468378175  3.507541E-14
3136.34109215764  3.557107E-14
3139.0875173951  3.536604E-14
3141.83395943  3.592149E-14
3144.58041819824  3.714533E-14
3147.3268936357  3.726246E-14
3150.07338567827  3.738011E-14
3152.81989426183  3.895854E-14
3155.56641932227  3.883344E-14
3158.31296079548  3.866341E-14
3161.05951861733  3.940391E-14
3163.80609272373  3.873759E-14
3166.55268305055  4.010189E-14
3169.29928953368  3.919798E-14
3172.04591210901  3.943749E-14
3174.79255071242  4.019080E-14
3177.53920527981  3.946509E-14
3180.28587574704  4.080942E-14
3183.03256205002  3.973813E-14
3185.77926412463  3.987968E-14
3188.52598190675  3.898547E-14
3191.27271533228  3.955817E-14
3194.01946433709  3.887784E-14
3196.76622885707  4.079446E-14
3199.51300882812  3.838483E-14
3202.25980418611  3.805891E-14
3205.00661486693  3.807860E-14
3207.75344080648  3.932553E-14
3210.50028194062  3.685379E-14
3213.24713820526  3.655999E-14
3215.99400953628  3.502164E-14
3218.74089586956  3.422906E-14
3221.48779714098  3.356724E-14
3224.23471328645  3.209345E-14
3226.98164424184  3.266927E-14
3229.72858994303  3.082680E-14
3232.47555032593  3.067313E-14
3235.2225253264  3.025550E-14
3237.96951488034  2.964739E-14
3240.71651892364  2.800248E-14
3243.46353739217  2.831450E-14
3246.21057022183  2.711727E-14
3248.95761734851  2.722086E-14
3251.70467870808  2.661406E-14
3254.45175423644  2.623873E-14
3257.19884386947  2.630521E-14
3259.94594754306  2.541286E-14
3262.69306519309  2.434843E-14
3265.44019675545  2.472663E-14
3268.18734216603  2.436947E-14
3270.93450136071  2.478934E-14
3273.68167427538  2.473868E-14
3276.42886084593  2.461043E-14
3279.17606100824  2.460909E-14
3281.92327469819  2.421829E-14
3284.67050185168  2.351058E-14
3287.41774240459  2.380595E-14
3290.16499629281  2.426450E-14
3292.91226345222  2.447145E-14
3295.65954381871  2.404760E-14
3298.40683732817  2.432955E-14
3301.15414391647  2.470936E-14
3303.90146351952  2.493413E-14
3306.64879607319  2.525845E-14
3309.39614151337  2.553900E-14
3312.14349977595  2.542162E-14
3314.89087079681  2.563388E-14
3317.63825451184  2.621761E-14
3320.38565085692  2.691341E-14
3323.13305976795  2.714635E-14
3325.88048118081  2.784340E-14
3328.62791503138  2.954366E-14
3331.37536125555  3.056782E-14
3334.12281978921  3.160521E-14
3336.87029056824  3.230804E-14
3339.61777352853  3.322961E-14
3342.36526860597  3.411520E-14
3345.11277573644  3.456833E-14
3347.86029485583  3.517247E-14
3350.60782590002  3.788156E-14
3353.3553688049  3.516213E-14
3356.10292350636  3.416243E-14
3358.85048994029  3.420020E-14
3361.59806804256  3.325881E-14
3364.34565774907  3.355838E-14
3367.09325899571  3.305853E-14
3369.84087171835  3.237096E-14
3372.58849585289  3.219118E-14
3375.3361313352  3.153596E-14
3378.08377810119  3.105081E-14
3380.83143608673  3.107977E-14
3383.57910522771  3.201568E-14
3386.32678546001  3.207250E-14
3389.07447671953  3.282154E-14
3391.82217894214  3.330165E-14
3394.56989206375  3.279097E-14
3397.31761602022  3.283846E-14
3400.06535074745  3.339081E-14
3402.81309618132  3.473380E-14
3405.56085225773  3.496687E-14
3408.30861891255  3.450871E-14
3411.05639608167  3.459594E-14
3413.80418370099  3.456589E-14
3416.55198170637  3.449688E-14
3419.29979003372  3.467680E-14
3422.04760861892  3.454752E-14
3424.79543739785  3.450497E-14
3427.5432763064  3.508969E-14
3430.29112528046  3.501187E-14
3433.03898425591  3.526049E-14
3435.78685316864  3.566355E-14
3438.53473195454  3.558576E-14
3441.28262054948  3.614825E-14
3444.03051888937  3.705427E-14
3446.77842691008  3.763809E-14
3449.5263445475  3.830313E-14
3452.27427173751  3.897718E-14
3455.02220841601  3.878853E-14
3457.77015451888  3.891019E-14
3460.51810998201  3.985779E-14
3463.26607474127  4.023069E-14
3466.01404873257  4.057106E-14
3468.76203189178  4.028541E-14
3471.51002415479  3.906991E-14
3474.25802545748  3.926486E-14
3477.00603573575  3.967242E-14
3479.75405492548  3.950738E-14
3482.50208296255  3.868129E-14
3485.25011978286  3.940156E-14
3487.99816532229  3.961814E-14
3490.74621951672  3.962485E-14
3493.49428230203  4.011695E-14
3496.24235361413  4.063665E-14
3498.99043338889  4.131078E-14
3501.7385215622  4.221311E-14
3504.48661806995  4.226848E-14
3507.23472284802  4.305570E-14
3509.98283583229  4.427575E-14
3512.73095695867  4.422385E-14
3515.47908616302  4.433467E-14
3518.22722338124  4.499039E-14
3520.97536854921  4.547391E-14
3523.72352160282  4.616686E-14
3526.47168247796  4.550063E-14
3529.21985111051  4.560056E-14
3531.96802743636  4.614875E-14
3534.7162113914  4.572996E-14
3537.46440291151  4.672952E-14
3540.21260193257  4.720033E-14
3542.96080839048  4.681317E-14
3545.70902222111  4.730738E-14
3548.45724336037  4.787107E-14
3551.20547174412  4.853907E-14
3553.95370730827  4.882381E-14
3556.70194998869  4.969931E-14
3559.45019972127  4.983643E-14
3562.1984564419  4.951499E-14
3564.94672008646  5.022498E-14
3567.69499059084  5.056596E-14
3570.44326789093  5.098285E-14
3573.19155192261  5.071735E-14
3575.93984262177  5.155344E-14
3578.6881399243  5.164782E-14
3581.43644376608  5.193872E-14
3584.18475408299  5.232665E-14
3586.93307081093  5.289030E-14
3589.68139388578  5.313436E-14
3592.42972324342  5.274497E-14
3595.17805881975  5.298900E-14
3597.92640055065  5.195900E-14
3600.674748372  5.136470E-14
3603.4231022197  5.211601E-14
3606.17146202962  5.130854E-14
3608.91982773766  5.168210E-14
3611.6681992797  5.003204E-14
3614.41657659162  4.989936E-14
3617.16495960932  4.973567E-14
3619.91334826867  4.987744E-14
3622.66174250558  4.949233E-14
3625.41014225591  4.958377E-14
3628.15854745556  4.991596E-14
3630.90695804042  5.028553E-14
3633.65537394636  5.032047E-14
3636.40379510929  5.068537E-14
3639.15222146507  5.128902E-14
3641.90065294961  5.107078E-14
3644.64908949878  5.125124E-14
3647.39753104848  5.080582E-14
3650.14597753458  4.944671E-14
3652.89442889297  4.940166E-14
3655.64288505955  4.945392E-14
3658.3913459702  4.930299E-14
3661.13981156079  4.833976E-14
3663.88828176723  4.862264E-14
3666.6367565254  4.811950E-14
3669.38523577117  4.807203E-14
3672.13371944045  4.799228E-14
3674.8822074691  4.810476E-14
3677.63069979303  4.656232E-14
3680.37919634812  4.649622E-14
3683.12769707025  4.630853E-14
3685.87620189531  4.627696E-14
3688.62471075919  4.520703E-14
3691.37322359776  4.443594E-14
3694.12174034693  4.361207E-14
3696.87026094257  4.266813E-14
3699.61878532058  4.117440E-14
3702.36731341683  3.996235E-14
3705.11584516721  3.875030E-14
3707.86438050762  3.744672E-14
3710.61291937392  3.647624E-14
3713.36146170203  3.500391E-14
3716.11000742781  3.319662E-14
3718.85855648716  3.296908E-14
3721.60710881595  3.210953E-14
3724.35566435009  3.132661E-14
3727.10422302545  3.106943E-14
3729.85278477792  3.001119E-14
3732.60134954338  2.903921E-14
3735.34991725773  2.964116E-14
3738.09848785685  2.876945E-14
3740.84706127662  2.847169E-14
3743.59563745293  2.853373E-14
3746.34421632168  2.872971E-14
3749.09279781873  2.845874E-14
3751.84138187999  2.858235E-14
3754.58996844133  2.915517E-14
3757.33855743864  2.918657E-14
3760.08714880782  2.968238E-14
3762.83574248474  2.895702E-14
3765.58433840529  2.889944E-14
3768.33293650536  2.866771E-14
3771.08153672083  2.799003E-14
3773.83013898759  2.812653E-14
3776.57874324154  2.751427E-14
3779.32734941854  2.721010E-14
3782.07595745449  2.681520E-14
3784.82456728528  2.575549E-14
3787.57317884679  2.546593E-14
3790.32179207491  2.456092E-14
3793.07040690552  2.471887E-14
3795.81902327451  2.445113E-14
3798.56764111777  2.410822E-14
3801.31626037118  2.452584E-14
3804.06488097064  2.387242E-14
3806.81350285201  2.443707E-14
3809.56212595121  2.496207E-14
3812.31075020409  2.403968E-14
3815.05937554657  2.463881E-14
3817.80800191451  2.474358E-14
3820.55662924381  2.443365E-14
3823.30525747035  2.447708E-14
3826.05388653003  2.514715E-14
3828.80251635872  2.588729E-14
3831.55114689231  2.579362E-14
3834.29977806669  2.690869E-14
3837.04840981774  2.741230E-14
3839.79704208136  2.821972E-14
3842.54567479342  2.931792E-14
3845.29430788982  2.988141E-14
3848.04294130643  3.148530E-14
3850.79157497915  3.234962E-14
3853.54020884387  3.352177E-14
3856.28884283646  3.484715E-14
3859.03747689282  3.651457E-14
3861.78611094883  3.768939E-14
3864.53474494037  3.941273E-14
3867.28337880334  4.120612E-14
3870.03201247362  4.236074E-14
3872.7806458871  4.433706E-14
3875.52927897965  4.557531E-14
3878.27791168718  4.676505E-14
3881.02654394556  4.795034E-14
3883.77517569069  4.895196E-14
3886.52380685844  4.999606E-14
3889.2724373847  5.062951E-14
3892.02106720537  5.201522E-14
3894.76969625632  5.234570E-14
3897.51832447344  5.372011E-14
3900.26695179262  5.440877E-14
3903.01557814975  5.460218E-14
3905.76420348071  5.479368E-14
3908.51282772139  5.508973E-14
3911.26145080767  5.641896E-14
3914.01007267544  5.804331E-14
3916.75869326058  5.769770E-14
3919.50731249899  5.788433E-14
3922.25593032655  5.850753E-14
3925.00454667915  5.924868E-14
3927.75316149267  5.904839E-14
3930.50177470299  6.054847E-14
3933.25038624601  5.923890E-14
3935.99899605761  5.801291E-14
3938.74760407367  5.971191E-14
3941.49621023009  6.319892E-14
3944.24481446275  6.342274E-14
3946.99341670753  5.965929E-14
3949.74201690032  6.014623E-14
3952.49061497702  6.363391E-14
3955.23921087349  6.560860E-14
3957.98780452564  6.560456E-14
3960.73639586935  6.533343E-14
3963.48498484049  6.533936E-14
3966.23357137497  6.439576E-14
3968.98215540866  6.285604E-14
3971.73073687746  6.179803E-14
3974.47931571724  6.192390E-14
3977.2278918639  6.104037E-14
3979.97646525332  5.944920E-14
3982.72503582138  5.599659E-14
3985.47360350398  5.569920E-14
3988.222168237  5.678016E-14
3990.97072995632  5.568000E-14
3993.71928859784  5.556479E-14
3996.46784409743  5.515587E-14
3999.21639639099  5.377308E-14
4001.9649454144  5.398398E-14
4004.71349110355  5.321266E-14
4007.46203339432  5.232765E-14
4010.2105722226  5.139521E-14
4012.95910752427  5.171207E-14
4015.70763923523  5.059777E-14
4018.45616729136  5.082232E-14
4021.20469162854  5.122907E-14
4023.95321218266  5.166799E-14
4026.70172888961  5.194366E-14
4029.45024168528  5.278518E-14
4032.19875050554  5.260178E-14
4034.94725528629  5.336574E-14
4037.69575596341  5.329274E-14
4040.44425247279  5.432949E-14
4043.19274475032  5.499942E-14
4045.94123273188  5.596847E-14
4048.68971635335  5.681990E-14
4051.43819555063  5.693320E-14
4054.1866702596  5.734850E-14
4056.93514041614  5.843840E-14
4059.68360595615  5.760129E-14
4062.43206681551  5.869226E-14
4065.1805229301  5.947228E-14
4067.92897423581  5.984730E-14
4070.67742066853  5.981562E-14
4073.42586216415  6.061878E-14
4076.17429865854  6.057434E-14
4078.9227300876  6.132673E-14
4081.67115638721  6.199467E-14
4084.41957749327  6.257569E-14
4087.16799334164  6.273549E-14
4089.91640386823  6.231672E-14
4092.66480900892  6.219375E-14
4095.4132086996  6.330433E-14
4098.16160287614  6.182008E-14
4100.90999147444  6.201891E-14
4103.65837443038  6.158330E-14
4106.40675167985  6.184810E-14
4109.15512315873  6.192897E-14
4111.90348880292  6.210441E-14
4114.6518485483  6.125609E-14
4117.40020233075  6.226438E-14
4120.14855008616  6.134499E-14
4122.89689175042  6.161920E-14
4125.64522725941  6.037153E-14
4128.39355654902  5.982544E-14
4131.14187955514  5.877211E-14
4133.89019621364  5.727513E-14
4136.63850646043  5.719936E-14
4139.38681023138  5.640454E-14
4142.13510746238  5.620700E-14
4144.88339808932  5.686028E-14
4147.63168204808  5.594156E-14
4150.37995927455  5.557040E-14
4153.12822970462  5.567456E-14
4155.87649327417  5.559424E-14
4158.62474991909  5.469799E-14
4161.37299957526  5.530490E-14
4164.12124217857  5.429826E-14
4166.86947766491  5.429366E-14
4169.61770597016  5.388690E-14
4172.36592703022  5.339766E-14
4175.11414078095  5.330285E-14
4177.86234715827  5.266554E-14
4180.61054609804  5.327444E-14
4183.35873753615  5.227705E-14
4186.1069214085  5.250863E-14
4188.85509765096  5.226254E-14
4191.60326619943  5.216940E-14
4194.35142698978  5.171063E-14
4197.09957995791  5.159677E-14
4199.84772503971  5.105050E-14
4202.59586217105  5.007674E-14
4205.34399128783  4.938452E-14
4208.09211232593  4.960740E-14
4210.84022522124  4.934581E-14
4213.58832990964  4.822867E-14
4216.33642632702  4.677517E-14
4219.08451440927  4.680402E-14
4221.83259409227  4.636212E-14
4224.58066531191  4.543213E-14
4227.32872800407  4.471391E-14
4230.07678210464  4.459924E-14
4232.82482754952  4.393081E-14
4235.57286427458  4.360336E-14
4238.3208922157  4.313714E-14
4241.06891130879  4.283201E-14
4243.81692148971  4.186671E-14
4246.56492269437  4.190964E-14
4249.31291485864  4.145502E-14
4252.06089791841  4.069226E-14
4254.80887180957  4.074116E-14
4257.556836468  4.053444E-14
4260.3047918296  4.055711E-14
4263.05273783024  4.000980E-14
4265.80067440581  3.951279E-14
4268.54860149221  3.903231E-14
4271.2965190253  3.884003E-14
4274.04442694099  3.844529E-14
4276.79232517516  3.825305E-14
4279.5402136637  3.745032E-14
4282.28809234248  3.709820E-14
4285.0359611474  3.656696E-14
4287.78382001434  3.610267E-14
4290.53166887919  3.613290E-14
4293.27950767784  3.559375E-14
4296.02733634617  3.518225E-14
4298.77515482007  3.473075E-14
4301.52296303542  3.468041E-14
4304.27076092811  3.467790E-14
4307.01854843403  3.445738E-14
4309.76632548907  3.412246E-14
4312.5140920291  3.432780E-14
4315.26184799002  3.406594E-14
4318.00959330771  3.431511E-14
4320.75732791806  3.432131E-14
4323.50505175695  3.424574E-14
4326.25276476028  3.449705E-14
4329.00046686392  3.450097E-14
4331.74815800376  3.503280E-14
4334.4958381157  3.536701E-14
4337.24350713561  3.618229E-14
4339.99116499938  3.634465E-14
4342.7388116429  3.645346E-14
4345.48644700206  3.618313E-14
4348.23407101273  3.649048E-14
4350.98168361082  3.642534E-14
4353.7292847322  3.701292E-14
4356.47687431275  3.713048E-14
4359.22445228838  3.710189E-14
4361.97201859495  3.727961E-14
4364.71957316837  3.764003E-14
4367.46711594451  3.803241E-14
4370.21464685926  3.810026E-14
4372.96216584851  3.847216E-14
4375.70967284814  3.846077E-14
4378.45716779404  3.855212E-14
4381.2046506221  3.920390E-14
4383.9521212682  3.925571E-14
4386.69957966823  3.941379E-14
4389.44702575808  3.974644E-14
4392.19445947362  3.978272E-14
4394.94188075076  3.995080E-14
4397.68928952537  4.056673E-14
4400.43668573333  4.030004E-14
4403.18406931055  4.040815E-14
4405.93144019289  4.040399E-14
4408.67879831626  3.995343E-14
4411.42614361653  3.963357E-14
4414.1734760296  3.881699E-14
4416.92079549134  3.837311E-14
4419.66810193764  3.818352E-14
4422.4153953044  3.738819E-14
4425.16267552749  3.648284E-14
4427.9099425428  3.631055E-14
4430.65719628623  3.624855E-14
4433.40443669365  3.549267E-14
4436.15166370095  3.532622E-14
4438.89887724402  3.507685E-14
4441.64607725874  3.464573E-14
4444.393263681  3.407900E-14
4447.14043644669  3.403432E-14
4449.8875954917  3.465222E-14
4452.6347407519  3.439372E-14
4455.38187216319  3.421035E-14
4458.12898966145  3.504639E-14
4460.87609318257  3.585980E-14
4463.62318266243  3.647008E-14
4466.37025803692  3.713555E-14
4469.11731924194  3.784467E-14
4471.86436621335  3.845453E-14
4474.61139888705  3.924908E-14
4477.35841719893  3.980221E-14
4480.10542108487  4.080418E-14
4482.85241048076  4.130052E-14
4485.59938532248  4.173972E-14
4488.34634554593  4.178615E-14
4491.09329108698  4.292693E-14
4493.84022188153  4.313361E-14
4496.58713786545  4.330424E-14
4499.33403897464  4.367801E-14
4502.08092514498  4.356655E-14
4504.82779631236  4.361153E-14
4507.57465241267  4.411455E-14
4510.32149338179  4.407108E-14
4513.0683191556  4.410028E-14
4515.81512967  4.436784E-14
4518.56192486087  4.444843E-14
4521.30870466409  4.435221E-14
4524.05546901556  4.459662E-14
4526.80221785115  4.484455E-14
4529.54895110676  4.507318E-14
4532.29566871827  4.464458E-14
4535.04237062157  4.537196E-14
4537.78905675255  4.472363E-14
4540.53572704708  4.450073E-14
4543.28238144105  4.454819E-14
4546.02901987037  4.459996E-14
4548.7756422709  4.404288E-14
4551.52224857853  4.369283E-14
4554.26883872916  4.420507E-14
4557.01541265866  4.341535E-14
4559.76197030293  4.395791E-14
4562.50851159785  4.347539E-14
4565.2550364793  4.356989E-14
4568.00154488318  4.361868E-14
4570.74803674536  4.372462E-14
4573.49451200174  4.362484E-14
4576.24097058821  4.341401E-14
4578.98741244064  4.326050E-14
4581.73383749492  4.392464E-14
4584.48024568695  4.335323E-14
4587.2266369526  4.302207E-14
4589.97301122776  4.370470E-14
4592.71936844832  4.403951E-14
4595.46570855017  4.403927E-14
4598.21203146919  4.374276E-14
4600.95833714127  4.375526E-14
4603.70462550229  4.396134E-14
4606.45089648815  4.425118E-14
4609.19715003471  4.415700E-14
4611.94338607789  4.409733E-14
4614.68960455355  4.405247E-14
4617.43580539759  4.433619E-14
4620.18198854589  4.397214E-14
4622.92815393434  4.357692E-14
4625.67430149882  4.365819E-14
4628.42043117522  4.331811E-14
4631.16654289943  4.307561E-14
4633.91263660733  4.316830E-14
4636.65871223481  4.233618E-14
4639.40476971776  4.198973E-14
4642.15080899206  4.107944E-14
4644.8968299936  4.082400E-14
4647.64283265826  4.009244E-14
4650.38881692194  3.912781E-14
4653.13478272051  3.866070E-14
4655.88072998986  3.791803E-14
4658.62665866589  3.748415E-14
4661.37256868447  3.709297E-14
4664.11845998149  3.603049E-14
4666.86433249284  3.610231E-14
4669.6101861544  3.587022E-14
4672.35602090207  3.540281E-14
4675.10183667172  3.486585E-14
4677.84763339925  3.453069E-14
4680.59341102053  3.478412E-14
4683.33916947147  3.459605E-14
4686.08490868793  3.544600E-14
4688.83062860581  3.384695E-14
4691.576329161  3.432937E-14
4694.32201028938  3.468141E-14
4697.06767192684  3.443226E-14
4699.81331400926  3.446264E-14
4702.55893647253  3.449735E-14
4705.30453925254  3.449355E-14
4708.05012228517  3.449871E-14
4710.7956855063  3.465892E-14
4713.54122885184  3.503524E-14
4716.28675225765  3.417796E-14
4719.03225565963  3.469080E-14
4721.77773899367  3.458418E-14
4724.52320219565  3.459201E-14
4727.26864520145  3.430189E-14
4730.01406794696  3.412470E-14
4732.75947036808  3.453803E-14
4735.50485240068  3.439971E-14
4738.25021398065  3.351297E-14
4740.99555504388  3.335154E-14
4743.74087552625  3.298249E-14
4746.48617536365  3.245560E-14
4749.23145449197  3.201190E-14
4751.97671284709  3.197092E-14
4754.7219503649  3.149383E-14
4757.46716698129  3.119437E-14
4760.21236263214  3.074712E-14
4762.95753725333  3.045768E-14
4765.70269078077  3.003421E-14
4768.44782315032  3.016814E-14
4771.19293429787  3.022939E-14
4773.93802415932  3.020745E-14
4776.68309267055  3.004677E-14
4779.42813976745  3.000102E-14
4782.1731653859  3.028565E-14
4784.91816946178  3.032109E-14
4787.66315193099  3.075106E-14
4790.40811272941  3.074855E-14
4793.15305179293  3.091081E-14
4795.89796905743  3.084320E-14
4798.6428644588  3.089778E-14
4801.38773793292  3.089015E-14
4804.13258941569  3.084573E-14
4806.87741884299  3.081158E-14
4809.6222261507  3.065361E-14
4812.36701127471  3.056675E-14
4815.11177415091  3.092658E-14
4817.85651471518  3.048540E-14
4820.60123290341  3.067667E-14
4823.34592865149  3.040958E-14
4826.0906018953  2.992882E-14
4828.83525257072  2.979461E-14
4831.57988061366  2.912509E-14
4834.32448595998  2.877718E-14
4837.06906854558  2.841623E-14
4839.81362830634  2.826704E-14
4842.55816517816  2.771739E-14
4845.30267909691  2.716339E-14
4848.04716999848  2.688010E-14
4850.79163781876  2.598272E-14
4853.53608249364  2.550732E-14
4856.28050395899  2.529113E-14
4859.02490215072  2.516844E-14
4861.76927700469  2.461127E-14
4864.51362845681  2.439384E-14
4867.25795644296  2.386558E-14
4870.00226089901  2.359302E-14
4872.74654176087  2.358125E-14
4875.49079896441  2.331486E-14
4878.23503244552  2.282337E-14
4880.97924214009  2.325784E-14
4883.723427984  2.337154E-14
4886.46758991314  2.340469E-14
4889.2117278634  2.309346E-14
4891.95584177066  2.328405E-14
4894.69993157081  2.343711E-14
4897.44399719974  2.398035E-14
4900.18803859333  2.419127E-14
4902.93205568746  2.412206E-14
4905.67604841803  2.429849E-14
4908.42001672092  2.478867E-14
4911.16396053202  2.494909E-14
4913.90787978721  2.501061E-14
4916.65177442237  2.503754E-14
4919.39564437341  2.513881E-14
4922.13948957619  2.543398E-14
4924.88330996662  2.538733E-14
4927.62710548056  2.548792E-14
4930.37087605392  2.521707E-14
4933.11462162257  2.560162E-14
4935.85834212241  2.546586E-14
4938.60203748932  2.549144E-14
4941.34570765918  2.565802E-14
4944.08935256788  2.597496E-14
4946.83297215132  2.564517E-14
4949.57656634536  2.603264E-14
4952.32013508591  2.594001E-14
4955.06367830884  2.580367E-14
4957.80719595005  2.571295E-14
4960.55068794541  2.577487E-14
4963.29415423083  2.577787E-14
4966.03759474217  2.592252E-14
4968.78100941533  2.607518E-14
4971.5243981862  2.544085E-14
4974.26776099066  2.498799E-14
4977.01109776459  2.477485E-14
4979.75440844389  2.463139E-14
4982.49769296444  2.500863E-14
4985.24095126212  2.473676E-14
4987.98418327282  2.476619E-14
4990.72738893244  2.488556E-14
4993.47056817685  2.464376E-14
4996.21372094194  2.480167E-14
4998.95684716359  2.504186E-14
5001.6999467777  2.496003E-14
5004.44301972015  2.478815E-14
5007.18606592683  2.506898E-14
5009.92908533361  2.514323E-14
5012.6720778764  2.504589E-14
5015.41504349107  2.531499E-14
5018.15798211351  2.572264E-14
5020.90089367961  2.579729E-14
5023.64377812526  2.590708E-14
5026.38663538633  2.599307E-14
5029.12946539872  2.573584E-14
5031.87226809831  2.591422E-14
5034.61504342099  2.507504E-14
5037.35779130265  2.594437E-14
5040.10051167917  2.620136E-14
5042.84320448643  2.611383E-14
5045.58586966033  2.657613E-14
5048.32850713675  2.652721E-14
5051.07111685157  2.683523E-14
5053.81369874069  2.695491E-14
5056.55625273999  2.725606E-14
5059.29877878535  2.805520E-14
5062.04127681266  2.818077E-14
5064.78374675781  2.840138E-14
5067.52618855669  2.877731E-14
5070.26860214517  2.878781E-14
5073.01098745915  2.899414E-14
5075.75334443452  2.894095E-14
5078.49567300715  2.939899E-14
5081.23797311294  2.937591E-14
5083.98024468777  2.955488E-14
5086.72248766753  2.950850E-14
5089.4647019881  2.957441E-14
5092.20688758537  3.022217E-14
5094.94904439523  3.062169E-14
5097.69117235356  3.056632E-14
5100.43327139625  3.103216E-14
5103.17534145919  3.083413E-14
5105.91738247826  3.144421E-14
5108.65939438935  3.148173E-14
5111.40137712834  3.171974E-14
5114.14333063112  3.172731E-14
5116.88525483358  3.136510E-14
5119.6271496716  3.263482E-14
5122.36901508107  3.307457E-14
5125.11085099788  3.252721E-14
5127.85265735791  3.288458E-14
5130.59443409705  3.252379E-14
5133.33618115118  3.233030E-14
5136.07789845619  3.225537E-14
5138.81958594797  3.272084E-14
5141.5612435624  3.187067E-14
5144.30287123537  3.204910E-14
5147.04446890277  3.168139E-14
5149.78603650048  3.160971E-14
5152.52757396439  3.140850E-14
5155.26908123038  3.116798E-14
5158.01055823434  3.102575E-14
5160.75200491216  3.100207E-14
5163.49342119973  3.035976E-14
5166.23480703292  3.099825E-14
5168.97616234763  3.079953E-14
5171.71748707974  3.071206E-14
5174.45878116515  3.034823E-14
5177.20004453972  3.067388E-14
5179.94127713936  3.051282E-14
5182.68247889994  3.050141E-14
5185.42364975736  3.069672E-14
5188.1647896475  3.081582E-14
5190.90589850624  3.114268E-14
5193.64697626948  3.114617E-14
5196.38802287309  3.099644E-14
5199.12903825298  3.120689E-14
5201.870022345  3.143911E-14
5204.61097508507  3.134204E-14
5207.35189640907  3.188230E-14
5210.09278625287  3.161926E-14
5212.83364455237  3.133631E-14
5215.57447124345  3.122969E-14
5218.315266262  3.162404E-14
5221.05602954391  3.138048E-14
5223.79676102505  3.118598E-14
5226.53746064133  3.137140E-14
5229.27812832862  3.076285E-14
5232.01876402281  3.054814E-14
5234.75936765978  3.033368E-14
5237.49993917543  2.975017E-14
5240.24047850564  2.877908E-14
5242.98098558629  2.866311E-14
5245.72146035327  2.764036E-14
5248.46190274247  2.678060E-14
5251.20231268978  2.656692E-14
5253.94269013108  2.568704E-14
5256.68303500225  2.513511E-14
5259.42334723919  2.465064E-14
5262.16362677777  2.408101E-14
5264.90387355389  2.363375E-14
5267.64408750343  2.310154E-14
5270.38426856228  2.291476E-14
5273.12441666633  2.222676E-14
5275.86453175146  2.234526E-14
5278.60461375355  2.175325E-14
5281.34466260849  2.118128E-14
5284.08467825218  2.120353E-14
5286.82466062049  2.110589E-14
5289.56460964931  2.071253E-14
5292.30452527453  2.065261E-14
5295.04440743203  2.050101E-14
5297.78425605771  2.022966E-14
5300.52407108744  2.061174E-14
5303.26385245712  2.063286E-14
5306.00360010262  2.045959E-14
5308.74331395984  2.030797E-14
5311.48299396467  2.033937E-14
5314.22264005298  2.082968E-14
5316.96225216066  2.056293E-14
5319.70183022361  2.055738E-14
5322.44137417771  2.055662E-14
5325.18088395883  2.080148E-14
5327.92035950288  2.039055E-14
5330.65980074573  2.072040E-14
5333.39920762328  2.103372E-14
5336.1385800714  2.135397E-14
5338.87791802599  2.112281E-14
5341.61722142293  2.141973E-14
5344.35649019811  2.134727E-14
5347.09572428741  2.185227E-14
5349.83492362672  2.184592E-14
5352.57408815193  2.255248E-14
5355.31321779892  2.275335E-14
5358.05231250358  2.274738E-14
5360.79137220179  2.327392E-14
5363.53039682945  2.330385E-14
5366.26938632243  2.370486E-14
5369.00834061662  2.366579E-14
5371.74725964792  2.375942E-14
5374.4861433522  2.379828E-14
5377.22499166535  2.369274E-14
5379.96380452327  2.390743E-14
5382.70258186182  2.376999E-14
5385.44132361692  2.375907E-14
5388.18002972442  2.378479E-14
5390.91870012023  2.392587E-14
5393.65733474023  2.397615E-14
5396.39593352031  2.407928E-14
5399.13449639635  2.386847E-14
5401.87302330424  2.368337E-14
5404.61151417987  2.377006E-14
5407.34996895911  2.378625E-14
5410.08838757787  2.367048E-14
5412.82676997202  2.342633E-14
5415.56511607744  2.330717E-14
5418.30342583004  2.323517E-14
5421.04169916569  2.265112E-14
5423.77993602028  2.267237E-14
5426.51813632969  2.231869E-14
5429.25630002982  2.185380E-14
5431.99442705654  2.201621E-14
5434.73251734574  2.170003E-14
5437.47057083332  2.119609E-14
5440.20858745516  2.098698E-14
5442.94656714713  2.043855E-14
5445.68450984514  2.032293E-14
5448.42241548506  2.002299E-14
5451.16028400279  1.970492E-14
5453.8981153342  1.917678E-14
5456.63590941519  1.917528E-14
5459.37366618164  1.878238E-14
5462.11138556943  1.837902E-14
5464.84906751446  1.834249E-14
5467.5867119526  1.812467E-14
5470.32431881976  1.830918E-14
5473.0618880518  1.809775E-14
5475.79941958463  1.827321E-14
5478.53691335411  1.824891E-14
5481.27436929615  1.825214E-14
5484.01178734663  1.825537E-14
5486.74916744143  1.866033E-14
5489.48650951644  1.871754E-14
5492.22381350754  1.893667E-14
5494.96107935063  1.938558E-14
5497.69830698159  1.958976E-14
5500.4354963363  1.974861E-14
5503.17264735065  2.024535E-14
5505.90975996053  2.051623E-14
5508.64683410182  2.087931E-14
5511.38386971041  2.114033E-14
5514.12086672219  2.159154E-14
5516.85782507304  2.182291E-14
5519.59474469885  2.234012E-14
5522.33162553551  2.231841E-14
5525.06846751889  2.288601E-14
5527.80527058489  2.328740E-14
5530.5420346694  2.370994E-14
5533.2787597083  2.377764E-14
5536.01544563747  2.420907E-14
5538.75209239281  2.461892E-14
5541.48869991019  2.475543E-14
5544.22526812551  2.531504E-14
5546.96179697465  2.548512E-14
5549.6982863935  2.568255E-14
5552.43473631794  2.550232E-14
5555.17114668387  2.581669E-14
5557.90751742716  2.609633E-14
5560.6438484837  2.640080E-14
5563.38013978938  2.634524E-14
5566.11639128008  2.602201E-14
5568.8526028917  2.594434E-14
5571.58877456012  2.584058E-14
5574.32490622122  2.573387E-14
5577.06099781089  2.549519E-14
5579.79704926501  2.548367E-14
5582.53306051948  2.541630E-14
5585.26903151018  2.524771E-14
5588.004962173  2.505684E-14
5590.74085244381  2.524057E-14
5593.47670225852  2.505549E-14
5596.21251155299  2.530354E-14
5598.94828026313  2.549030E-14
5601.68400832482  2.557080E-14
5604.41969567393  2.562454E-14
5607.15534224637  2.614384E-14
5609.89094797802  2.579260E-14
5612.62651280475  2.591933E-14
5615.36203666246  2.600888E-14
5618.09751948704  2.597419E-14
5620.83296121437  2.595888E-14
5623.56836178034  2.613036E-14
5626.30372112082  2.580463E-14
5629.03903917172  2.584931E-14
5631.77431586892  2.589786E-14
5634.50955114829  2.631988E-14
5637.24474494574  2.623544E-14
5639.97989719713  2.569052E-14
5642.71500783837  2.601287E-14
5645.45007680534  2.628395E-14
5648.18510403392  2.641398E-14
5650.92008946  2.643904E-14
5653.65503301947  2.611777E-14
5656.3899346482  2.607571E-14
5659.1247942821  2.603733E-14
5661.85961185704  2.611431E-14
5664.59438730891  2.629367E-14
5667.3291205736  2.618910E-14
5670.06381158699  2.615871E-14
5672.79846028498  2.608818E-14
5675.53306660344  2.616563E-14
5678.26763047826  2.590631E-14
5681.00215184533  2.566339E-14
5683.73663064053  2.589289E-14
5686.47106679976  2.594777E-14
5689.20546025889  2.588803E-14
5691.93981095382  2.617732E-14
5694.67411882042  2.634825E-14
5697.4083837946  3.818461E-14
