      2888.53 -3.29174e-15  3.86467e-15
      2891.28 -2.85127e-15  2.09671e-15
      2894.02 -1.17403e-15  1.66833e-15
      2896.77  1.06918e-15  1.26827e-15
      2899.51  2.62380e-16  1.09463e-15
      2902.26 -1.41823e-15  9.95349e-16
      2905.00 -1.89126e-16  8.02838e-16
      2907.75  5.51471e-16  7.26318e-16
      2910.49  4.43247e-16  1.57150e-15
      2913.24 -5.39067e-16  6.77779e-16
      2915.98  5.14656e-16  5.89892e-16
      2918.73  3.88566e-16  4.92947e-16
      2921.47  3.07900e-15  6.02654e-16
      2924.22  1.46881e-16  3.96159e-16
      2926.96 -3.42711e-16  4.32327e-16
      2929.71  9.37865e-16  3.09777e-16
      2932.45  4.45653e-18  3.90386e-16
      2935.20  1.18880e-15  5.19165e-16
      2937.94  3.85512e-16  1.07541e-15
      2940.69  1.05137e-15  1.92480e-16
      2943.43  5.90251e-17  1.67067e-16
      2946.18  6.75862e-16  1.67774e-16
      2948.92  8.01895e-16  1.81426e-16
      2951.67  8.37911e-16  1.35042e-16
      2954.41  6.33537e-16  1.17415e-16
      2957.16  9.93874e-16  1.16709e-16
      2959.90  1.56323e-15  3.94786e-16
      2962.65  8.91344e-16  9.39294e-17
      2965.40  7.61145e-16  8.75132e-17
      2968.14  9.83251e-16  8.66189e-17
      2970.89  8.29569e-16  8.42856e-17
      2973.63  7.05878e-16  8.69660e-17
      2976.38  7.64023e-16  7.66567e-17
      2979.12  9.80753e-16  8.18944e-17
      2981.87  8.56624e-16  8.42489e-17
      2984.61  6.73073e-16  8.43875e-17
      2987.36  5.54416e-16  1.04299e-16
      2990.10  8.71091e-16  7.22603e-17
      2992.85  8.93894e-16  7.75947e-17
      2995.60  6.72350e-16  7.86900e-17
      2998.34  6.87818e-16  6.75189e-17
      3001.09  7.03287e-16  7.12598e-17
      3003.83  7.18755e-16  6.87648e-17
      3006.58  7.34223e-16  2.15685e-16
      3009.32  7.49691e-16  6.60630e-17
      3012.07  7.65161e-16  6.87337e-17
      3014.82  7.80629e-16  7.34294e-17
      3017.56  5.26421e-16  2.58049e-16
      3020.31  8.59742e-16  6.26470e-17
      3023.05  6.90622e-16  5.74559e-17
      3025.80  7.01339e-16  5.78597e-17
      3028.54  7.92412e-16  5.74296e-17
      3031.29  7.79314e-16  5.77108e-17
      3034.04  7.23766e-16  5.77156e-17
      3036.78  6.73323e-16  5.58014e-17
      3039.53  5.50073e-16  8.16073e-17
      3042.27  6.40256e-16  5.38307e-17
      3045.02  7.10531e-16  5.22285e-17
      3047.77  6.07692e-16  5.11149e-17
      3050.51  6.14895e-16  5.41701e-17
      3053.26  7.16115e-16  5.03083e-17
      3056.00  7.71053e-16  4.99874e-17
      3058.75  6.27569e-16  4.88921e-17
      3061.50  6.56976e-16  4.82606e-17
      3064.24  6.91160e-16  4.85726e-17
      3066.99  5.61556e-16  4.91183e-17
      3069.73  6.29783e-16  4.79386e-17
      3072.48  6.15383e-16  4.51412e-17
      3075.23  6.11595e-16  4.46455e-17
      3077.97  5.94433e-16  5.02333e-17
      3080.72  7.26471e-16  5.56539e-17
      3083.46  6.92599e-16  4.30734e-17
      3086.21  6.24706e-16  4.39665e-17
      3088.96  6.32421e-16  5.73163e-17
      3091.70  7.22448e-16  4.58771e-17
      3094.45  6.38374e-16  6.01793e-17
      3097.20  7.79599e-16  5.32769e-17
      3099.94  7.57073e-16  4.36872e-17
      3102.69  6.94736e-16  4.45672e-17
      3105.43  7.43777e-16  4.90756e-17
      3108.18  7.42018e-16  4.61562e-17
      3110.93  7.77240e-16  4.61924e-17
      3113.67  7.53697e-16  4.61120e-17
      3116.42  6.80706e-16  9.58726e-17
      3119.17  7.06523e-16  4.38432e-17
      3121.91  7.57688e-16  4.27099e-17
      3124.66  8.16719e-16  4.37463e-17
      3127.41  8.87693e-16  4.51047e-17
      3130.15  7.76283e-16  4.81027e-17
      3132.90  8.44601e-16  4.31608e-17
      3135.65  8.20053e-16  4.75563e-17
      3138.39  9.08352e-16  4.38796e-17
      3141.14  7.88347e-16  5.74993e-17
      3143.89  8.11974e-16  1.39973e-16
      3146.63  8.35601e-16  4.65090e-17
      3149.38  8.59228e-16  4.81287e-17
      3152.12  8.82856e-16  4.88074e-17
      3154.87  9.92223e-16  5.01602e-17
      3157.62  9.25257e-16  4.33726e-17
      3160.36  8.74339e-16  4.97837e-17
      3163.11  8.76720e-16  6.93947e-17
      3165.86  1.03443e-15  4.50492e-17
      3168.60  9.00091e-16  4.86741e-17
      3171.35  1.12885e-15  5.11325e-17
      3174.10  8.53763e-16  5.34468e-17
      3176.84  9.72209e-16  4.99573e-17
      3179.59  9.92693e-16  5.17916e-17
      3182.34  9.98402e-16  4.11389e-17
      3185.09  1.03062e-15  4.14000e-17
      3187.83  8.89835e-16  5.90825e-17
      3190.58  1.02540e-15  4.15113e-17
      3193.33  1.01756e-15  4.02677e-17
      3196.07  1.08837e-15  4.44773e-17
      3198.82  1.05608e-15  4.22778e-17
      3201.57  1.15327e-15  4.32078e-17
      3204.31  1.11341e-15  4.33353e-17
      3207.06  1.07354e-15  1.37376e-16
      3209.81  1.03367e-15  4.21868e-17
      3212.55  9.93806e-16  3.97910e-17
      3215.30  9.53937e-16  4.39938e-17
      3218.05  1.01280e-15  4.14061e-17
      3220.80  1.06241e-15  4.05672e-17
      3223.54  1.04406e-15  4.16265e-17
      3226.29  1.05425e-15  4.64813e-17
      3229.04  1.10694e-15  3.90271e-17
      3231.78  1.09985e-15  4.01592e-17
      3234.53  9.76854e-16  4.00505e-17
      3237.28  1.11582e-15  4.17700e-17
      3240.02  9.60364e-16  6.26168e-17
      3242.77  1.02406e-15  4.11931e-17
      3245.52  1.05275e-15  3.77815e-17
      3248.27  9.90145e-16  3.81173e-17
      3251.01  1.03204e-15  4.01792e-17
      3253.76  1.00422e-15  3.78832e-17
      3256.51  9.75626e-16  4.18679e-17
      3259.26  9.07950e-16  3.66667e-17
      3262.00  1.05894e-15  3.67460e-17
      3264.75  9.55378e-16  3.81385e-17
      3267.50  1.00055e-15  3.79975e-17
      3270.24  9.56465e-16  3.84972e-17
      3272.99  8.70768e-16  4.23023e-17
      3275.74  9.88145e-16  3.81827e-17
      3278.49  9.96619e-16  3.54452e-17
      3281.23  8.85752e-16  3.67136e-17
      3283.98  9.94637e-16  4.05637e-17
      3286.73  9.66913e-16  3.69192e-17
      3289.48  9.45886e-16  3.42939e-17
      3292.22  9.59859e-16  3.48700e-17
      3294.97  9.74596e-16  3.92338e-17
      3297.72  9.36023e-16  3.47235e-17
      3300.47  9.20804e-16  3.58004e-17
      3303.21  8.45336e-16  3.81562e-17
      3305.96  9.30167e-16  3.56954e-17
      3308.71  9.89001e-16  3.63096e-17
      3311.45  9.13850e-16  3.61959e-17
      3314.20  1.01313e-15  3.59317e-17
      3316.95  1.02079e-15  3.44864e-17
      3319.70  1.02819e-15  3.83083e-17
      3322.44  9.97167e-16  3.99275e-17
      3325.19  9.42449e-16  5.05355e-17
      3327.94  9.59837e-16  4.05993e-17
      3330.69  9.91242e-16  4.14662e-17
      3333.44  1.02491e-15  3.60318e-17
      3336.18  9.50261e-16  3.53597e-17
      3338.93  8.89649e-16  3.73383e-17
      3341.68  1.00229e-15  4.01320e-17
      3344.43  1.01373e-15  3.96146e-17
      3347.17  1.02517e-15  4.46436e-17
      3349.92  1.03661e-15  1.85080e-16
      3352.67  1.04805e-15  3.34411e-17
      3355.42  1.03961e-15  3.38025e-17
      3358.16  1.12796e-15  4.09859e-17
      3360.91  1.02051e-15  3.47563e-17
      3363.66  1.06428e-15  3.76908e-17
      3366.41  1.07486e-15  3.32606e-17
      3369.15  1.17081e-15  3.39511e-17
      3371.90  1.05025e-15  3.50028e-17
      3374.65  1.13075e-15  3.34162e-17
      3377.40  1.13123e-15  3.57686e-17
      3380.15  1.15463e-15  3.59789e-17
      3382.89  1.17803e-15  3.45967e-17
      3385.64  1.20143e-15  3.71342e-17
      3388.39  1.22484e-15  4.16427e-17
      3391.14  1.24824e-15  2.14926e-16
      3393.88  1.27164e-15  3.68937e-17
      3396.63  1.29504e-15  4.82064e-17
      3399.38  1.26655e-15  4.06867e-17
      3402.13  1.18426e-15  3.59734e-17
      3404.88  1.29872e-15  3.84019e-17
      3407.62  1.30104e-15  4.20267e-17
      3410.37  1.31491e-15  3.70091e-17
      3413.12  1.18810e-15  5.10968e-17
      3415.87  1.22800e-15  3.85058e-17
      3418.62  1.27990e-15  3.56649e-17
      3421.36  1.35798e-15  5.24574e-17
      3424.11  1.21273e-15  3.59146e-17
      3426.86  1.23052e-15  3.58591e-17
      3429.61  1.29051e-15  3.98569e-17
      3432.36  1.26561e-15  5.36713e-17
      3435.10  1.37199e-15  4.72019e-17
      3437.85  1.22167e-15  4.87277e-17
      3440.60  1.19719e-15  3.97284e-17
      3443.35  1.24434e-15  3.65497e-17
      3446.10  1.19780e-15  4.17375e-17
      3448.84  1.24859e-15  3.80357e-17
      3451.59  1.09576e-15  5.12598e-17
      3454.34  1.20669e-15  3.51555e-17
      3457.09  1.29943e-15  3.37822e-17
      3459.84  1.32238e-15  3.34886e-17
      3462.58  1.40277e-15  3.45520e-17
      3465.33  1.31592e-15  3.50647e-17
      3468.08  1.30646e-15  3.48653e-17
      3470.83  1.30611e-15  3.35465e-17
      3473.58  1.34935e-15  3.56192e-17
      3476.32  1.40837e-15  3.65720e-17
      3479.07  1.28361e-15  3.91379e-17
      3481.82  1.30582e-15  3.45357e-17
      3484.57  1.28160e-15  3.57677e-17
      3487.32  1.28418e-15  3.62802e-17
      3490.06  1.38263e-15  3.64238e-17
      3492.81  1.43294e-15  3.57601e-17
      3495.56  1.32602e-15  3.23354e-17
      3498.31  1.40451e-15  3.96803e-17
      3501.06  1.24599e-15  3.69414e-17
      3503.81  1.22813e-15  3.50395e-17
      3506.55  1.45474e-15  3.56904e-17
      3509.30  1.48491e-15  3.47817e-17
      3512.05  1.48795e-15  3.38195e-17
      3514.80  1.44768e-15  3.53149e-17
      3517.55  1.50555e-15  3.79104e-17
      3520.30  1.47046e-15  3.82859e-17
      3523.04  1.48927e-15  3.80020e-17
      3525.79  1.43538e-15  3.79184e-17
      3528.54  1.52348e-15  3.76986e-17
      3531.29  1.54589e-15  3.66917e-17
      3534.04  1.63347e-15  3.71856e-17
      3536.79  1.65952e-15  4.84255e-17
      3539.53  1.68201e-15  3.85032e-17
      3542.28  1.55004e-15  3.78371e-17
      3545.03  1.61835e-15  4.59712e-17
      3547.78  1.64044e-15  4.10071e-17
      3550.53  1.67725e-15  3.92088e-17
      3553.28  1.71847e-15  3.55981e-17
      3556.02  1.72152e-15  3.87287e-17
      3558.77  1.62344e-15  3.83775e-17
      3561.52  1.68643e-15  3.92095e-17
      3564.27  1.69193e-15  3.87684e-17
      3567.02  1.71233e-15  3.74302e-17
      3569.77  1.77794e-15  3.52200e-17
      3572.51  1.62910e-15  3.70633e-17
      3575.26  1.65819e-15  3.99838e-17
      3578.01  1.69642e-15  3.80202e-17
      3580.76  1.60877e-15  3.87259e-17
      3583.51  1.68478e-15  3.77685e-17
      3586.26  1.68822e-15  3.63982e-17
      3589.00  1.61767e-15  3.60430e-17
      3591.75  1.72027e-15  3.40873e-17
      3594.50  1.68042e-15  3.46155e-17
      3597.25  1.54984e-15  3.68850e-17
      3600.00  1.58419e-15  3.28102e-17
      3602.75  1.61052e-15  4.38584e-17
      3605.50  1.62169e-15  4.73675e-17
      3608.24  1.62154e-15  4.13840e-17
      3610.99  1.66099e-15  3.62195e-17
      3613.74  1.52915e-15  3.96668e-17
      3616.49  1.61373e-15  3.71431e-17
      3619.24  1.58168e-15  3.57435e-17
      3621.99  1.62865e-15  3.59544e-17
      3624.73  1.46029e-15  3.63281e-17
      3627.48  1.46552e-15  3.81934e-17
      3630.23  1.57739e-15  3.48529e-17
      3632.98  1.56487e-15  4.19279e-17
      3635.73  1.53140e-15  3.49201e-17
      3638.48  1.63752e-15  3.30218e-17
      3641.23  1.57930e-15  3.49385e-17
      3643.97  1.64239e-15  3.59816e-17
      3646.72  1.63287e-15  3.42601e-17
      3649.47  1.52889e-15  3.31247e-17
      3652.22  1.65381e-15  3.48530e-17
      3654.97  1.45815e-15  4.35145e-17
      3657.72  1.46039e-15  3.33402e-17
      3660.47  1.42008e-15  3.41158e-17
      3663.21  1.41902e-15  3.46274e-17
      3665.96  1.46852e-15  3.66645e-17
      3668.71  1.45461e-15  3.36277e-17
      3671.46  1.40522e-15  3.20955e-17
      3674.21  1.29845e-15  4.02472e-17
      3676.96  1.15109e-15  5.38668e-17
      3679.71  1.22423e-15  3.23135e-17
      3682.45  1.16334e-15  3.39829e-17
      3685.20  1.19887e-15  3.58630e-17
      3687.95  1.13873e-15  2.89702e-17
      3690.70  1.16221e-15  3.11820e-17
      3693.45  1.09191e-15  2.84754e-17
      3696.20  9.95798e-16  3.07468e-17
      3698.95  9.88015e-16  2.85969e-17
      3701.69  9.80232e-16  1.32887e-16
      3704.44  9.72449e-16  3.03130e-17
      3707.19  9.64666e-16  3.09874e-17
      3709.94  9.56883e-16  3.22004e-17
      3712.69  9.49100e-16  3.43107e-17
      3715.44  9.81914e-16  2.45680e-17
      3718.19  9.77800e-16  2.62641e-17
      3720.94  9.98641e-16  2.69549e-17
      3723.68  1.00933e-15  2.47176e-17
      3726.43  9.82258e-16  2.46910e-17
      3729.18  9.35936e-16  2.70438e-17
      3731.93  9.70214e-16  2.49646e-17
      3734.68  9.77388e-16  2.98698e-17
      3737.43  9.25275e-16  2.51419e-17
      3740.18  9.32862e-16  2.78100e-17
      3742.93  9.68794e-16  2.39743e-17
      3745.67  1.00557e-15  2.45705e-17
      3748.42  9.27266e-16  2.53827e-17
      3751.17  9.26266e-16  2.52714e-17
      3753.92  9.06645e-16  3.11119e-17
      3756.67  9.53019e-16  3.43687e-17
      3759.42  9.79684e-16  2.33525e-17
      3762.17  9.47223e-16  3.24734e-17
      3764.91  1.01371e-15  2.35383e-17
      3767.66  9.65619e-16  2.50907e-17
      3770.41  1.04182e-15  2.38907e-17
      3773.16  9.55035e-16  2.71016e-17
      3775.91  1.01584e-15  2.63904e-17
      3778.66  9.66663e-16  2.58286e-17
      3781.41  9.95772e-16  2.54953e-17
      3784.16  1.06043e-15  2.75908e-17
      3786.90  1.13369e-15  4.21921e-17
      3789.65  9.90156e-16  2.69629e-17
      3792.40  1.07373e-15  2.59021e-17
      3795.15  1.11490e-15  2.83083e-17
      3797.90  1.22655e-15  2.59685e-17
      3800.65  1.16873e-15  3.20887e-17
      3803.40  1.24898e-15  3.35917e-17
      3806.15  1.28952e-15  2.74922e-17
      3808.89  1.24835e-15  3.27204e-17
      3811.64  1.33394e-15  3.76546e-17
      3814.39  1.46109e-15  2.82412e-17
      3817.14  1.52528e-15  2.81835e-17
      3819.89  1.44187e-15  2.94547e-17
      3822.64  1.59696e-15  2.81546e-17
      3825.39  1.51103e-15  3.06358e-17
      3828.14  1.59344e-15  2.93741e-17
      3830.88  1.60989e-15  3.31821e-17
      3833.63  1.64101e-15  3.02546e-17
      3836.38  1.49975e-15  3.92737e-17
      3839.13  1.59079e-15  3.42657e-17
      3841.88  1.73776e-15  2.95314e-17
      3844.63  1.65524e-15  3.54130e-17
      3847.38  1.72091e-15  3.81611e-17
      3850.13  1.73556e-15  3.21531e-17
      3852.87  1.89153e-15  3.53527e-17
      3855.62  1.91463e-15  2.96672e-17
      3858.37  1.87809e-15  3.06959e-17
      3861.12  2.02916e-15  2.83817e-17
      3863.87  1.80919e-15  3.45076e-17
      3866.62  1.93653e-15  3.59404e-17
      3869.37  2.05358e-15  3.07335e-17
      3872.12  2.10285e-15  5.66312e-17
      3874.86  2.09824e-15  3.23489e-17
      3877.61  2.16662e-15  3.88872e-17
      3880.36  2.17975e-15  4.41370e-17
      3883.11  2.11487e-15  4.39819e-17
      3885.86  2.18653e-15  4.45278e-17
      3888.61  2.37630e-15  3.84290e-17
      3891.36  2.32461e-15  3.80353e-17
      3894.11  2.29390e-15  4.53259e-17
      3896.85  2.42666e-15  3.89288e-17
      3899.60  2.45648e-15  3.88929e-17
      3902.35  2.49688e-15  3.89039e-17
      3905.10  2.58851e-15  3.37753e-17
      3907.85  2.56358e-15  4.04950e-17
      3910.60  2.66823e-15  4.37120e-17
      3913.35  2.62867e-15  4.06500e-17
      3916.10  2.79399e-15  4.21008e-17
      3918.84  2.75744e-15  4.13349e-17
      3921.59  2.91127e-15  4.23296e-17
      3924.34  2.95687e-15  4.98075e-17
      3927.09  3.02978e-15  4.26370e-17
      3929.84  3.06181e-15  4.27890e-17
      3932.59  3.13574e-15  4.33679e-17
      3935.34  3.03597e-15  4.25159e-17
      3938.09  2.89848e-15  3.75686e-17
      3940.83  2.95087e-15  4.89041e-17
      3943.58  3.02021e-15  4.93325e-17
      3946.33  3.10639e-15  4.99784e-17
      3949.08  3.12253e-15  4.21913e-17
      3951.83  3.17966e-15  4.79331e-17
      3954.58  3.11341e-15  4.20184e-17
      3957.33  3.09978e-15  4.18107e-17
      3960.07  3.07279e-15  4.06828e-17
      3962.82  2.99487e-15  4.13695e-17
      3965.57  3.04452e-15  4.03460e-17
      3968.32  2.84237e-15  4.64597e-17
      3971.07  2.83074e-15  3.99736e-17
      3973.82  2.77571e-15  4.02693e-17
      3976.57  2.79207e-15  4.35983e-17
      3979.32  2.90863e-15  4.18132e-17
      3982.06  2.72405e-15  4.52309e-17
      3984.81  2.81241e-15  4.72694e-17
      3987.56  2.84012e-15  4.45199e-17
      3990.31  2.79766e-15  3.63102e-17
      3993.06  2.83668e-15  4.06619e-17
      3995.81  2.69907e-15  3.88999e-17
      3998.56  2.70718e-15  3.95659e-17
      4001.31  2.81008e-15  3.61352e-17
      4004.05  2.65408e-15  3.74261e-17
      4006.80  2.87036e-15  3.64212e-17
      4009.55  2.72485e-15  3.78489e-17
      4012.30  2.82744e-15  3.92863e-17
      4015.05  2.74662e-15  4.43962e-17
      4017.80  2.79315e-15  3.78618e-17
      4020.55  2.86050e-15  3.57363e-17
      4023.29  2.76315e-15  3.75282e-17
      4026.04  2.70349e-15  3.75006e-17
      4028.79  2.71447e-15  4.38469e-17
      4031.54  2.79021e-15  3.52295e-17
      4034.29  2.70910e-15  3.42304e-17
      4037.04  2.71618e-15  3.67146e-17
      4039.79  2.59966e-15  3.59013e-17
      4042.53  2.55732e-15  3.61858e-17
      4045.28  2.76848e-15  3.19017e-17
      4048.03  2.84380e-15  3.34219e-17
      4050.78  2.86660e-15  4.41699e-17
      4053.53  2.51437e-15  4.27578e-17
      4056.28  2.55431e-15  3.48706e-17
      4059.03  2.68292e-15  3.68580e-17
      4061.77  2.61255e-15  4.17768e-17
      4064.52  2.63683e-15  3.62733e-17
      4067.27  2.78446e-15  3.39412e-17
      4070.02  2.73219e-15  3.60758e-17
      4072.77  2.82760e-15  3.65588e-17
      4075.52  2.67359e-15  4.26054e-17
      4078.27  2.88035e-15  3.46649e-17
      4081.01  2.89906e-15  3.52224e-17
      4083.76  2.96802e-15  3.73017e-17
      4086.51  3.02256e-15  3.85991e-17
      4089.26  3.03616e-15  3.52172e-17
      4092.01  3.16803e-15  3.60401e-17
      4094.76  2.97105e-15  4.56546e-17
      4097.51  3.06262e-15  3.72194e-17
      4100.25  3.02530e-15  3.74196e-17
      4103.00  2.99794e-15  3.77471e-17
      4105.75  3.02367e-15  4.50894e-17
      4108.50  3.19734e-15  3.61773e-17
      4111.25  3.26210e-15  3.56697e-17
      4114.00  3.23576e-15  3.61553e-17
      4116.75  3.26579e-15  3.69695e-17
      4119.49  3.23491e-15  3.95692e-17
      4122.24  3.36718e-15  3.63719e-17
      4124.99  3.37401e-15  4.04278e-17
      4127.74  3.38697e-15  3.69922e-17
      4130.49  3.43712e-15  3.61545e-17
      4133.24  3.43375e-15  3.65004e-17
      4135.98  3.37059e-15  4.68769e-17
      4138.73  3.37561e-15  4.34186e-17
      4141.48  3.49855e-15  3.67024e-17
      4144.23  3.51844e-15  3.67575e-17
      4146.98  3.57769e-15  3.72205e-17
      4149.73  3.58385e-15  3.85276e-17
      4152.47  3.37864e-15  3.81803e-17
      4155.22  3.47439e-15  3.63711e-17
      4157.97  3.40501e-15  4.16687e-17
      4160.72  3.41819e-15  3.86114e-17
      4163.47  3.41804e-15  3.59474e-17
      4166.22  3.37072e-15  3.58156e-17
      4168.96  3.40501e-15  3.99299e-17
      4171.71  3.42805e-15  3.60205e-17
      4174.46  3.31657e-15  3.77763e-17
      4177.21  3.22795e-15  4.45429e-17
      4179.96  3.37613e-15  3.92361e-17
      4182.71  3.34129e-15  3.86662e-17
      4185.46  3.26335e-15  4.20231e-17
      4188.20  3.18742e-15  3.46652e-17
      4190.95  3.17183e-15  3.41567e-17
      4193.70  3.10992e-15  3.68108e-17
      4196.45  3.19267e-15  3.72895e-17
      4199.20  3.03414e-15  4.31433e-17
      4201.94  3.13844e-15  3.34611e-17
      4204.69  3.18521e-15  3.41075e-17
      4207.44  3.15923e-15  3.47010e-17
      4210.19  3.10053e-15  3.40387e-17
      4212.94  3.30735e-15  3.37485e-17
      4215.69  3.23540e-15  3.48410e-17
      4218.43  3.07938e-15  3.34509e-17
      4221.18  3.13029e-15  3.47818e-17
      4223.93  3.17739e-15  3.37596e-17
      4226.68  3.11352e-15  3.56229e-17
      4229.43  3.14603e-15  3.37168e-17
      4232.17  3.18257e-15  3.35494e-17
      4234.92  3.04018e-15  3.30296e-17
      4237.67  3.06536e-15  3.55112e-17
      4240.42  3.05330e-15  3.24935e-17
      4243.17  3.03649e-15  3.23683e-17
      4245.92  3.15159e-15  3.33036e-17
      4248.66  3.08120e-15  3.26552e-17
      4251.41  2.99133e-15  3.27131e-17
      4254.16  2.97513e-15  3.30842e-17
      4256.91  2.98145e-15  3.20920e-17
      4259.66  2.97119e-15  3.20706e-17
      4262.40  2.88445e-15  3.48765e-17
      4265.15  2.84658e-15  3.67889e-17
      4267.90  2.83020e-15  3.12639e-17
      4270.65  2.80149e-15  3.13839e-17
      4273.40  2.76080e-15  3.20140e-17
      4276.14  2.76044e-15  3.01583e-17
      4278.89  2.79750e-15  3.03827e-17
      4281.64  2.65791e-15  2.99538e-17
      4284.39  2.70347e-15  3.08173e-17
      4287.14  2.61322e-15  3.08790e-17
      4289.88  2.61847e-15  3.07136e-17
      4292.63  2.62107e-15  2.75629e-17
      4295.38  2.58988e-15  2.70047e-17
      4298.13  2.41634e-15  2.86979e-17
      4300.88  2.37920e-15  2.79393e-17
      4303.62  2.42758e-15  2.82011e-17
      4306.37  2.35892e-15  2.79623e-17
      4309.12  2.33818e-15  2.77494e-17
      4311.87  2.25375e-15  2.80254e-17
      4314.62  2.13439e-15  2.91953e-17
      4317.36  2.16409e-15  2.76352e-17
      4320.11  2.13247e-15  3.34447e-17
      4322.86  2.06365e-15  2.61711e-17
      4325.61  2.03332e-15  2.59955e-17
      4328.35  2.02714e-15  2.68443e-17
      4331.10  2.00470e-15  2.52979e-17
      4333.85  2.00570e-15  2.55605e-17
      4336.60  1.95267e-15  2.78781e-17
      4339.35  1.98408e-15  2.39041e-17
      4342.09  1.90092e-15  2.56777e-17
      4344.84  1.88530e-15  2.46147e-17
      4347.59  1.84977e-15  2.42992e-17
      4350.34  1.85385e-15  2.24730e-17
      4353.08  1.74045e-15  2.34024e-17
      4355.83  1.75793e-15  2.39501e-17
      4358.58  1.74746e-15  2.41136e-17
      4361.33  1.74856e-15  2.40295e-17
      4364.08  1.71042e-15  2.36635e-17
      4366.82  1.72598e-15  2.16897e-17
      4369.57  1.69540e-15  2.38737e-17
      4372.32  1.64601e-15  2.34249e-17
      4375.07  1.64161e-15  2.30954e-17
      4377.81  1.59920e-15  2.27155e-17
      4380.56  1.64927e-15  2.32243e-17
      4383.31  1.64016e-15  2.70443e-17
      4386.06  1.62259e-15  2.31684e-17
      4388.80  1.65092e-15  2.12326e-17
      4391.55  1.66225e-15  2.09429e-17
      4394.30  1.65179e-15  2.29261e-17
      4397.05  1.75378e-15  2.18533e-17
      4399.79  1.77590e-15  2.18456e-17
      4402.54  1.72503e-15  2.17185e-17
      4405.29  1.72151e-15  2.32164e-17
      4408.04  1.73128e-15  2.37593e-17
      4410.78  1.80498e-15  2.40934e-17
      4413.53  1.79231e-15  2.38596e-17
      4416.28  1.77693e-15  2.37700e-17
      4419.03  1.83313e-15  2.40324e-17
      4421.77  1.80171e-15  2.41772e-17
      4424.52  1.81269e-15  2.33793e-17
      4427.27  1.80090e-15  2.60116e-17
      4430.02  1.82088e-15  2.45003e-17
      4432.76  1.87507e-15  2.43878e-17
      4435.51  1.88113e-15  2.47673e-17
      4438.26  1.89931e-15  2.37070e-17
      4441.00  1.96092e-15  2.63580e-17
      4443.75  2.01622e-15  2.65389e-17
      4446.50  1.96290e-15  3.12546e-17
      4449.25  2.00237e-15  2.70366e-17
      4451.99  2.10234e-15  2.77917e-17
      4454.74  2.14875e-15  2.49320e-17
      4457.49  2.10854e-15  2.57735e-17
      4460.24  2.27106e-15  4.03227e-17
      4462.98  2.11585e-15  2.80814e-17
      4465.73  2.09105e-15  2.78228e-17
      4468.48  2.16259e-15  2.55340e-17
      4471.22  2.22025e-15  2.59589e-17
      4473.97  2.20887e-15  2.55084e-17
      4476.72  2.18035e-15  2.98969e-17
      4479.47  2.24441e-15  2.86575e-17
      4482.21  2.29892e-15  2.54980e-17
      4484.96  2.25802e-15  2.80817e-17
      4487.71  2.34650e-15  2.64058e-17
      4490.45  2.29788e-15  2.59716e-17
      4493.20  2.27580e-15  3.32120e-17
      4495.95  2.34942e-15  2.48686e-17
      4498.70  2.34465e-15  2.82156e-17
      4501.44  2.48347e-15  2.86821e-17
      4504.19  2.42052e-15  2.79651e-17
      4506.94  2.34890e-15  2.90438e-17
      4509.68  2.41218e-15  3.40149e-17
      4512.43  2.38687e-15  3.42564e-17
      4515.18  2.49616e-15  2.69590e-17
      4517.92  2.56535e-15  2.70539e-17
      4520.67  2.55236e-15  2.79552e-17
      4523.42  2.55023e-15  2.94854e-17
      4526.17  2.67077e-15  2.73015e-17
      4528.91  2.64816e-15  2.79194e-17
      4531.66  2.71067e-15  2.84590e-17
      4534.41  2.73605e-15  3.16641e-17
      4537.15  2.69672e-15  3.92206e-17
      4539.90  2.76755e-15  4.08505e-17
      4542.65  2.81138e-15  3.83469e-17
      4545.39  2.86646e-15  3.29143e-17
      4548.14  2.88238e-15  3.25646e-17
      4550.89  2.94124e-15  3.51380e-17
      4553.63  2.99172e-15  3.73253e-17
      4556.38  3.12817e-15  3.35432e-17
      4559.13  3.05027e-15  3.76012e-17
      4561.87  3.08919e-15  3.38032e-17
      4564.62  3.03910e-15  3.59526e-17
      4567.37  2.99675e-15  4.04384e-17
      4570.11  3.06484e-15  3.78571e-17
      4572.86  3.07963e-15  3.82352e-17
      4575.61  3.09410e-15  3.17987e-17
      4578.35  3.09366e-15  4.11581e-17
      4581.10  3.18654e-15  3.65686e-17
      4583.85  3.12057e-15  3.59239e-17
      4586.59  3.04790e-15  4.08145e-17
      4589.34  2.99930e-15  4.06466e-17
      4592.08  3.15659e-15  3.64434e-17
      4594.83  3.07372e-15  3.76024e-17
      4597.58  3.26051e-15  3.05375e-17
      4600.32  2.98644e-15  4.07162e-17
      4603.07  3.11281e-15  2.97226e-17
      4605.82  3.09476e-15  3.58058e-17
      4608.56  3.02222e-15  3.54691e-17
      4611.31  2.96831e-15  3.72205e-17
      4614.06  3.00070e-15  2.97314e-17
      4616.80  3.05636e-15  2.97705e-17
      4619.55  2.86559e-15  4.06036e-17
      4622.29  2.94035e-15  3.73784e-17
      4625.04  2.82065e-15  3.97722e-17
      4627.79  2.75918e-15  4.09524e-17
      4630.53  2.82874e-15  2.89969e-17
      4633.28  2.76154e-15  3.75097e-17
      4636.03  2.74981e-15  3.59334e-17
      4638.77  2.79786e-15  3.08636e-17
      4641.52  2.70765e-15  3.85095e-17
      4644.26  2.86151e-15  2.85946e-17
      4647.01  2.71182e-15  3.36158e-17
      4649.76  2.71207e-15  3.38450e-17
      4652.50  2.68401e-15  3.50848e-17
      4655.25  2.75183e-15  3.25213e-17
      4658.00  2.63634e-15  3.82593e-17
      4660.74  2.72136e-15  3.04476e-17
      4663.49  2.65342e-15  3.83523e-17
      4666.23  2.98145e-15  4.48888e-17
      4668.98  2.67200e-15  3.47517e-17
      4671.73  2.66250e-15  3.31033e-17
      4674.47  2.64998e-15  3.45371e-17
      4677.22  2.61349e-15  3.46474e-17
      4679.96  2.61746e-15  2.92132e-17
      4682.71  2.59667e-15  3.46379e-17
      4685.45  2.47175e-15  3.35906e-17
      4688.20  2.47097e-15  2.97186e-17
      4690.95  2.53666e-15  2.94179e-17
      4693.69  2.40941e-15  2.83688e-17
      4696.44  2.27690e-15  3.24765e-17
      4699.18  2.21710e-15  3.18248e-17
      4701.93  2.20107e-15  3.19976e-17
      4704.67  2.17916e-15  2.35638e-17
      4707.42  2.12764e-15  2.51624e-17
      4710.17  1.91373e-15  3.27643e-17
      4712.91  2.01430e-15  2.75452e-17
      4715.66  1.94683e-15  2.55421e-17
      4718.40  1.85064e-15  3.16578e-17
      4721.15  1.80704e-15  3.16664e-17
      4723.89  1.85767e-15  2.88646e-17
      4726.64  1.86263e-15  2.38387e-17
      4729.39  1.85619e-15  2.68780e-17
      4732.13  1.82508e-15  2.83205e-17
      4734.88  1.87396e-15  2.83932e-17
      4737.62  1.87674e-15  2.34886e-17
      4740.37  1.91383e-15  2.39372e-17
      4743.11  1.90923e-15  2.40719e-17
      4745.86  1.83569e-15  2.89669e-17
      4748.60  1.84826e-15  2.51437e-17
      4751.35  1.87479e-15  2.85012e-17
      4754.09  1.86658e-15  3.25295e-17
      4756.84  1.86438e-15  2.95443e-17
      4759.58  1.93641e-15  2.76738e-17
      4762.33  1.96120e-15  2.59093e-17
      4765.08  1.98759e-15  2.63324e-17
      4767.82  1.94994e-15  2.49481e-17
      4770.57  1.98830e-15  2.40747e-17
      4773.31  1.97624e-15  2.40355e-17
      4776.06  1.93976e-15  2.98622e-17
      4778.80  1.97253e-15  3.22507e-17
      4781.55  1.90982e-15  2.84707e-17
      4784.29  1.83484e-15  2.79424e-17
      4787.04  1.78031e-15  2.44355e-17
      4789.78  1.69569e-15  2.60347e-17
      4792.53  1.67181e-15  2.61035e-17
      4795.27  1.61113e-15  2.71887e-17
      4798.02  1.57763e-15  2.65988e-17
      4800.76  1.58527e-15  2.71072e-17
      4803.51  1.57590e-15  2.31114e-17
      4806.25  1.58006e-15  2.19211e-17
      4809.00  1.60538e-15  2.42244e-17
      4811.74  1.53951e-15  2.27358e-17
      4814.49  1.49420e-15  2.27631e-17
      4817.23  1.52679e-15  2.23094e-17
      4819.98  1.56551e-15  2.16589e-17
      4822.72  1.46753e-15  2.68122e-17
      4825.47  1.51228e-15  2.08069e-17
      4828.21  1.49948e-15  1.99706e-17
      4830.96  1.50519e-15  2.10491e-17
      4833.70  1.45883e-15  2.11563e-17
      4836.45  1.47909e-15  2.17122e-17
      4839.19  1.54139e-15  1.98641e-17
      4841.93  1.48718e-15  2.20934e-17
      4844.68  1.54219e-15  2.12901e-17
      4847.42  1.52959e-15  2.01290e-17
      4850.17  1.53225e-15  1.99198e-17
      4852.91  1.46755e-15  2.47509e-17
      4855.66  1.49036e-15  2.58549e-17
      4858.40  1.45535e-15  2.74961e-17
      4861.15  1.63910e-15  2.27652e-17
      4863.89  1.60440e-15  2.23681e-17
      4866.64  1.61713e-15  2.58286e-17
      4869.38  1.64288e-15  2.24662e-17
      4872.12  1.57330e-15  2.56310e-17
      4874.87  1.52199e-15  2.59714e-17
      4877.61  1.56219e-15  2.23210e-17
      4880.36  1.60331e-15  2.21098e-17
      4883.10  1.54209e-15  2.62366e-17
      4885.85  1.56585e-15  2.46097e-17
      4888.59  1.59315e-15  2.02885e-17
      4891.33  1.61411e-15  2.06657e-17
      4894.08  1.52159e-15  2.60292e-17
      4896.82  1.52927e-15  2.54307e-17
      4899.57  1.49853e-15  2.43139e-17
      4902.31  1.57977e-15  2.50126e-17
      4905.06  1.45161e-15  2.53573e-17
      4907.80  1.59780e-15  2.03963e-17
      4910.54  1.40714e-15  2.68545e-17
      4913.29  1.45291e-15  2.70988e-17
      4916.03  1.40539e-15  2.79308e-17
      4918.78  1.50088e-15  2.56678e-17
      4921.52  1.45161e-15  2.43604e-17
      4924.26  1.46371e-15  2.45327e-17
      4927.01  1.42540e-15  2.49172e-17
      4929.75  1.47681e-15  2.06433e-17
      4932.50  1.47800e-15  1.95831e-17
      4935.24  1.38990e-15  2.01861e-17
      4937.98  1.35102e-15  1.99857e-17
      4940.73  1.39177e-15  3.06797e-17
      4943.47  1.40418e-15  1.85113e-17
      4946.21  1.37181e-15  1.89800e-17
      4948.96  1.29970e-15  2.65019e-17
      4951.70  1.37075e-15  1.94763e-17
      4954.44  1.34243e-15  2.17932e-17
      4957.19  1.41876e-15  1.82456e-17
      4959.93  1.42190e-15  1.97759e-17
      4962.68  1.39333e-15  2.12371e-17
      4965.42  1.41112e-15  2.05798e-17
      4968.16  1.48017e-15  2.08123e-17
      4970.91  1.44032e-15  1.87388e-17
      4973.65  1.42268e-15  2.19444e-17
      4976.39  1.45188e-15  2.33007e-17
      4979.14  1.37696e-15  2.42330e-17
      4981.88  1.46872e-15  2.50110e-17
      4984.62  1.37337e-15  2.43025e-17
      4987.37  1.47208e-15  2.01142e-17
      4990.11  1.45088e-15  2.08368e-17
      4992.85  1.47525e-15  2.40644e-17
      4995.60  1.49831e-15  2.03743e-17
      4998.34  1.53989e-15  1.96714e-17
      5001.08  1.52864e-15  1.97259e-17
      5003.83  1.50609e-15  2.44625e-17
      5006.57  1.47457e-15  2.41459e-17
      5009.31  1.44872e-15  2.42467e-17
      5012.06  1.56458e-15  1.97925e-17
      5014.80  1.54665e-15  1.98511e-17
      5017.54  1.60698e-15  1.96887e-17
      5020.29  1.61684e-15  2.03497e-17
      5023.03  1.59925e-15  2.00137e-17
      5025.77  1.48433e-15  2.47716e-17
      5028.51  1.59024e-15  2.51475e-17
      5031.26  1.53320e-15  2.54513e-17
      5034.00  1.55602e-15  2.20149e-17
      5036.74  1.48603e-15  2.85122e-17
      5039.49  1.52729e-15  2.53909e-17
      5042.23  1.52990e-15  2.37139e-17
      5044.97  1.50723e-15  2.36021e-17
      5047.71  1.55727e-15  2.26802e-17
      5050.46  1.50577e-15  2.50040e-17
      5053.20  1.51738e-15  2.16791e-17
      5055.94  1.57439e-15  2.28385e-17
      5058.68  1.61212e-15  2.09682e-17
      5061.43  1.61729e-15  2.06450e-17
      5064.17  1.57329e-15  2.43524e-17
      5066.91  1.63767e-15  2.33398e-17
      5069.65  1.61256e-15  2.61843e-17
      5072.40  1.54378e-15  2.78751e-17
      5075.14  1.60433e-15  2.78281e-17
      5077.88  1.63536e-15  2.26514e-17
      5080.62  1.58714e-15  2.53724e-17
      5083.37  1.60517e-15  2.61769e-17
      5086.11  1.61895e-15  2.59497e-17
      5088.85  1.61470e-15  2.99207e-17
      5091.59  1.67220e-15  2.50704e-17
      5094.34  1.63340e-15  2.55361e-17
      5097.08  1.61844e-15  2.22546e-17
      5099.82  1.61362e-15  2.87526e-17
      5102.56  1.74827e-15  2.34296e-17
      5105.31  1.83625e-15  2.55047e-17
      5108.05  1.74284e-15  2.61465e-17
      5110.79  1.80980e-15  2.56810e-17
      5113.53  1.78418e-15  2.70737e-17
      5116.27  1.79752e-15  2.56662e-17
      5119.02  1.90172e-15  2.36003e-17
      5121.76  1.85003e-15  2.71085e-17
      5124.50  1.85671e-15  2.68685e-17
      5127.24  1.84491e-15  2.58594e-17
      5129.98  1.97770e-15  2.79420e-17
      5132.73  2.02170e-15  2.45728e-17
      5135.47  2.02009e-15  2.70220e-17
      5138.21  1.99417e-15  2.80198e-17
      5140.95  2.03032e-15  2.81359e-17
      5143.69  2.05569e-15  2.73069e-17
      5146.43  2.03649e-15  3.16817e-17
      5149.18  2.12269e-15  2.87880e-17
      5151.92  2.08670e-15  3.23150e-17
      5154.66  2.17272e-15  3.46594e-17
      5157.40  2.17473e-15  2.92378e-17
      5160.14  2.33985e-15  3.04453e-17
      5162.88  2.31038e-15  3.27406e-17
      5165.63  2.28468e-15  2.88863e-17
      5168.37  2.21250e-15  2.89869e-17
      5171.11  2.31421e-15  2.60985e-17
      5173.85  2.24935e-15  2.84963e-17
      5176.59  2.30710e-15  2.53062e-17
      5179.33  2.27153e-15  2.96078e-17
      5182.07  2.32306e-15  3.36774e-17
      5184.81  2.24041e-15  3.03641e-17
      5187.56  2.18547e-15  3.33083e-17
      5190.30  2.29354e-15  2.98417e-17
      5193.04  2.31041e-15  2.99697e-17
      5195.78  2.27353e-15  3.47376e-17
      5198.52  2.28069e-15  3.25462e-17
      5201.26  2.25219e-15  3.32919e-17
      5204.00  2.32335e-15  2.99829e-17
      5206.74  2.24536e-15  3.38901e-17
      5209.49  2.29312e-15  2.96682e-17
      5212.23  2.27942e-15  3.35956e-17
      5214.97  2.29851e-15  2.99179e-17
      5217.71  2.26300e-15  3.39769e-17
      5220.45  2.32626e-15  2.61531e-17
      5223.19  2.30627e-15  2.86977e-17
      5225.93  2.25733e-15  3.02622e-17
      5228.67  2.22258e-15  3.21678e-17
      5231.41  2.29678e-15  2.99231e-17
      5234.15  2.26647e-15  2.99250e-17
      5236.89  2.24332e-15  3.33816e-17
      5239.63  2.25579e-15  3.26817e-17
      5242.38  2.26617e-15  2.95322e-17
      5245.12  2.16572e-15  3.25925e-17
      5247.86  2.15897e-15  3.35576e-17
      5250.60  2.26283e-15  2.94011e-17
      5253.34  2.16794e-15  3.38385e-17
      5256.08  2.14912e-15  2.99793e-17
      5258.82  2.23451e-15  3.05600e-17
      5261.56  2.21218e-15  2.91907e-17
      5264.30  2.18247e-15  3.00688e-17
      5267.04  2.20309e-15  2.90122e-17
      5269.78  2.13551e-15  2.75791e-17
      5272.52  2.07676e-15  3.20754e-17
      5275.26  2.07661e-15  3.24960e-17
      5278.00  2.00113e-15  2.98173e-17
      5280.74  2.04241e-15  2.81562e-17
      5283.48  1.99852e-15  2.78946e-17
      5286.22  1.97623e-15  2.69872e-17
      5288.96  1.96641e-15  2.76558e-17
      5291.70  1.97278e-15  3.19062e-17
      5294.44  1.88973e-15  3.25668e-17
      5297.18  1.88744e-15  2.54659e-17
      5299.92  1.85098e-15  2.68243e-17
      5302.66  1.81715e-15  2.67461e-17
      5305.40  1.84862e-15  2.41831e-17
      5308.14  1.84697e-15  2.19101e-17
      5310.88  1.84144e-15  2.27099e-17
      5313.62  1.76617e-15  2.50221e-17
      5316.36  1.69387e-15  2.59412e-17
      5319.10  1.61785e-15  2.79840e-17
      5321.84  1.61840e-15  2.41432e-17
      5324.58  1.59888e-15  2.50904e-17
      5327.32  1.56720e-15  2.49432e-17
      5330.06  1.57211e-15  2.78172e-17
      5332.80  1.61400e-15  2.13683e-17
      5335.54  1.56308e-15  2.54245e-17
      5338.28  1.54017e-15  2.54164e-17
      5341.02  1.53992e-15  2.36942e-17
      5343.75  1.53543e-15  2.04029e-17
      5346.49  1.49543e-15  2.38544e-17
      5349.23  1.52427e-15  2.86239e-17
      5351.97  1.59247e-15  2.02966e-17
      5354.71  1.62113e-15  2.19308e-17
      5357.45  1.62993e-15  1.92178e-17
      5360.19  1.58180e-15  2.09231e-17
      5362.93  1.57630e-15  2.39819e-17
      5365.67  1.64512e-15  2.00106e-17
      5368.41  1.54902e-15  2.46114e-17
      5371.15  1.60624e-15  1.99798e-17
      5373.89  1.63946e-15  1.90315e-17
      5376.62  1.64847e-15  1.98833e-17
      5379.36  1.67445e-15  2.08103e-17
      5382.10  1.62326e-15  2.17299e-17
      5384.84  1.64501e-15  2.18203e-17
      5387.58  1.61655e-15  2.83794e-17
      5390.32  1.62440e-15  2.43057e-17
      5393.06  1.64169e-15  2.54053e-17
      5395.80  1.76404e-15  2.23867e-17
      5398.54  1.79378e-15  2.31384e-17
      5401.27  1.69797e-15  2.12235e-17
      5404.01  1.77292e-15  1.98717e-17
      5406.75  1.76762e-15  1.99111e-17
      5409.49  1.73362e-15  2.08017e-17
      5412.23  1.64431e-15  2.53708e-17
      5414.97  1.68588e-15  2.35293e-17
      5417.71  1.60584e-15  2.55314e-17
      5420.44  1.68647e-15  3.07082e-17
      5423.18  1.72762e-15  2.08183e-17
      5425.92  1.65669e-15  2.45632e-17
      5428.66  1.70396e-15  2.22578e-17
      5431.40  1.62132e-15  2.45625e-17
      5434.14  1.64947e-15  2.51470e-17
      5436.87  1.68857e-15  2.21743e-17
      5439.61  1.71784e-15  2.05511e-17
      5442.35  1.63378e-15  2.19865e-17
      5445.09  1.71522e-15  2.37175e-17
      5447.83  1.70953e-15  1.97689e-17
      5450.56  1.73181e-15  1.92614e-17
      5453.30  1.64892e-15  2.18657e-17
      5456.04  1.63817e-15  2.32504e-17
      5458.78  1.63530e-15  2.04925e-17
      5461.52  1.63025e-15  2.04245e-17
      5464.25  1.61127e-15  2.64565e-17
      5466.99  1.66759e-15  2.92125e-17
      5469.73  1.69745e-15  2.30234e-17
      5472.47  1.58478e-15  2.53917e-17
      5475.20  1.49741e-15  2.81226e-17
      5477.94  1.49372e-15  2.28492e-17
      5480.68  1.49002e-15  8.63218e-17
      5483.42  1.48633e-15  2.30030e-17
      5486.15  1.48264e-15  1.97446e-17
      5488.89  1.47894e-15  2.40795e-17
      5491.63  1.51768e-15  1.88404e-17
      5494.37  1.52434e-15  2.01958e-17
      5497.10  1.47683e-15  2.27328e-17
      5499.84  1.40226e-15  2.23675e-17
      5502.58  1.41215e-15  2.29336e-17
      5505.32  1.38713e-15  2.29067e-17
      5508.05  1.37753e-15  2.27870e-17
      5510.79  1.37604e-15  2.15412e-17
      5513.53  1.48049e-15  1.84567e-17
      5516.26  1.45628e-15  1.91680e-17
      5519.00  1.48751e-15  1.87019e-17
      5521.74  1.49777e-15  2.13198e-17
      5524.48  1.41672e-15  2.43603e-17
      5527.21  1.37239e-15  2.23469e-17
      5529.95  1.45044e-15  2.19341e-17
      5532.69  1.46105e-15  2.18203e-17
      5535.42  1.48604e-15  1.95194e-17
      5538.16  1.44206e-15  2.19405e-17
      5540.90  1.54345e-15  1.85902e-17
      5543.63  1.53656e-15  2.07100e-17
      5546.37  1.47976e-15  2.44014e-17
      5549.11  1.46850e-15  2.23669e-17
      5551.84  1.62434e-15  3.99312e-17
      5554.58  1.56842e-15  2.10240e-17
      5557.32  1.58050e-15  2.37275e-17
      5560.05  1.65448e-15  2.30636e-17
      5562.79  1.70891e-15  2.07483e-17
      5565.52  1.76144e-15  2.06243e-17
      5568.26  1.77500e-15  2.17615e-17
      5571.00  1.65099e-15  2.47687e-17
      5573.73  1.73651e-15  2.51535e-17
      5576.47  1.82478e-15  2.14118e-17
      5579.21  1.71573e-15  3.04733e-17
      5581.94  1.78758e-15  2.59407e-17
      5584.68  1.87969e-15  2.50491e-17
      5587.41  1.89503e-15  2.33877e-17
      5590.15  1.88126e-15  2.65938e-17
      5592.89  1.88166e-15  2.59189e-17
      5595.62  1.91617e-15  3.00708e-17
      5598.36  1.92033e-15  2.62146e-17
      5601.09  2.03292e-15  2.56989e-17
      5603.83  1.95415e-15  2.69062e-17
      5606.57  2.01215e-15  2.39236e-17
      5609.30  2.04253e-15  2.53733e-17
      5612.04  2.03013e-15  2.55450e-17
      5614.77  1.93300e-15  2.84645e-17
      5617.51  2.07781e-15  2.62469e-17
      5620.24  2.18024e-15  2.21189e-17
      5622.98  2.13588e-15  2.66969e-17
      5625.71  2.02670e-15  2.77931e-17
      5628.45  2.11435e-15  2.65000e-17
      5631.19  2.10519e-15  2.70962e-17
      5633.92  2.13524e-15  2.99676e-17
      5636.66  2.10195e-15  2.70920e-17
      5639.39  2.11275e-15  2.43477e-17
      5642.13  2.20122e-15  2.34353e-17
      5644.86  2.09257e-15  2.89567e-17
      5647.60  2.19137e-15  2.67346e-17
      5650.33  2.15425e-15  2.88618e-17
      5653.07  2.21048e-15  2.65507e-17
      5655.80  2.10901e-15  3.26585e-17
      5658.54  2.18280e-15  2.84569e-17
      5661.27  2.07950e-15  2.83221e-17
      5664.01  2.27482e-15  2.26535e-17
      5666.74  2.15141e-15  2.56154e-17
      5669.48  2.14028e-15  2.67320e-17
      5672.21  2.08877e-15  2.91968e-17
      5674.95  2.14700e-15  2.80159e-17
      5677.68  2.12460e-15  3.28822e-17
      5680.42  2.18608e-15  2.26304e-17
      5683.15  2.15847e-15  2.89591e-17
      5685.88  2.37585e-15  3.00361e-17
      5688.62  2.12313e-15  2.85834e-17
      5691.35  2.20241e-15  2.72123e-17
      5694.09  2.17658e-15  2.81037e-17
      5696.82  3.11191e-15  1.61711e-16
