      2889.33 -3.67953e-15  5.21636e-15
      2892.07 -4.79808e-16  2.14919e-15
      2894.82 -3.10915e-15  1.76375e-15
      2897.56 -7.36037e-16  1.35865e-15
      2900.31 -9.17057e-16  1.20280e-15
      2903.05 -5.88232e-17  1.10067e-15
      2905.80 -2.78914e-16  8.62412e-16
      2908.54  2.25001e-17  8.40570e-16
      2911.29 -2.17183e-16  1.88045e-15
      2914.03  3.38071e-16  6.06202e-16
      2916.78 -3.11585e-16  5.58097e-16
      2919.52  1.41480e-15  4.83747e-16
      2922.26  1.02556e-15  4.39170e-16
      2925.01  3.00989e-16  4.89184e-16
      2927.75  6.02540e-15  5.37502e-16
      2930.50  1.54326e-15  3.40884e-16
      2933.24  1.53926e-16  6.23307e-16
      2935.99 -2.02316e-15  6.59653e-16
      2938.73  1.26457e-14  1.87825e-15
      2941.48  1.34689e-15  2.04616e-16
      2944.22  9.99639e-16  1.96280e-16
      2946.97  1.39114e-15  1.96325e-16
      2949.72  2.07654e-15  1.93242e-16
      2952.46  1.77085e-15  1.66221e-16
      2955.21  2.01218e-15  1.58492e-16
      2957.95  2.01388e-15  1.28531e-16
      2960.70  2.01558e-15  2.76051e-16
      2963.44  2.01728e-15  1.20758e-16
      2966.19  2.01898e-15  1.08969e-16
      2968.93  1.98945e-15  1.05871e-16
      2971.68  2.15087e-15  9.93737e-17
      2974.42  2.24857e-15  1.04611e-16
      2977.17  2.42692e-15  1.03353e-16
      2979.91  2.45517e-15  1.00290e-16
      2982.66  2.53624e-15  1.06828e-16
      2985.40  2.56140e-15  1.23519e-16
      2988.15  2.44641e-15  1.72329e-16
      2990.89  2.17188e-15  1.28136e-16
      2993.64  2.69502e-15  1.37813e-16
      2996.39  2.71400e-15  1.10292e-16
      2999.13  2.53574e-15  9.90814e-17
      3001.88  2.55394e-15  9.68843e-17
      3004.62  2.59690e-15  9.59785e-17
      3007.37  2.51148e-15  1.51835e-16
      3010.11  2.44594e-15  1.08646e-16
      3012.86  2.36891e-15  1.10502e-16
      3015.60  2.31490e-15  9.57002e-17
      3018.35  2.26090e-15  3.28351e-16
      3021.10  2.20689e-15  8.19273e-17
      3023.84  2.24735e-15  7.87343e-17
      3026.59  2.17729e-15  7.95043e-17
      3029.33  2.08162e-15  8.41803e-17
      3032.08  2.17480e-15  9.55628e-17
      3034.82  2.21811e-15  9.27356e-17
      3037.57  2.29723e-15  8.07464e-17
      3040.32  2.42229e-15  1.20936e-16
      3043.06  2.16634e-15  7.89152e-17
      3045.81  2.08973e-15  7.09659e-17
      3048.55  1.85338e-15  7.10846e-17
      3051.30  1.93712e-15  8.56276e-17
      3054.04  1.92970e-15  7.34525e-17
      3056.79  1.99797e-15  6.72775e-17
      3059.54  1.74751e-15  7.56803e-17
      3062.28  1.91597e-15  7.27845e-17
      3065.03  2.14709e-15  7.35801e-17
      3067.77  2.18898e-15  8.16678e-17
      3070.52  1.84017e-15  8.79444e-17
      3073.27  1.89050e-15  7.01545e-17
      3076.01  1.96684e-15  6.17041e-17
      3078.76  1.68159e-15  8.00243e-17
      3081.50  1.85469e-15  8.12805e-17
      3084.25  1.84826e-15  8.06202e-17
      3087.00  1.93391e-15  6.15103e-17
      3089.74  1.90344e-15  7.29421e-17
      3092.49  1.84457e-15  6.43520e-17
      3095.24  1.85518e-15  8.18272e-17
      3097.98  1.79581e-15  9.03239e-17
      3100.73  1.83023e-15  6.24082e-17
      3103.47  1.99628e-15  6.03746e-17
      3106.22  1.99620e-15  6.43593e-17
      3108.97  1.73133e-15  7.67499e-17
      3111.71  1.74251e-15  7.79646e-17
      3114.46  1.99737e-15  8.08893e-17
      3117.20  2.00397e-15  1.02743e-16
      3119.95  1.76074e-15  7.28394e-17
      3122.70  1.80568e-15  7.06356e-17
      3125.44  1.98242e-15  7.41763e-17
      3128.19  2.00111e-15  6.36755e-17
      3130.94  2.01841e-15  6.99443e-17
      3133.68  2.24696e-15  6.85981e-17
      3136.43  2.08481e-15  6.86258e-17
      3139.18  2.13672e-15  8.74061e-17
      3141.92  2.18864e-15  2.77220e-16
      3144.67  2.24055e-15  1.37421e-16
      3147.42  2.29247e-15  6.04622e-17
      3150.16  2.25823e-15  6.78305e-17
      3152.91  2.44091e-15  6.08130e-17
      3155.65  2.54910e-15  7.01157e-17
      3158.40  2.48366e-15  7.08388e-17
      3161.15  2.97555e-15  9.65010e-17
      3163.89  2.63159e-15  8.47689e-17
      3166.64  2.63144e-15  5.95611e-17
      3169.39  2.79046e-15  6.65294e-17
      3172.13  2.73587e-15  6.10565e-17
      3174.88  2.33505e-15  8.61954e-17
      3177.63  2.60570e-15  7.54512e-17
      3180.37  2.64712e-15  8.31866e-17
      3183.12  2.74610e-15  7.90856e-17
      3185.87  2.62895e-15  7.53908e-17
      3188.61  2.80665e-15  8.19651e-17
      3191.36  2.74015e-15  7.52192e-17
      3194.11  2.47350e-15  7.25757e-17
      3196.85  3.22682e-15  6.93495e-17
      3199.60  2.80704e-15  8.18968e-17
      3202.35  2.97383e-15  8.39361e-17
      3205.09  2.84171e-15  7.95632e-17
      3207.84  2.96094e-15  7.55572e-17
      3210.59  2.81340e-15  6.63633e-17
      3213.34  2.84836e-15  7.42265e-17
      3216.08  2.81285e-15  7.57411e-17
      3218.83  2.71918e-15  6.90989e-17
      3221.58  2.69291e-15  7.46496e-17
      3224.32  3.00244e-15  7.07424e-17
      3227.07  2.88363e-15  7.02928e-17
      3229.82  2.80795e-15  7.01142e-17
      3232.56  2.74547e-15  6.78504e-17
      3235.31  2.85428e-15  5.69268e-17
      3238.06  2.76796e-15  6.11939e-17
      3240.80  2.54776e-15  8.41271e-17
      3243.55  2.62600e-15  5.80861e-17
      3246.30  2.61071e-15  5.79752e-17
      3249.05  2.35839e-15  6.38885e-17
      3251.79  2.42391e-15  6.78715e-17
      3254.54  2.48765e-15  6.88484e-17
      3257.29  2.38936e-15  7.58793e-17
      3260.03  2.42479e-15  6.84474e-17
      3262.78  2.39306e-15  6.33878e-17
      3265.53  2.21515e-15  6.05712e-17
      3268.28  2.39061e-15  6.60070e-17
      3271.02  2.28893e-15  6.11856e-17
      3273.77  2.24105e-15  5.82256e-17
      3276.52  2.06801e-15  7.61659e-17
      3279.26  2.31132e-15  6.42092e-17
      3282.01  2.36142e-15  5.37246e-17
      3284.76  2.26397e-15  5.25125e-17
      3287.51  2.03028e-15  5.79363e-17
      3290.25  2.10787e-15  4.88161e-17
      3293.00  1.95309e-15  5.44749e-17
      3295.75  1.95541e-15  6.53092e-17
      3298.50  2.20995e-15  7.61471e-17
      3301.24  2.12182e-15  6.15753e-17
      3303.99  2.12375e-15  5.00379e-17
      3306.74  2.12824e-15  6.18431e-17
      3309.48  2.18037e-15  5.89419e-17
      3312.23  2.16627e-15  5.72868e-17
      3314.98  2.13748e-15  5.22755e-17
      3317.73  2.04142e-15  4.83117e-17
      3320.47  1.94714e-15  5.46098e-17
      3323.22  2.07810e-15  5.45952e-17
      3325.97  2.01473e-15  6.71686e-17
      3328.72  2.09963e-15  5.56678e-17
      3331.46  2.01516e-15  5.88859e-17
      3334.21  2.10525e-15  5.35887e-17
      3336.96  2.05476e-15  5.38282e-17
      3339.71  2.13377e-15  5.45783e-17
      3342.45  2.13483e-15  5.57422e-17
      3345.20  2.27232e-15  4.81786e-17
      3347.95  2.05230e-15  6.55896e-17
      3350.70  2.14109e-15  1.88041e-16
      3353.44  2.22988e-15  5.76768e-17
      3356.19  2.31866e-15  5.83939e-17
      3358.94  2.39721e-15  6.78054e-17
      3361.69  2.50739e-15  5.72670e-17
      3364.43  2.63712e-15  6.31432e-17
      3367.18  2.37597e-15  6.27718e-17
      3369.93  2.62640e-15  5.62251e-17
      3372.68  2.73626e-15  7.32057e-17
      3375.42  2.59710e-15  5.95868e-17
      3378.17  2.53557e-15  6.45865e-17
      3380.92  2.77948e-15  6.18037e-17
      3383.67  2.61117e-15  5.81109e-17
      3386.42  2.71834e-15  6.18206e-17
      3389.16  2.79098e-15  6.60864e-17
      3391.91  2.86361e-15  2.74270e-16
      3394.66  2.93625e-15  6.84267e-17
      3397.41  2.85012e-15  7.61756e-17
      3400.15  2.76303e-15  6.37148e-17
      3402.90  2.78176e-15  5.91981e-17
      3405.65  2.81917e-15  6.21258e-17
      3408.40  2.75558e-15  6.36307e-17
      3411.15  2.83511e-15  6.18480e-17
      3413.89  3.26241e-15  8.95692e-17
      3416.64  2.83926e-15  6.49427e-17
      3419.39  3.13852e-15  6.74235e-17
      3422.14  3.33008e-15  9.39748e-17
      3424.88  2.89752e-15  5.66396e-17
      3427.63  3.04894e-15  5.76441e-17
      3430.38  3.31840e-15  6.35769e-17
      3433.13  3.16912e-15  7.23068e-17
      3435.88  2.98246e-15  7.67552e-17
      3438.62  2.84085e-15  6.97467e-17
      3441.37  3.10766e-15  5.71297e-17
      3444.12  3.17313e-15  6.04718e-17
      3446.87  3.04713e-15  5.35372e-17
      3449.62  3.09251e-15  5.68402e-17
      3452.36  3.03873e-15  6.83201e-17
      3455.11  3.11845e-15  5.74217e-17
      3457.86  3.09176e-15  5.61115e-17
      3460.61  3.17585e-15  5.64454e-17
      3463.35  3.16339e-15  5.68509e-17
      3466.10  3.35233e-15  5.77096e-17
      3468.85  3.24999e-15  5.71794e-17
      3471.60  3.26961e-15  5.76665e-17
      3474.35  3.39382e-15  5.82226e-17
      3477.09  3.40983e-15  5.89764e-17
      3479.84  3.53449e-15  5.90925e-17
      3482.59  3.65366e-15  6.42728e-17
      3485.34  3.45949e-15  6.29289e-17
      3488.09  3.42595e-15  6.36511e-17
      3490.84  3.33141e-15  6.20928e-17
      3493.58  3.69917e-15  8.26061e-17
      3496.33  3.41079e-15  7.40717e-17
      3499.08  3.75247e-15  6.85370e-17
      3501.83  3.81576e-15  6.80086e-17
      3504.58  3.89095e-15  5.88562e-17
      3507.32  3.83516e-15  5.66879e-17
      3510.07  3.83452e-15  6.79964e-17
      3512.82  3.70799e-15  8.00812e-17
      3515.57  3.76229e-15  8.02679e-17
      3518.32  3.97785e-15  7.12403e-17
      3521.06  3.87731e-15  6.56961e-17
      3523.81  3.83657e-15  6.86342e-17
      3526.56  3.89215e-15  6.89309e-17
      3529.31  3.75543e-15  6.85399e-17
      3532.06  3.81136e-15  6.80872e-17
      3534.81  3.94418e-15  6.86072e-17
      3537.55  3.75772e-15  7.73205e-17
      3540.30  3.90846e-15  6.37071e-17
      3543.05  4.09203e-15  6.75400e-17
      3545.80  3.88068e-15  6.40267e-17
      3548.55  4.07884e-15  5.82463e-17
      3551.29  3.94367e-15  5.90914e-17
      3554.04  4.03945e-15  5.97353e-17
      3556.79  3.91116e-15  6.68919e-17
      3559.54  3.79028e-15  7.53136e-17
      3562.29  3.85384e-15  6.23336e-17
      3565.04  3.92688e-15  6.66296e-17
      3567.78  4.00988e-15  6.65648e-17
      3570.53  3.80260e-15  7.45982e-17
      3573.28  3.93007e-15  5.75980e-17
      3576.03  3.82729e-15  7.57532e-17
      3578.78  4.13298e-15  6.89303e-17
      3581.53  3.87699e-15  6.68018e-17
      3584.27  3.89515e-15  7.91989e-17
      3587.02  3.96721e-15  6.77163e-17
      3589.77  4.07223e-15  6.31237e-17
      3592.52  4.25460e-15  5.94611e-17
      3595.27  4.08169e-15  7.67068e-17
      3598.02  4.23713e-15  5.87810e-17
      3600.76  4.48544e-15  5.48951e-17
      3603.51  4.31306e-15  6.53692e-17
      3606.26  4.44345e-15  6.99174e-17
      3609.01  4.47916e-15  7.14206e-17
      3611.76  4.30083e-15  7.88983e-17
      3614.51  4.30672e-15  6.26557e-17
      3617.25  4.20872e-15  8.15832e-17
      3620.00  4.62444e-15  7.30114e-17
      3622.75  4.26037e-15  5.80083e-17
      3625.50  4.24887e-15  6.14824e-17
      3628.25  4.11669e-15  7.82785e-17
      3631.00  4.06762e-15  6.16074e-17
      3633.74  4.04949e-15  8.97688e-17
      3636.49  4.04069e-15  5.63285e-17
      3639.24  4.06925e-15  6.07814e-17
      3641.99  4.19674e-15  6.16375e-17
      3644.74  4.07200e-15  7.43847e-17
      3647.49  3.95714e-15  7.27236e-17
      3650.24  3.93320e-15  7.23167e-17
      3652.98  4.18827e-15  5.81896e-17
      3655.73  4.08249e-15  6.82696e-17
      3658.48  4.03539e-15  7.39514e-17
      3661.23  4.12978e-15  5.76162e-17
      3663.98  4.04380e-15  6.04877e-17
      3666.73  4.21747e-15  6.36094e-17
      3669.47  4.09039e-15  6.05964e-17
      3672.22  4.08794e-15  6.75246e-17
      3674.97  3.91708e-15  9.48902e-17
      3677.72  3.93074e-15  7.00447e-17
      3680.47  3.71630e-15  6.91938e-17
      3683.22  3.78415e-15  5.82680e-17
      3685.97  3.53200e-15  5.94916e-17
      3688.71  3.55938e-15  6.70624e-17
      3691.46  3.90276e-15  5.40711e-17
      3694.21  3.63814e-15  5.34963e-17
      3696.96  3.55600e-15  6.74606e-17
      3699.71  3.47387e-15  6.18090e-17
      3702.46  3.39174e-15  2.86141e-16
      3705.21  3.30961e-15  5.60927e-17
      3707.95  3.22747e-15  5.37242e-17
      3710.70  2.94002e-15  4.99639e-17
      3713.45  2.83460e-15  4.48711e-17
      3716.20  2.70845e-15  4.43771e-17
      3718.95  2.65551e-15  4.35715e-17
      3721.70  2.54249e-15  4.73808e-17
      3724.44  2.45882e-15  5.49177e-17
      3727.19  2.57585e-15  5.16290e-17
      3729.94  2.34133e-15  4.86947e-17
      3732.69  2.30133e-15  4.16339e-17
      3735.44  2.03490e-15  5.34349e-17
      3738.19  2.22079e-15  3.88380e-17
      3740.94  2.16904e-15  4.37049e-17
      3743.68  2.18210e-15  3.64489e-17
      3746.43  2.05860e-15  3.56556e-17
      3749.18  1.86348e-15  4.56604e-17
      3751.93  1.84894e-15  4.73254e-17
      3754.68  1.92019e-15  4.56078e-17
      3757.43  1.88341e-15  5.18618e-17
      3760.18  1.93851e-15  3.52393e-17
      3762.93  1.75156e-15  5.37840e-17
      3765.67  1.83888e-15  4.28373e-17
      3768.42  1.85657e-15  3.85090e-17
      3771.17  1.98463e-15  3.63194e-17
      3773.92  1.96497e-15  3.55230e-17
      3776.67  1.91522e-15  4.64761e-17
      3779.42  2.10960e-15  3.65680e-17
      3782.17  2.20903e-15  4.32916e-17
      3784.91  2.04156e-15  4.76953e-17
      3787.66  1.98183e-15  4.85832e-17
      3790.41  2.00922e-15  5.04369e-17
      3793.16  2.20249e-15  4.04805e-17
      3795.91  2.15399e-15  3.94691e-17
      3798.66  2.19058e-15  3.26863e-17
      3801.41  2.03767e-15  4.54396e-17
      3804.15  2.24676e-15  3.91300e-17
      3806.90  2.05602e-15  4.53052e-17
      3809.65  2.12721e-15  4.35220e-17
      3812.40  2.23509e-15  3.49721e-17
      3815.15  2.13624e-15  3.76695e-17
      3817.90  2.21328e-15  3.55779e-17
      3820.65  2.10145e-15  3.77448e-17
      3823.39  2.14091e-15  3.67299e-17
      3826.14  2.00283e-15  4.40442e-17
      3828.89  1.93013e-15  4.32865e-17
      3831.64  1.97821e-15  4.39568e-17
      3834.39  2.13015e-15  3.44498e-17
      3837.14  2.09316e-15  3.56839e-17
      3839.89  2.04865e-15  3.42102e-17
      3842.64  2.12591e-15  4.08472e-17
      3845.38  2.13455e-15  3.70855e-17
      3848.13  2.05420e-15  4.14084e-17
      3850.88  2.08432e-15  4.33201e-17
      3853.63  2.44404e-15  5.70592e-17
      3856.38  2.12673e-15  4.30402e-17
      3859.13  2.07636e-15  4.62548e-17
      3861.88  2.26337e-15  4.21751e-17
      3864.62  2.32458e-15  4.18547e-17
      3867.37  2.25906e-15  4.44416e-17
      3870.12  2.31810e-15  4.29424e-17
      3872.87  2.44712e-15  6.20071e-17
      3875.62  2.42848e-15  4.49115e-17
      3878.37  2.51962e-15  4.59332e-17
      3881.12  2.58163e-15  4.24787e-17
      3883.86  2.68957e-15  4.91094e-17
      3886.61  2.72383e-15  5.18411e-17
      3889.36  2.75339e-15  5.08502e-17
      3892.11  2.90597e-15  5.19568e-17
      3894.86  3.13374e-15  5.34570e-17
      3897.61  3.26988e-15  5.47283e-17
      3900.36  3.31959e-15  5.56808e-17
      3903.10  3.46534e-15  5.57312e-17
      3905.85  3.80357e-15  5.92188e-17
      3908.60  3.93281e-15  5.52181e-17
      3911.35  3.79060e-15  5.45161e-17
      3914.10  3.97364e-15  5.50600e-17
      3916.85  3.92482e-15  5.93184e-17
      3919.60  4.04482e-15  6.07033e-17
      3922.35  4.32697e-15  5.69255e-17
      3925.09  4.36501e-15  5.70876e-17
      3927.84  4.46324e-15  5.71456e-17
      3930.59  4.51319e-15  6.23151e-17
      3933.34  4.51487e-15  6.18016e-17
      3936.09  4.45631e-15  6.13202e-17
      3938.84  4.52687e-15  5.72941e-17
      3941.59  4.72538e-15  5.80459e-17
      3944.33  4.85959e-15  5.92701e-17
      3947.08  4.72185e-15  5.76157e-17
      3949.83  4.72047e-15  5.85497e-17
      3952.58  4.85899e-15  6.36765e-17
      3955.33  4.91839e-15  5.55365e-17
      3958.08  4.78609e-15  5.81320e-17
      3960.83  4.79765e-15  5.83045e-17
      3963.57  4.78821e-15  6.16579e-17
      3966.32  4.73780e-15  5.62105e-17
      3969.07  4.67122e-15  6.20055e-17
      3971.82  4.75395e-15  6.25040e-17
      3974.57  4.87176e-15  6.17514e-17
      3977.32  4.71090e-15  6.64912e-17
      3980.07  5.13834e-15  7.04635e-17
      3982.81  4.95864e-15  5.73978e-17
      3985.56  5.17598e-15  7.22067e-17
      3988.31  5.00224e-15  5.72054e-17
      3991.06  4.87045e-15  5.62142e-17
      3993.81  4.95173e-15  5.89953e-17
      3996.56  5.02017e-15  5.68361e-17
      3999.31  4.87858e-15  5.91733e-17
      4002.05  4.78032e-15  6.22076e-17
      4004.80  4.65794e-15  5.49430e-17
      4007.55  4.42436e-15  5.39981e-17
      4010.30  4.67469e-15  5.42797e-17
      4013.05  4.82378e-15  6.22051e-17
      4015.80  4.92833e-15  5.56251e-17
      4018.55  4.70751e-15  5.99709e-17
      4021.29  4.76886e-15  5.44866e-17
      4024.04  4.68663e-15  5.37932e-17
      4026.79  4.67116e-15  5.37205e-17
      4029.54  4.42907e-15  7.01900e-17
      4032.29  4.47804e-15  5.73413e-17
      4035.04  4.46166e-15  5.19287e-17
      4037.79  4.36449e-15  5.76442e-17
      4040.53  4.20110e-15  5.84846e-17
      4043.28  4.31888e-15  5.75791e-17
      4046.03  4.38879e-15  5.86575e-17
      4048.78  4.52394e-15  5.73144e-17
      4051.53  4.58898e-15  6.18859e-17
      4054.28  4.65403e-15  5.50650e-17
      4057.02  4.71906e-15  5.32654e-17
      4059.77  4.78333e-15  5.19762e-17
      4062.52  4.65662e-15  5.44134e-17
      4065.27  4.88640e-15  5.44716e-17
      4068.02  4.77532e-15  5.81698e-17
      4070.77  4.85618e-15  5.34709e-17
      4073.52  4.82244e-15  5.94659e-17
      4076.26  4.93121e-15  5.46575e-17
      4079.01  5.00482e-15  5.95055e-17
      4081.76  4.99642e-15  5.39629e-17
      4084.51  5.11119e-15  5.44757e-17
      4087.26  5.46677e-15  6.18374e-17
      4090.01  5.23366e-15  6.06600e-17
      4092.75  5.27767e-15  6.06215e-17
      4095.50  5.41546e-15  5.79758e-17
      4098.25  5.40610e-15  5.86743e-17
      4101.00  5.48620e-15  5.75216e-17
      4103.75  5.37326e-15  6.23822e-17
      4106.50  5.32841e-15  5.48963e-17
      4109.24  5.23706e-15  6.16088e-17
      4111.99  5.45215e-15  5.57237e-17
      4114.74  5.40457e-15  5.53145e-17
      4117.49  5.55205e-15  5.41792e-17
      4120.24  5.39003e-15  6.00012e-17
      4122.99  5.54250e-15  5.63922e-17
      4125.73  5.35620e-15  6.14580e-17
      4128.48  5.25789e-15  5.39706e-17
      4131.23  5.37366e-15  5.23917e-17
      4133.98  5.27071e-15  5.37300e-17
      4136.73  5.30423e-15  5.48474e-17
      4139.48  5.38632e-15  5.60258e-17
      4142.22  5.31828e-15  5.16078e-17
      4144.97  5.22672e-15  6.10585e-17
      4147.72  5.28798e-15  5.30737e-17
      4150.47  4.97193e-15  5.50288e-17
      4153.22  5.14851e-15  5.22404e-17
      4155.97  5.15444e-15  5.09080e-17
      4158.71  5.11843e-15  5.09390e-17
      4161.46  5.10142e-15  5.36657e-17
      4164.21  5.05127e-15  5.18448e-17
      4166.96  4.83920e-15  5.19725e-17
      4169.71  4.77863e-15  5.65661e-17
      4172.46  4.72233e-15  5.02455e-17
      4175.20  4.84146e-15  4.91342e-17
      4177.95  4.89730e-15  4.96241e-17
      4180.70  4.65823e-15  5.42619e-17
      4183.45  4.81085e-15  5.07214e-17
      4186.20  4.74917e-15  4.98364e-17
      4188.94  4.62293e-15  4.74886e-17
      4191.69  4.53614e-15  4.73379e-17
      4194.44  4.63709e-15  4.75444e-17
      4197.19  4.60088e-15  4.95424e-17
      4199.94  4.45548e-15  4.95522e-17
      4202.69  4.58570e-15  4.75670e-17
      4205.43  4.42431e-15  5.38506e-17
      4208.18  4.49054e-15  4.70216e-17
      4210.93  4.50555e-15  5.43029e-17
      4213.68  4.92900e-15  5.48356e-17
      4216.43  4.61709e-15  4.71276e-17
      4219.17  4.50617e-15  5.46092e-17
      4221.92  4.66462e-15  4.86582e-17
      4224.67  4.62662e-15  4.63921e-17
      4227.42  4.72347e-15  4.84673e-17
      4230.17  4.65233e-15  4.66627e-17
      4232.91  4.62016e-15  4.82194e-17
      4235.66  4.45548e-15  4.91661e-17
      4238.41  4.54125e-15  4.42346e-17
      4241.16  4.45159e-15  4.77868e-17
      4243.91  4.21568e-15  4.57670e-17
      4246.65  4.40972e-15  4.83553e-17
      4249.40  4.23794e-15  4.60466e-17
      4252.15  4.20935e-15  4.55769e-17
      4254.90  4.23965e-15  4.47764e-17
      4257.65  4.13053e-15  4.33134e-17
      4260.39  4.19017e-15  4.39187e-17
      4263.14  4.07549e-15  4.34702e-17
      4265.89  4.07341e-15  4.90994e-17
      4268.64  3.98586e-15  4.04709e-17
      4271.39  3.87988e-15  4.37896e-17
      4274.13  3.84128e-15  4.21916e-17
      4276.88  3.75015e-15  4.05965e-17
      4279.63  3.61061e-15  4.02509e-17
      4282.38  3.64100e-15  4.06344e-17
      4285.13  3.66001e-15  4.28366e-17
      4287.87  3.60453e-15  3.83534e-17
      4290.62  3.58238e-15  4.01447e-17
      4293.37  3.36622e-15  3.91306e-17
      4296.12  3.43639e-15  3.81131e-17
      4298.86  3.38671e-15  3.66250e-17
      4301.61  3.27598e-15  3.67932e-17
      4304.36  3.17475e-15  3.69985e-17
      4307.11  3.16667e-15  3.58399e-17
      4309.86  3.14033e-15  3.56847e-17
      4312.60  3.07044e-15  3.69273e-17
      4315.35  3.03179e-15  3.97552e-17
      4318.10  2.93094e-15  3.78669e-17
      4320.85  2.97839e-15  5.55112e-17
      4323.59  2.88750e-15  3.42194e-17
      4326.34  2.79259e-15  3.56173e-17
      4329.09  2.79690e-15  3.47085e-17
      4331.84  2.74178e-15  3.48101e-17
      4334.59  2.66761e-15  3.39222e-17
      4337.33  2.64567e-15  3.28431e-17
      4340.08  2.69864e-15  3.91128e-17
      4342.83  2.62436e-15  3.47850e-17
      4345.58  2.57980e-15  3.31148e-17
      4348.32  2.55617e-15  3.18818e-17
      4351.07  2.43239e-15  3.37999e-17
      4353.82  2.55281e-15  3.17041e-17
      4356.57  2.58200e-15  3.12408e-17
      4359.31  2.52726e-15  3.17971e-17
      4362.06  2.59098e-15  3.15563e-17
      4364.81  2.66674e-15  3.28931e-17
      4367.56  2.57427e-15  3.14859e-17
      4370.30  2.68435e-15  3.23126e-17
      4373.05  2.69497e-15  3.24578e-17
      4375.80  2.74590e-15  3.33221e-17
      4378.55  2.78776e-15  3.27867e-17
      4381.29  2.78593e-15  3.29533e-17
      4384.04  2.81990e-15  3.78289e-17
      4386.79  2.86673e-15  3.25272e-17
      4389.54  2.97692e-15  3.48806e-17
      4392.28  2.90563e-15  3.61635e-17
      4395.03  2.95905e-15  3.81753e-17
      4397.78  3.05678e-15  3.52627e-17
      4400.53  3.03774e-15  3.51859e-17
      4403.27  3.03219e-15  3.71769e-17
      4406.02  3.07032e-15  3.39474e-17
      4408.77  3.17039e-15  3.87133e-17
      4411.52  3.18465e-15  3.65013e-17
      4414.26  3.17210e-15  3.37328e-17
      4417.01  3.13291e-15  3.73002e-17
      4419.76  3.14591e-15  3.59859e-17
      4422.51  3.23718e-15  3.60785e-17
      4425.25  3.29210e-15  3.69042e-17
      4428.00  3.30766e-15  3.75725e-17
      4430.75  3.28947e-15  3.61876e-17
      4433.49  3.35762e-15  4.30855e-17
      4436.24  3.33419e-15  3.90462e-17
      4438.99  3.42957e-15  3.66191e-17
      4441.74  3.46254e-15  3.70912e-17
      4444.48  3.42105e-15  3.84372e-17
      4447.23  3.59435e-15  4.62942e-17
      4449.98  3.57966e-15  4.51815e-17
      4452.72  3.63740e-15  3.85070e-17
      4455.47  3.50749e-15  3.78751e-17
      4458.22  3.56324e-15  3.69410e-17
      4460.97  3.67550e-15  4.01746e-17
      4463.71  3.66618e-15  3.62033e-17
      4466.46  3.62453e-15  3.52218e-17
      4469.21  3.59324e-15  3.73128e-17
      4471.95  3.55250e-15  3.96118e-17
      4474.70  3.47178e-15  4.21650e-17
      4477.45  3.54963e-15  3.55176e-17
      4480.20  3.59843e-15  3.81374e-17
      4482.94  3.60324e-15  3.65415e-17
      4485.69  3.65700e-15  3.55525e-17
      4488.44  3.62632e-15  3.74675e-17
      4491.18  3.62790e-15  3.72581e-17
      4493.93  3.62259e-15  3.76528e-17
      4496.68  3.64155e-15  3.72165e-17
      4499.42  3.66784e-15  3.89041e-17
      4502.17  3.67995e-15  3.76318e-17
      4504.92  3.76170e-15  4.41329e-17
      4507.66  3.81072e-15  3.88594e-17
      4510.41  3.73793e-15  3.51820e-17
      4513.16  3.76927e-15  3.61282e-17
      4515.91  3.70734e-15  3.94362e-17
      4518.65  3.87744e-15  3.94531e-17
      4521.40  3.79466e-15  4.00390e-17
      4524.15  3.87865e-15  3.78050e-17
      4526.89  3.96690e-15  4.06386e-17
      4529.64  3.95486e-15  4.07857e-17
      4532.39  4.05674e-15  4.07182e-17
      4535.13  3.98965e-15  4.00714e-17
      4537.88  3.95460e-15  3.85940e-17
      4540.63  4.05987e-15  4.54280e-17
      4543.37  4.19953e-15  3.83089e-17
      4546.12  4.12467e-15  3.95064e-17
      4548.87  4.11147e-15  3.89980e-17
      4551.61  4.12070e-15  4.05882e-17
      4554.36  4.10992e-15  4.09545e-17
      4557.11  4.07973e-15  4.08885e-17
      4559.85  4.16853e-15  3.66522e-17
      4562.60  4.07483e-15  3.99789e-17
      4565.35  4.20779e-15  3.92212e-17
      4568.09  4.12007e-15  3.86879e-17
      4570.84  4.12519e-15  4.49184e-17
      4573.58  4.01552e-15  4.50887e-17
      4576.33  3.97866e-15  4.75461e-17
      4579.08  4.24911e-15  4.09779e-17
      4581.82  4.06689e-15  3.93523e-17
      4584.57  4.00073e-15  4.08580e-17
      4587.32  3.79259e-15  4.54106e-17
      4590.06  4.01273e-15  3.74380e-17
      4592.81  3.86395e-15  4.56894e-17
      4595.56  4.00505e-15  4.02446e-17
      4598.30  3.91334e-15  4.09678e-17
      4601.05  3.90913e-15  3.92932e-17
      4603.79  3.81677e-15  3.78399e-17
      4606.54  3.92993e-15  3.55072e-17
      4609.29  3.97308e-15  3.56240e-17
      4612.03  3.91149e-15  3.78426e-17
      4614.78  3.75225e-15  4.53912e-17
      4617.53  3.86793e-15  4.06073e-17
      4620.27  3.82597e-15  4.61743e-17
      4623.02  3.84111e-15  4.34719e-17
      4625.76  3.84791e-15  4.54566e-17
      4628.51  3.92856e-15  4.47875e-17
      4631.26  3.91115e-15  3.74825e-17
      4634.00  3.93897e-15  3.93604e-17
      4636.75  3.92203e-15  4.45366e-17
      4639.49  3.98945e-15  3.90309e-17
      4642.24  3.80312e-15  3.87552e-17
      4644.99  3.92726e-15  3.74055e-17
      4647.73  3.92787e-15  3.75135e-17
      4650.48  3.95252e-15  4.56579e-17
      4653.23  4.01907e-15  3.69344e-17
      4655.97  3.84229e-15  4.74230e-17
      4658.72  3.96359e-15  4.59566e-17
      4661.46  3.86905e-15  4.70199e-17
      4664.21  4.00604e-15  3.87764e-17
      4666.95  4.13763e-15  6.13711e-17
      4669.70  4.07419e-15  3.60538e-17
      4672.45  4.11404e-15  3.62959e-17
      4675.19  4.03314e-15  3.84022e-17
      4677.94  3.98296e-15  3.55695e-17
      4680.68  3.88020e-15  3.82101e-17
      4683.43  3.93416e-15  3.85365e-17
      4686.17  3.85645e-15  3.94916e-17
      4688.92  3.82516e-15  3.66049e-17
      4691.67  3.64918e-15  4.60488e-17
      4694.41  3.64968e-15  4.03637e-17
      4697.16  3.73012e-15  3.58950e-17
      4699.90  3.53077e-15  4.52652e-17
      4702.65  3.64220e-15  3.69956e-17
      4705.39  3.62450e-15  4.20860e-17
      4708.14  3.66803e-15  3.62771e-17
      4710.89  3.57805e-15  3.65186e-17
      4713.63  3.55346e-15  4.49234e-17
      4716.38  3.53049e-15  3.92224e-17
      4719.12  3.55501e-15  3.68596e-17
      4721.87  3.54519e-15  4.57706e-17
      4724.61  3.59835e-15  3.42622e-17
      4727.36  3.33336e-15  4.25938e-17
      4730.10  3.56449e-15  3.41925e-17
      4732.85  3.44717e-15  4.04399e-17
      4735.60  3.28017e-15  4.25360e-17
      4738.34  3.35685e-15  3.46985e-17
      4741.09  3.34419e-15  4.05170e-17
      4743.83  3.33399e-15  3.25304e-17
      4746.58  3.30476e-15  3.24722e-17
      4749.32  3.35694e-15  3.26032e-17
      4752.07  3.46245e-15  3.70260e-17
      4754.81  3.09102e-15  3.93221e-17
      4757.56  3.17062e-15  3.47602e-17
      4760.30  2.93990e-15  4.17799e-17
      4763.05  3.01853e-15  4.12232e-17
      4765.79  2.96859e-15  4.06102e-17
      4768.54  2.90808e-15  3.40343e-17
      4771.28  3.16629e-15  3.16360e-17
      4774.03  2.99755e-15  4.09243e-17
      4776.77  3.25879e-15  3.12942e-17
      4779.52  3.27996e-15  3.87953e-17
      4782.26  3.19431e-15  3.20851e-17
      4785.01  2.92810e-15  3.79716e-17
      4787.75  2.81302e-15  3.90848e-17
      4790.50  2.88230e-15  3.23802e-17
      4793.24  2.84853e-15  3.91463e-17
      4795.99  2.88223e-15  3.83867e-17
      4798.73  2.74007e-15  3.72709e-17
      4801.48  3.01742e-15  2.80157e-17
      4804.22  3.05187e-15  2.69872e-17
      4806.97  2.59847e-15  3.80812e-17
      4809.71  2.82342e-15  3.32691e-17
      4812.46  2.67300e-15  3.78329e-17
      4815.20  2.71474e-15  3.77958e-17
      4817.95  2.70724e-15  4.22178e-17
      4820.69  2.73577e-15  3.99409e-17
      4823.44  2.77168e-15  3.81383e-17
      4826.18  2.70056e-15  3.73578e-17
      4828.93  2.79001e-15  3.69709e-17
      4831.67  2.80848e-15  3.16869e-17
      4834.41  2.84339e-15  2.96576e-17
      4837.16  2.76005e-15  3.68522e-17
      4839.90  2.65170e-15  3.75607e-17
      4842.65  2.72734e-15  3.97827e-17
      4845.39  2.72969e-15  3.61941e-17
      4848.14  2.66076e-15  3.57889e-17
      4850.88  2.66385e-15  3.85159e-17
      4853.63  2.74984e-15  3.56486e-17
      4856.37  2.66090e-15  3.62986e-17
      4859.12  2.66865e-15  3.63469e-17
      4861.86  2.64711e-15  3.63375e-17
      4864.60  2.70041e-15  3.21090e-17
      4867.35  2.57937e-15  3.56231e-17
      4870.09  2.48182e-15  3.61626e-17
      4872.84  2.57055e-15  3.06000e-17
      4875.58  2.52662e-15  3.47704e-17
      4878.33  2.54653e-15  2.94173e-17
      4881.07  2.50714e-15  2.82401e-17
      4883.81  2.41691e-15  3.40193e-17
      4886.56  2.40446e-15  2.78214e-17
      4889.30  2.51321e-15  2.67631e-17
      4892.05  2.55162e-15  3.04130e-17
      4894.79  2.45525e-15  2.47540e-17
      4897.53  2.30314e-15  3.33401e-17
      4900.28  2.23304e-15  3.28464e-17
      4903.02  2.14963e-15  3.70239e-17
      4905.77  2.22556e-15  3.26430e-17
      4908.51  2.21771e-15  3.24847e-17
      4911.25  2.37335e-15  2.62873e-17
      4914.00  2.26943e-15  3.31336e-17
      4916.74  2.19979e-15  3.26177e-17
      4919.49  2.20033e-15  3.23212e-17
      4922.23  2.22080e-15  3.24421e-17
      4924.97  2.23097e-15  3.52808e-17
      4927.72  2.28679e-15  3.17577e-17
      4930.46  2.30206e-15  3.05991e-17
      4933.21  2.32894e-15  3.48121e-17
      4935.95  2.39874e-15  2.69824e-17
      4938.69  2.37559e-15  3.14334e-17
      4941.44  2.35822e-15  3.82646e-17
      4944.18  2.37026e-15  3.63769e-17
      4946.92  2.39967e-15  3.12605e-17
      4949.67  2.38296e-15  3.38356e-17
      4952.41  2.43596e-15  3.42017e-17
      4955.15  2.43658e-15  2.83159e-17
      4957.90  2.39250e-15  3.44283e-17
      4960.64  2.41175e-15  3.43266e-17
      4963.38  2.44006e-15  3.05872e-17
      4966.13  2.40293e-15  3.02083e-17
      4968.87  2.51037e-15  3.73909e-17
      4971.61  2.36764e-15  2.66492e-17
      4974.36  2.33863e-15  3.29641e-17
      4977.10  2.36511e-15  2.80050e-17
      4979.84  2.18460e-15  3.17440e-17
      4982.59  2.15798e-15  3.21680e-17
      4985.33  2.22053e-15  2.59385e-17
      4988.07  2.28850e-15  2.59576e-17
      4990.82  2.14171e-15  3.24114e-17
      4993.56  2.22217e-15  2.86615e-17
      4996.30  2.10912e-15  3.13159e-17
      4999.05  2.12771e-15  2.77594e-17
      5001.79  1.95587e-15  3.20197e-17
      5004.53  2.10165e-15  2.72810e-17
      5007.28  2.02594e-15  3.16848e-17
      5010.02  2.07697e-15  2.75395e-17
      5012.76  1.91364e-15  3.18244e-17
      5015.51  1.95423e-15  3.22305e-17
      5018.25  2.04283e-15  2.70410e-17
      5020.99  1.98782e-15  2.46306e-17
      5023.73  2.03185e-15  2.54199e-17
      5026.48  1.94615e-15  2.55445e-17
      5029.22  1.89611e-15  2.41430e-17
      5031.96  1.93126e-15  2.66940e-17
      5034.71  1.92936e-15  2.61708e-17
      5037.45  1.88914e-15  2.91684e-17
      5040.19  1.87641e-15  2.95198e-17
      5042.93  1.89338e-15  2.30603e-17
      5045.68  1.89206e-15  2.35512e-17
      5048.42  1.91936e-15  2.58998e-17
      5051.16  1.88292e-15  2.52168e-17
      5053.90  1.89485e-15  2.94637e-17
      5056.65  1.91273e-15  2.64361e-17
      5059.39  1.97534e-15  2.41413e-17
      5062.13  2.08535e-15  2.82925e-17
      5064.87  1.82598e-15  3.07487e-17
      5067.62  2.00506e-15  3.41180e-17
      5070.36  1.96487e-15  2.78074e-17
      5073.10  1.91261e-15  3.01125e-17
      5075.84  1.98429e-15  2.75830e-17
      5078.59  2.02969e-15  2.51408e-17
      5081.33  1.95697e-15  3.04212e-17
      5084.07  2.01430e-15  3.13771e-17
      5086.81  2.02500e-15  3.11365e-17
      5089.56  2.04352e-15  3.40606e-17
      5092.30  2.17910e-15  2.95685e-17
      5095.04  2.22462e-15  3.12220e-17
      5097.78  2.17219e-15  3.19576e-17
      5100.52  2.16886e-15  3.34400e-17
      5103.27  2.22736e-15  3.45034e-17
      5106.01  2.43092e-15  4.29685e-17
      5108.75  2.13881e-15  3.38147e-17
      5111.49  2.26752e-15  3.15503e-17
      5114.23  2.24947e-15  3.18675e-17
      5116.98  2.36944e-15  2.79251e-17
      5119.72  2.34756e-15  3.34551e-17
      5122.46  2.44637e-15  2.85079e-17
      5125.20  2.42914e-15  3.09086e-17
      5127.94  2.42790e-15  3.19940e-17
      5130.68  2.47061e-15  3.29679e-17
      5133.43  2.48710e-15  3.30337e-17
      5136.17  2.59512e-15  3.40561e-17
      5138.91  2.56667e-15  3.40691e-17
      5141.65  2.61022e-15  3.43045e-17
      5144.39  2.60720e-15  3.61867e-17
      5147.13  2.70171e-15  3.70113e-17
      5149.88  2.76846e-15  3.62784e-17
      5152.62  2.71140e-15  3.55553e-17
      5155.36  2.79463e-15  3.59108e-17
      5158.10  2.82055e-15  3.55958e-17
      5160.84  2.81319e-15  3.75605e-17
      5163.58  2.82146e-15  3.46911e-17
      5166.33  2.92878e-15  4.27390e-17
      5169.07  2.92476e-15  3.56620e-17
      5171.81  2.95565e-15  3.61422e-17
      5174.55  2.91403e-15  3.54655e-17
      5177.29  2.86811e-15  3.69886e-17
      5180.03  2.95529e-15  3.57728e-17
      5182.77  3.09271e-15  4.70566e-17
      5185.51  2.99164e-15  3.56037e-17
      5188.26  2.95353e-15  3.59165e-17
      5191.00  3.01329e-15  3.61171e-17
      5193.74  2.94233e-15  3.49655e-17
      5196.48  2.89400e-15  3.73099e-17
      5199.22  2.90657e-15  3.75302e-17
      5201.96  3.08588e-15  3.10255e-17
      5204.70  2.95458e-15  3.78002e-17
      5207.44  3.04613e-15  4.03253e-17
      5210.18  2.98010e-15  3.20998e-17
      5212.92  3.00984e-15  3.67857e-17
      5215.67  2.95524e-15  3.67399e-17
      5218.41  2.90331e-15  3.73816e-17
      5221.15  2.82161e-15  3.71002e-17
      5223.89  2.83798e-15  3.49305e-17
      5226.63  2.92755e-15  3.60702e-17
      5229.37  3.01099e-15  2.81201e-17
      5232.11  2.84009e-15  3.59891e-17
      5234.85  2.92725e-15  3.60868e-17
      5237.59  2.90044e-15  3.56589e-17
      5240.33  2.85672e-15  3.62069e-17
      5243.07  2.88717e-15  3.75756e-17
      5245.81  2.88775e-15  3.56816e-17
      5248.55  2.91885e-15  3.43720e-17
      5251.29  2.99522e-15  3.56501e-17
      5254.03  2.91341e-15  3.66126e-17
      5256.77  2.89258e-15  3.57902e-17
      5259.51  2.90299e-15  3.62728e-17
      5262.25  2.97834e-15  3.59536e-17
      5264.99  2.91442e-15  3.08592e-17
      5267.73  3.00872e-15  3.73637e-17
      5270.47  2.83444e-15  3.40870e-17
      5273.21  2.89081e-15  3.45105e-17
      5275.96  2.80100e-15  3.49504e-17
      5278.69  2.80856e-15  3.58292e-17
      5281.44  2.71630e-15  3.42355e-17
      5284.18  2.59386e-15  3.47837e-17
      5286.92  2.62840e-15  3.48848e-17
      5289.65  2.55079e-15  3.62095e-17
      5292.40  2.56175e-15  3.62561e-17
      5295.13  2.58805e-15  3.45861e-17
      5297.87  2.33633e-15  3.52906e-17
      5300.61  2.51033e-15  2.79995e-17
      5303.35  2.45152e-15  2.74954e-17
      5306.09  2.37094e-15  3.18248e-17
      5308.83  2.38452e-15  3.36521e-17
      5311.57  2.32527e-15  3.13623e-17
      5314.31  2.20007e-15  3.12955e-17
      5317.05  2.18775e-15  3.05278e-17
      5319.79  2.19942e-15  3.13648e-17
      5322.53  2.27334e-15  2.58631e-17
      5325.27  2.03177e-15  3.11912e-17
      5328.01  2.03974e-15  3.09517e-17
      5330.75  2.12940e-15  2.55699e-17
      5333.49  2.18836e-15  2.35756e-17
      5336.23  2.17214e-15  3.36283e-17
      5338.97  2.04113e-15  2.98665e-17
      5341.71  2.11766e-15  2.41205e-17
      5344.45  2.06952e-15  2.95705e-17
      5347.19  2.03017e-15  2.92863e-17
      5349.93  2.11679e-15  2.85846e-17
      5352.66  2.01340e-15  3.01782e-17
      5355.40  2.00391e-15  3.04526e-17
      5358.14  2.00308e-15  2.99084e-17
      5360.88  1.98841e-15  2.92374e-17
      5363.62  2.08401e-15  3.01444e-17
      5366.36  2.21653e-15  3.20995e-17
      5369.10  2.04808e-15  3.12764e-17
      5371.84  2.04544e-15  3.04496e-17
      5374.58  2.10439e-15  2.78833e-17
      5377.32  2.01751e-15  3.16703e-17
      5380.05  2.08347e-15  2.48800e-17
      5382.79  1.97145e-15  3.01473e-17
      5385.53  1.97552e-15  2.89479e-17
      5388.27  1.93369e-15  2.88190e-17
      5391.01  2.05943e-15  2.99088e-17
      5393.75  2.02955e-15  2.99845e-17
      5396.49  2.08359e-15  3.18498e-17
      5399.23  2.02041e-15  3.11544e-17
      5401.96  1.93544e-15  3.31311e-17
      5404.70  1.98043e-15  3.03211e-17
      5407.44  1.96599e-15  3.04678e-17
      5410.18  2.07552e-15  2.97572e-17
      5412.92  2.08868e-15  3.09514e-17
      5415.66  2.12474e-15  3.09466e-17
      5418.39  1.98449e-15  3.14509e-17
      5421.13  2.19916e-15  3.31397e-17
      5423.87  2.15807e-15  2.98815e-17
      5426.61  2.22840e-15  2.99790e-17
      5429.35  2.07698e-15  3.13607e-17
      5432.08  2.08077e-15  3.19297e-17
      5434.82  2.11414e-15  3.04210e-17
      5437.56  2.19855e-15  3.16571e-17
      5440.30  2.27656e-15  2.79962e-17
      5443.04  2.12968e-15  3.37748e-17
      5445.77  2.19232e-15  3.40980e-17
      5448.51  2.08852e-15  3.43732e-17
      5451.25  2.12225e-15  3.15458e-17
      5453.99  2.14474e-15  3.23447e-17
      5456.73  2.11498e-15  3.27925e-17
      5459.46  2.10108e-15  3.30937e-17
      5462.20  2.10648e-15  3.17274e-17
      5464.94  2.08091e-15  3.11090e-17
      5467.68  2.20081e-15  2.77307e-17
      5470.41  2.18744e-15  2.95612e-17
      5473.15  2.03893e-15  3.02893e-17
      5475.89  2.06238e-15  3.02913e-17
      5478.63  2.14503e-15  2.89841e-17
      5481.36  2.15877e-15  1.54019e-16
      5484.10  2.17250e-15  3.23990e-17
      5486.84  2.04282e-15  3.09903e-17
      5489.58  1.98128e-15  2.97648e-17
      5492.31  2.01611e-15  3.06129e-17
      5495.05  2.02120e-15  2.64796e-17
      5497.79  2.05529e-15  2.53487e-17
      5500.53  2.02277e-15  2.82021e-17
      5503.26  1.84529e-15  2.95879e-17
      5506.00  1.84909e-15  3.27688e-17
      5508.74  1.92988e-15  2.91867e-17
      5511.47  1.87047e-15  2.54432e-17
      5514.21  1.92256e-15  2.31046e-17
      5516.95  1.90690e-15  2.57148e-17
      5519.69  1.83383e-15  3.09369e-17
      5522.42  1.81807e-15  3.08347e-17
      5525.16  1.82404e-15  2.95168e-17
      5527.90  1.91359e-15  2.76197e-17
      5530.63  1.94422e-15  2.59666e-17
      5533.37  1.87221e-15  3.04126e-17
      5536.11  1.86726e-15  3.16339e-17
      5538.84  1.90665e-15  3.22214e-17
      5541.58  2.00213e-15  2.65726e-17
      5544.32  1.91762e-15  2.95950e-17
      5547.05  2.02152e-15  3.02061e-17
      5549.79  2.02638e-15  3.13004e-17
      5552.53  2.03124e-15  5.51946e-17
      5555.26  2.03611e-15  3.02855e-17
      5558.00  2.04097e-15  3.07750e-17
      5560.73  2.12607e-15  3.11805e-17
      5563.47  2.23377e-15  2.74667e-17
      5566.21  2.15583e-15  3.14626e-17
      5568.94  2.19099e-15  3.11304e-17
      5571.68  2.17488e-15  3.09316e-17
      5574.42  2.23809e-15  3.15329e-17
      5577.15  2.22907e-15  3.46336e-17
      5579.89  2.25738e-15  3.45893e-17
      5582.62  2.25759e-15  3.23136e-17
      5585.36  2.25244e-15  3.41976e-17
      5588.10  2.29522e-15  3.26900e-17
      5590.83  2.29780e-15  3.34253e-17
      5593.57  2.42901e-15  3.05178e-17
      5596.30  2.43692e-15  3.92351e-17
      5599.04  2.46676e-15  3.58432e-17
      5601.77  2.46515e-15  3.39505e-17
      5604.51  2.45957e-15  3.41498e-17
      5607.25  2.42879e-15  3.17822e-17
      5609.98  2.54517e-15  2.83093e-17
      5612.72  2.47296e-15  3.29687e-17
      5615.45  2.44193e-15  3.26262e-17
      5618.19  2.51221e-15  3.31238e-17
      5620.92  2.48711e-15  3.30606e-17
      5623.66  2.50904e-15  3.31824e-17
      5626.39  2.45883e-15  3.45639e-17
      5629.13  2.56936e-15  3.54526e-17
      5631.86  2.46990e-15  3.81841e-17
      5634.60  2.84347e-15  4.47034e-17
      5637.33  2.61885e-15  3.51081e-17
      5640.07  2.66115e-15  3.43532e-17
      5642.81  2.64326e-15  3.41073e-17
      5645.54  2.68407e-15  3.01442e-17
      5648.28  2.59967e-15  3.40004e-17
      5651.01  2.65530e-15  3.44530e-17
      5653.75  2.59623e-15  3.52345e-17
      5656.48  2.63955e-15  3.60111e-17
      5659.22  2.64050e-15  3.48131e-17
      5661.95  2.71135e-15  3.67386e-17
      5664.69  2.76014e-15  3.10006e-17
      5667.42  2.68284e-15  3.45587e-17
      5670.15  2.70330e-15  3.38789e-17
      5672.89  2.69060e-15  3.60322e-17
      5675.62  2.66588e-15  3.46476e-17
      5678.36  2.69244e-15  3.46089e-17
      5681.09  2.69216e-15  3.46015e-17
      5683.83  2.73495e-15  3.30540e-17
      5686.56  2.85437e-15  3.40943e-17
      5689.30  3.01128e-15  4.33307e-17
      5692.03  2.72136e-15  3.52097e-17
      5694.76  2.81974e-15  3.02063e-17
      5697.50  4.15537e-15  2.07206e-16
