1.000000000000000000e+04 5.396151507268201366e+38
9.960159362549800790e+03 4.984220907303661393e+38
9.920634920634920491e+03 5.288587625613060709e+38
9.881422924901184160e+03 5.178564191633636006e+38
9.842519685039371325e+03 5.184857298673596449e+38
9.803921568627451052e+03 5.272228517802394976e+38
9.765625000000000000e+03 5.365785125549795530e+38
9.727626459143968532e+03 5.393011374491015281e+38
9.689922480620154602e+03 5.678822882013364677e+38
9.652509652509652369e+03 5.851898280110923103e+38
9.615384615384615245e+03 6.160657363152283643e+38
9.578544061302682167e+03 5.832245324437636304e+38
9.541984732824426828e+03 6.288267095790156490e+38
9.505703422053231407e+03 6.323924047180152734e+38
9.469696969696969973e+03 6.712110706928292521e+38
9.433962264150943156e+03 6.654704654545144287e+38
9.398496240601503814e+03 6.750549236807144788e+38
9.363295880149813456e+03 6.971559241779806189e+38
9.328358208955223745e+03 7.315806462723001796e+38
9.293680297397768300e+03 7.411738095115593950e+38
9.259259259259259125e+03 7.576883614247271456e+38
9.225092250922509265e+03 7.546716878817523846e+38
9.191176470588234224e+03 7.467475501236963393e+38
9.157509157509157376e+03 7.515055605539375567e+38
9.124087591240875554e+03 7.424798798052730513e+38
9.090909090909090082e+03 7.289018729044612412e+38
9.057971014492753966e+03 7.337681979560701485e+38
9.025270758122744155e+03 7.612812435140936656e+38
8.992805755395684173e+03 7.729603825550581713e+38
8.960573476702509652e+03 7.938244843187858907e+38
8.928571428571429351e+03 8.103750462857662123e+38
8.896797153024910585e+03 8.902738155211983399e+38
8.865248226950354365e+03 9.677721926207496381e+38
8.833922261484098271e+03 9.781149666007184586e+38
8.802816901408450576e+03 1.020815164969357790e+39
8.771929824561402711e+03 1.027538679618116065e+39
8.741258741258739974e+03 1.100479426975085214e+39
8.710801393728223047e+03 1.162163265663960643e+39
8.680555555555554747e+03 1.180555037858012432e+39
8.650519031141868254e+03 1.183660670042097942e+39
8.620689655172414859e+03 1.282885412704713500e+39
8.591065292096220219e+03 1.268528541846889733e+39
8.561643835616438082e+03 1.278203152774231467e+39
8.532423208191126832e+03 1.327065011153782576e+39
8.503401360544217823e+03 1.336877232599144433e+39
8.474576271186440863e+03 1.255944231440654773e+39
8.445945945945944914e+03 1.223417441575000517e+39
8.417508417508417551e+03 1.160938338668063124e+39
8.389261744966443075e+03 1.130905337290599240e+39
8.361204013377926458e+03 1.069980121740507206e+39
8.333333333333332121e+03 1.019893826856322931e+39
8.305647840531561087e+03 1.019828766878273488e+39
8.278145695364239145e+03 9.862680739696570768e+38
8.250825082508250489e+03 9.673084003271048131e+38
8.223684210526314928e+03 9.456821483932723635e+38
8.196721311475410403e+03 9.381345414205327577e+38
8.169934640522876180e+03 9.494689279467921166e+38
8.143322475570033021e+03 9.470389184316899753e+38
8.116883116883116600e+03 9.137340035027905533e+38
8.090614886731391380e+03 7.903672591305954502e+38
8.064516129032257595e+03 7.584679136366768510e+38
8.038585209003215823e+03 8.239903459654504509e+38
8.012820512820512704e+03 8.806399597375501660e+38
7.987220447284345028e+03 1.031140339348159620e+39
7.961783439490445744e+03 1.062110014077658464e+39
7.936507936507936392e+03 1.146849701594110865e+39
7.911392405063291335e+03 1.153015042731013045e+39
7.886435331230282827e+03 1.209558121730070554e+39
7.861635220125785963e+03 1.272712262242976927e+39
7.836990595611284334e+03 1.250787189537602392e+39
7.812500000000000000e+03 1.294837038999260941e+39
7.788161993769470428e+03 1.230676273616979688e+39
7.763975155279502360e+03 1.222435997432046089e+39
7.739938080495356189e+03 1.161215148044972265e+39
7.716049382716049877e+03 1.154646985023959329e+39
7.692307692307692378e+03 1.175647948410608902e+39
7.668711656441717423e+03 1.149902447198176712e+39
7.645259938837920345e+03 1.159965107289628204e+39
7.621951219512195166e+03 1.211720640280918270e+39
7.598784194528874650e+03 1.229848412999647490e+39
7.575757575757575978e+03 1.286076599602875392e+39
7.552870090634441112e+03 1.344884292256009461e+39
7.530120481927709989e+03 1.333543074877218772e+39
7.507507507507507398e+03 1.335526125667449266e+39
7.485029940119759885e+03 1.286411400223560268e+39
7.462686567164178996e+03 1.328569062538031797e+39
7.440476190476189913e+03 1.395685502493878920e+39
7.418397626112760008e+03 1.370536809577921375e+39
7.396449704142011797e+03 1.383033302064658170e+39
7.374631268436578466e+03 1.389165222858367946e+39
7.352941176470588289e+03 1.495882369720991963e+39
7.331378299120234260e+03 1.491061926691855587e+39
7.309941520467836199e+03 1.525436484706400986e+39
7.288629737609328913e+03 1.580814916268509993e+39
7.267441860465115496e+03 1.608393826550162121e+39
7.246376811594202991e+03 1.587619133028223022e+39
7.225433526011562208e+03 1.635364704953146085e+39
7.204610951008646225e+03 1.612120195677808230e+39
7.183908045977012080e+03 1.597273497269545290e+39
7.163323782234958344e+03 1.599542238616326968e+39
7.142857142857144026e+03 1.602373406198027416e+39
7.122507122507122403e+03 1.609418184106355969e+39
7.102272727272727934e+03 1.621269965626865225e+39
7.082152974504250778e+03 1.600408361878144921e+39
7.062146892655367992e+03 1.674838316278677854e+39
7.042253521126761370e+03 1.661137770180604875e+39
7.022471910112360092e+03 1.756288694079178620e+39
7.002801120448179972e+03 1.723067251573836603e+39
6.983240223463687471e+03 1.723188895220063018e+39
6.963788300835655718e+03 1.787050591110603263e+39
6.944444444444445253e+03 1.798820975544582419e+39
6.925207756232687643e+03 1.797908449848882725e+39
6.906077348066298327e+03 1.816489004147814588e+39
6.887052341597796840e+03 1.906759616211532304e+39
6.868131868131868941e+03 1.875311447427525804e+39
6.849315068493150648e+03 1.871504673517999019e+39
6.830601092896175942e+03 1.901356978413273631e+39
6.811989100817439066e+03 1.920673695101763993e+39
6.793478260869565020e+03 1.914675627568826697e+39
6.775067750677507320e+03 1.981974031096429107e+39
6.756756756756757568e+03 1.988612790452533711e+39
6.738544474393531345e+03 2.045488945521397211e+39
6.720430107526882239e+03 2.081219067552737815e+39
6.702412868632708523e+03 2.111823119467099974e+39
6.684491978609626130e+03 2.098825578344771602e+39
6.666666666666666970e+03 2.174370999471969203e+39
6.648936170212766228e+03 2.199817011713151182e+39
6.631299734748011360e+03 2.257996958652385209e+39
6.613756613756614570e+03 2.327465881133259027e+39
6.596306068601584229e+03 2.382568119793695240e+39
6.578947368421053397e+03 2.394439905975287434e+39
6.561679790026246337e+03 2.502087296989957110e+39
6.544502617801047563e+03 2.589978445574151697e+39
6.527415143603133401e+03 2.720412673335355876e+39
6.510416666666666970e+03 2.787351855037580698e+39
6.493506493506493825e+03 2.897240470973542763e+39
6.476683937823834640e+03 2.992384017854648803e+39
6.459948320413436704e+03 3.127390202697776320e+39
6.443298969072166074e+03 3.237823746102745771e+39
6.426735218508998514e+03 3.307681665218199649e+39
6.410256410256411073e+03 3.272545131983292876e+39
6.393861892583120607e+03 3.494749922988116501e+39
6.377551020408163822e+03 3.513609299901707946e+39
6.361323155216285159e+03 3.595995197784770658e+39
6.345177664974619802e+03 3.634813909607545679e+39
6.329113924050633614e+03 3.600521770471044741e+39
6.313131313131313618e+03 3.571869241485651453e+39
6.297229219143578121e+03 3.559933788140911594e+39
6.281407035175879173e+03 3.540885551991026110e+39
6.265664160401002846e+03 3.392977709764342163e+39
6.250000000000000000e+03 3.317002624496938464e+39
6.234413965087282122e+03 3.081306850718008048e+39
6.218905472636815830e+03 2.887221104499307130e+39
6.203473945409429689e+03 2.581041534513644828e+39
6.188118811881187867e+03 2.196438706300306286e+39
6.172839506172839720e+03 1.920634738189946643e+39
6.157635467980296198e+03 1.611739144110795054e+39
6.142506142506142169e+03 1.513180511394291843e+39
6.127450980392157362e+03 1.554060899781798880e+39
6.112469437652812303e+03 1.581460047832834816e+39
6.097560975609756497e+03 1.871517895893437671e+39
6.082725060827250672e+03 2.155212317984763699e+39
6.067961165048543990e+03 2.587364321653069554e+39
6.053268765133172565e+03 3.043721099302866032e+39
6.038647342995169311e+03 3.357715026429671282e+39
6.024096385542168719e+03 3.781113421111447226e+39
6.009615384615384755e+03 3.867276248379283469e+39
5.995203836930456418e+03 3.960313478721526835e+39
5.980861244019139122e+03 4.040436343368955054e+39
5.966587112171837362e+03 4.247226485840035274e+39
5.952380952380953204e+03 4.164274060232410523e+39
5.938242280285036031e+03 4.194879666177045204e+39
5.924170616113744472e+03 4.366355333826709253e+39
5.910165484633570486e+03 4.360221342139784013e+39
5.896226415094340155e+03 4.244838410674413127e+39
5.882352941176471177e+03 4.303588775646366100e+39
5.868544600938967960e+03 4.358819738935049598e+39
5.854800936768150677e+03 4.153434524435916375e+39
5.841121495327102821e+03 4.081983708223174047e+39
5.827505827505828165e+03 3.844924128517899243e+39
5.813953488372092579e+03 3.889365258684461132e+39
5.800464037122970694e+03 3.753100752822880981e+39
5.787037037037036498e+03 3.731291730642094534e+39
5.773672055427252417e+03 3.639466327463910505e+39
5.760368663594470490e+03 3.706571590868083392e+39
5.747126436781609300e+03 3.794921952049065479e+39
5.733944954128441168e+03 3.876503357718899076e+39
5.720823798627002361e+03 4.039251385327448533e+39
5.707762557077625388e+03 4.059739722404975905e+39
5.694760820045557921e+03 4.203869014649666491e+39
5.681818181818181984e+03 4.239586830556451863e+39
5.668934240362811579e+03 4.296680732651708530e+39
5.656108597285067844e+03 4.470240713216943934e+39
5.643340857787810819e+03 4.460355720927430715e+39
5.630630630630630549e+03 4.525537423705599450e+39
5.617977528089887528e+03 4.624974178989077035e+39
5.605381165919282466e+03 4.622326128705031506e+39
5.592841163310962656e+03 4.661541041864862152e+39
5.580357142857143117e+03 4.679168211155921633e+39
5.567928730512249786e+03 4.643159350008013583e+39
5.555555555555556566e+03 4.552488184093847021e+39
5.543237250554323509e+03 4.478989930996631136e+39
5.530973451327433395e+03 4.356705974281633701e+39
5.518763796909493067e+03 4.129139578444447438e+39
5.506607929515418618e+03 3.926063815559615119e+39
5.494505494505495335e+03 3.644925787540201881e+39
5.482456140350877831e+03 3.381952175695339982e+39
5.470459518599563125e+03 3.372401721267433451e+39
5.458515283842795725e+03 3.273785672526453535e+39
5.446623093681916544e+03 3.506717552008043372e+39
5.434782608695652925e+03 3.733880039246387104e+39
5.422993492407808844e+03 3.845185061506793689e+39
5.411255411255411673e+03 3.979427289470109194e+39
5.399568034557235478e+03 4.188572679456097298e+39
5.387931034482759060e+03 4.291573903747991089e+39
5.376344086021505973e+03 4.390444535264884408e+39
5.364806866952789278e+03 4.253041374503714090e+39
5.353319057815846463e+03 4.163594605793707186e+39
5.341880341880342712e+03 4.155780475780842390e+39
5.330490405117270711e+03 3.977912248505162544e+39
5.319148936170213346e+03 3.974707509594109355e+39
5.307855626326964739e+03 3.915839988084039639e+39
5.296610169491525085e+03 3.778489933379331910e+39
5.285412262156448378e+03 3.782970410937397756e+39
5.274261603375527557e+03 3.995476174829020414e+39
5.263157894736842536e+03 4.262582057055403586e+39
5.252100840336134752e+03 4.637354806788285137e+39
5.241090146750523672e+03 4.949489678679608887e+39
5.230125523012552549e+03 5.249103875327769153e+39
5.219206680584551577e+03 5.433366641355832914e+39
5.208333333333333940e+03 5.601980480765136405e+39
5.197505197505197430e+03 5.492833167623225488e+39
5.186721991701245315e+03 5.450530868129308363e+39
5.175983436853001876e+03 5.268877074999218142e+39
5.165289256198347175e+03 5.299232030961671079e+39
5.154639175257731949e+03 5.504011509932941117e+39
5.144032921810699918e+03 5.546490988244211876e+39
5.133470225872690207e+03 5.673706287972026844e+39
5.122950819672131729e+03 5.726722317808837947e+39
5.112474437627811312e+03 5.774611691291673943e+39
5.102040816326530148e+03 5.694502777890291473e+39
5.091649694501018530e+03 5.805251023236924616e+39
5.081300813008129808e+03 5.593012858957046134e+39
5.070993914807302644e+03 5.469378555527898778e+39
5.060728744939271564e+03 5.268164851848900130e+39
5.050505050505050349e+03 5.028497446535255288e+39
5.040322580645161906e+03 5.071823231889968899e+39
5.030181086519114615e+03 5.190064105307915408e+39
5.020080321285141508e+03 5.251582678731505909e+39
5.010020040080160470e+03 5.489795335919492332e+39
5.000000000000000000e+03 5.525341717124768777e+39
4.990019960079840530e+03 5.463895482893562531e+39
4.980079681274900395e+03 5.277546062689953947e+39
4.970178926441351905e+03 5.162924105385398693e+39
4.960317460317460245e+03 5.129975579371417295e+39
4.950495049504950657e+03 4.666392578974208673e+39
4.940711462450592080e+03 4.459460072517807229e+39
4.930966469428008168e+03 4.229064865456311723e+39
4.921259842519685662e+03 4.413963314679804332e+39
4.911591355599214694e+03 4.450161092994910836e+39
4.901960784313725526e+03 4.279481659992725032e+39
4.892367906066536307e+03 3.911419757266654995e+39
4.882812500000000000e+03 3.849823066159788451e+39
4.873294346978557769e+03 3.757751223036782296e+39
4.863813229571984266e+03 3.921415311950130436e+39
4.854368932038835737e+03 4.228381577013778543e+39
4.844961240310077301e+03 4.474360097381230738e+39
4.835589941972921224e+03 4.782970796820876504e+39
4.826254826254826185e+03 5.037439607368351238e+39
4.816955684007706623e+03 5.297722215803698625e+39
4.807692307692307622e+03 5.483479525652195857e+39
4.798464491362763511e+03 5.404049506314180955e+39
4.789272030651341083e+03 5.373651999415027669e+39
4.780114722753346541e+03 5.282519359858446006e+39
4.770992366412213414e+03 5.085440910328924559e+39
4.761904761904761472e+03 5.213171176062330830e+39
4.752851711026615703e+03 5.249805252620891830e+39
4.743833017077799013e+03 5.489428417805322262e+39
4.734848484848484986e+03 5.599861416517431215e+39
4.725897920604915271e+03 5.933896155484546350e+39
4.716981132075471578e+03 6.020619766151103466e+39
4.708097928436911388e+03 5.974234934428879899e+39
4.699248120300751907e+03 6.022939258852400310e+39
4.690431519699812270e+03 5.824104416932036454e+39
4.681647940074906728e+03 5.756692258196791326e+39
4.672897196261682438e+03 5.597941107402399617e+39
4.664179104477611872e+03 5.800998841205521508e+39
4.655493482309124374e+03 6.101530719002659184e+39
4.646840148698884150e+03 6.194106346054036588e+39
4.638218923933209226e+03 6.608717156667713963e+39
4.629629629629629562e+03 6.860572932605947373e+39
4.621072088724584319e+03 7.118141042050574573e+39
4.612546125461254633e+03 7.317944384278922428e+39
4.604051565377531915e+03 7.318269475957477407e+39
4.595588235294117112e+03 7.488333317881515381e+39
4.587155963302752752e+03 7.582400189966158023e+39
4.578754578754578688e+03 7.882607589092231834e+39
4.570383912248628803e+03 7.857850251188270532e+39
4.562043795620437777e+03 7.967812642681361710e+39
4.553734061930783355e+03 8.050288189415343599e+39
4.545454545454545041e+03 8.136667364949717615e+39
4.537205081669691936e+03 8.182772348949997433e+39
4.528985507246376983e+03 8.337751794971360512e+39
4.520795660036166737e+03 8.009823248831715936e+39
4.512635379061372078e+03 7.934190157968280892e+39
4.504504504504504439e+03 7.998864649233483825e+39
4.496402877697842086e+03 8.000219565762421636e+39
4.488330341113106442e+03 7.892061155437718080e+39
4.480286738351254826e+03 7.787971969938266601e+39
4.472271914132378697e+03 7.688438866281665860e+39
4.464285714285714675e+03 7.632544815437725089e+39
4.456327985739750147e+03 7.451515645398587544e+39
4.448398576512455293e+03 7.312846115286179744e+39
4.440497335701598786e+03 7.198828633195964631e+39
4.432624113475177182e+03 7.383083954149935090e+39
4.424778761061947080e+03 7.596418116820560286e+39
4.416961130742049136e+03 7.721437131458428787e+39
4.409171075837742137e+03 7.866186244140232957e+39
4.401408450704225288e+03 7.897458179766822273e+39
4.393673110720562363e+03 7.712366868405089846e+39
4.385964912280701355e+03 7.575736001280194819e+39
4.378283712784588715e+03 7.424407070706903150e+39
4.370629370629369987e+03 7.368141263760220928e+39
4.363001745200697769e+03 6.769956298094285858e+39
4.355400696864111524e+03 6.493173842404187258e+39
4.347826086956521976e+03 6.433061380017066965e+39
4.340277777777777374e+03 6.277282242381306197e+39
4.332755632582322505e+03 6.166923113271543712e+39
4.325259515570934127e+03 6.317321109540740294e+39
4.317789291882555517e+03 6.561170432094370911e+39
4.310344827586207430e+03 6.601845642178964241e+39
4.302925989672977266e+03 6.898215247641779908e+39
4.295532646048110109e+03 7.068070309854471675e+39
4.288164665523156145e+03 7.211273506900517368e+39
4.280821917808219041e+03 7.457107146624959064e+39
4.273504273504273442e+03 7.660213491386693604e+39
4.266211604095563416e+03 7.760985022844203822e+39
4.258943781942078203e+03 7.698464570172756949e+39
4.251700680272108912e+03 7.484627511269964159e+39
4.244482173174872514e+03 7.356276671037498177e+39
4.237288135593220431e+03 7.340298937640752568e+39
4.230118443316412595e+03 7.529292875667917211e+39
4.222972972972972457e+03 7.922288889695013785e+39
4.215851602023608393e+03 8.505724018345872719e+39
4.208754208754208776e+03 8.517315252426182288e+39
4.201680672268907074e+03 9.202484212310338281e+39
4.194630872483221538e+03 9.166315127627355533e+39
4.187604690117253085e+03 9.599567986699990783e+39
4.180602006688963229e+03 9.912508855594995831e+39
4.173622704507512935e+03 9.848817428372029345e+39
4.166666666666666060e+03 1.023695910856056586e+40
4.159733777038270091e+03 1.025296579440357720e+40
4.152823920265780544e+03 1.048190791982009466e+40
4.145936981757877220e+03 1.043316432987969427e+40
4.139072847682119573e+03 1.059793831846798147e+40
4.132231404958677558e+03 1.106793406062055304e+40
4.125412541254125244e+03 1.136129567980459033e+40
4.118616144975288080e+03 1.189560243920402796e+40
4.111842105263157464e+03 1.195191695030863605e+40
4.105090311986863526e+03 1.222347287752619765e+40
4.098360655737705201e+03 1.233833510909141718e+40
4.091653027823240791e+03 1.227974203525438627e+40
4.084967320261438090e+03 1.235990705324298793e+40
4.078303425774877724e+03 1.216216703591703264e+40
4.071661237785016510e+03 1.192759798720633967e+40
4.065040650406503573e+03 1.168903702670681192e+40
4.058441558441558300e+03 1.194317217678634767e+40
4.051863857374391955e+03 1.160363017420831835e+40
4.045307443365695690e+03 1.165290426814540649e+40
4.038772213247172658e+03 1.124095408942763433e+40
4.032258064516128798e+03 1.107271568134406636e+40
4.025764895330112722e+03 1.110205365576521163e+40
4.019292604501607912e+03 1.069701900805671742e+40
4.012841091492776741e+03 1.057369341483117464e+40
4.006410256410256352e+03 1.035571420250998394e+40
4.000000000000000000e+03 1.062613258560559759e+40
3.993610223642172514e+03 1.053438077655314882e+40
3.987240829346092596e+03 1.046017733358501450e+40
3.980891719745222872e+03 1.064111887771454533e+40
3.974562798092209505e+03 1.090795731497688648e+40
3.968253968253968196e+03 1.099511088181631534e+40
3.961965134706814297e+03 1.127497767583819447e+40
3.955696202531645667e+03 1.092258803115237249e+40
3.949447077409162375e+03 1.080340727107567627e+40
3.943217665615142778e+03 1.096115409038877284e+40
3.937007874015748257e+03 1.065405254006789039e+40
3.930817610062893436e+03 1.076974147563435265e+40
3.924646781789639590e+03 1.080465835709874316e+40
3.918495297805643531e+03 1.078929933901032109e+40
3.912363067292645155e+03 1.059266941207877907e+40
3.906250000000000455e+03 1.071066665980364627e+40
3.900156006240250008e+03 1.039281827245759343e+40
3.894080996884735669e+03 1.043923247037580777e+40
3.888024883359254090e+03 1.010205971236057622e+40
3.881987577639752089e+03 9.963440577281432491e+39
3.875968992248062477e+03 9.409857743855284233e+39
3.869969040247678549e+03 8.996289614156722851e+39
3.863987635239567680e+03 8.194324927822027504e+39
3.858024691358025393e+03 7.475925905391033366e+39
3.852080123266564897e+03 7.177612285658079189e+39
3.846153846153846644e+03 6.426276415840333182e+39
3.840245775729647448e+03 6.042611869563173958e+39
3.834355828220859166e+03 5.854959875640541674e+39
3.828483920367534665e+03 5.448796879783964921e+39
3.822629969418960627e+03 5.466966769409873546e+39
3.816793893129771277e+03 5.364128706939720770e+39
3.810975609756098038e+03 5.182542394563076546e+39
3.805175038051750562e+03 5.031259716264387175e+39
3.799392097264437780e+03 4.888283123851679021e+39
3.793626707132018510e+03 5.018741906049431600e+39
3.787878787878788444e+03 5.079456231794195668e+39
3.782148260211800789e+03 5.113648453593552536e+39
3.776435045317221011e+03 5.032102425665482831e+39
3.770739064856712503e+03 4.796669300969494470e+39
3.765060240963855904e+03 4.581140325589061458e+39
3.759398496240602071e+03 4.158759332522206161e+39
3.753753753753754154e+03 3.022463148320553520e+39
3.748125937031484682e+03 1.919339974581011005e+39
3.742514970059880852e+03 1.581318081161928380e+39
3.736920777279522099e+03 1.580523803817581614e+39
3.731343283582089953e+03 1.419843698387990192e+39
3.725782414307005183e+03 1.290523739565202910e+39
3.720238095238095866e+03 1.288113312182275181e+39
3.714710252600297736e+03 1.200393041413168938e+39
3.709198813056380459e+03 1.242792898454748850e+39
3.703703703703703923e+03 1.249538394473357394e+39
3.698224852071006353e+03 1.414359420395646130e+39
3.692762186115214718e+03 1.546833636431743628e+39
3.687315634218289688e+03 1.687562937438752182e+39
3.681885125184094704e+03 2.110704121054906274e+39
3.676470588235294599e+03 2.315922159451371066e+39
3.671071953010279231e+03 2.757570528371047800e+39
3.665689149560117585e+03 3.420652102142799282e+39
3.660322108345534616e+03 3.674362365257735181e+39
3.654970760233918554e+03 4.091460711643616831e+39
3.649635036496350949e+03 4.492400700029743427e+39
3.644314868804665366e+03 5.231857224450627796e+39
3.639010189228530180e+03 6.130691993147806832e+39
3.633720930232558203e+03 7.387691906432685976e+39
3.628447024673439955e+03 8.181759349485169813e+39
3.623188405797101950e+03 8.315315842565239203e+39
3.617945007235890444e+03 8.356291386628060383e+39
3.612716763005781104e+03 8.434573570470747917e+39
3.607503607503607782e+03 8.373647187711925441e+39
3.602305475504323113e+03 8.378845695946717192e+39
3.597122302158274124e+03 8.207339146632914934e+39
3.591954022988506040e+03 8.309584590408519820e+39
3.586800573888092003e+03 8.384058293388041518e+39
3.581661891117479172e+03 8.678348234382768940e+39
3.576537911301859822e+03 8.891250189152452695e+39
3.571428571428572013e+03 9.146378726724619410e+39
3.566333808844508440e+03 9.648846608932076608e+39
3.561253561253561202e+03 9.733611906078868830e+39
3.556187766714082954e+03 9.735134046077313589e+39
3.551136363636363967e+03 9.482716365102981182e+39
3.546099290780142383e+03 8.887191262163978621e+39
3.541076487252125389e+03 8.367848259309916386e+39
3.536067892503536314e+03 8.002714464677755802e+39
3.531073446327683996e+03 7.804091521310593062e+39
3.526093088857546263e+03 7.619681846211683290e+39
3.521126760563380685e+03 7.356090604389539678e+39
3.516174402250352159e+03 7.067693623161970132e+39
3.511235955056180046e+03 6.914166171287468182e+39
3.506311360448808045e+03 6.842319942430162654e+39
3.501400560224089986e+03 7.180036969127501564e+39
3.496503496503496535e+03 7.383206738041992871e+39
3.491620111731843735e+03 7.599958846070935751e+39
3.486750348675035184e+03 7.504802674467065999e+39
3.481894150417827859e+03 7.827390643943028432e+39
3.477051460361613408e+03 7.783392742041575328e+39
3.472222222222222626e+03 8.001929261740684592e+39
3.467406380027739488e+03 7.801918138187374915e+39
3.462603878116343822e+03 7.634886517049436673e+39
3.457814661134163543e+03 7.427766516213456118e+39
3.453038674033149164e+03 7.605568655961055154e+39
3.448275862068966035e+03 7.114309359691674007e+39
3.443526170798898420e+03 6.900217432247566747e+39
3.438789546079779939e+03 6.635528785281667052e+39
3.434065934065934471e+03 6.439930756371723407e+39
3.429355281207133430e+03 6.160886902866942487e+39
3.424657534246575324e+03 5.879424303713251983e+39
3.419972640218878496e+03 5.702867685639425194e+39
3.415300546448087971e+03 5.352789092333944832e+39
3.410641200545702759e+03 4.964960285125419571e+39
3.405994550408719533e+03 4.767920763244248847e+39
3.401360544217687220e+03 4.742545834665027671e+39
3.396739130434782510e+03 4.606891844472900091e+39
3.392130257801899916e+03 4.455442802359851885e+39
3.387533875338753660e+03 4.229341897302193882e+39
3.382949932341001386e+03 4.271847093558171833e+39
3.378378378378378784e+03 4.092464764404918411e+39
3.373819163292847861e+03 3.840515156158089248e+39
3.369272237196765673e+03 3.741877313980495942e+39
3.364737550471063514e+03 3.690012008604307977e+39
3.360215053763441119e+03 3.636391733569824935e+39
3.355704697986577685e+03 3.537276428065679496e+39
3.351206434316354262e+03 3.504079596940806330e+39
3.346720214190093884e+03 3.479072591878964486e+39
3.342245989304813065e+03 3.294718576933675697e+39
3.337783711615487391e+03 3.388338557292345007e+39
3.333333333333333485e+03 3.448894789954462489e+39
3.328894806924101886e+03 3.493709211474129205e+39
3.324468085106383114e+03 3.477219700107835427e+39
3.320053120849934203e+03 3.641566881730818099e+39
3.315649867374005680e+03 3.604249039263188188e+39
3.311258278145695840e+03 3.708049481161975684e+39
3.306878306878307285e+03 3.660024231189429534e+39
3.302509907529723023e+03 3.694713852890262724e+39
3.298153034300792115e+03 3.824098166969084960e+39
3.293807641633728508e+03 3.909798061683751080e+39
3.289473684210526699e+03 4.023312773061934014e+39
3.285151116951380118e+03 4.076195477697699705e+39
3.280839895013123169e+03 4.310089468064087971e+39
3.276539973787680083e+03 4.117192202345965127e+39
3.272251308900523782e+03 4.324082288898766919e+39
3.267973856209150199e+03 4.337415200907399721e+39
3.263707571801566701e+03 4.254252881349413108e+39
3.259452411994785052e+03 4.349862655714236046e+39
3.255208333333333485e+03 4.345159099821268255e+39
3.250975292587776494e+03 4.320514373133804159e+39
3.246753246753246913e+03 4.187919034180418356e+39
3.242542153047989814e+03 4.215142257628420670e+39
3.238341968911917320e+03 4.426948661802692705e+39
3.234152652005175241e+03 4.527975887640429879e+39
3.229974160206718352e+03 4.524179660325827296e+39
3.225806451612903402e+03 4.588909637560048945e+39
3.221649484536083037e+03 4.954691727386585983e+39
3.217503217503217456e+03 5.097120274923310734e+39
3.213367609254499257e+03 5.425839452606633536e+39
3.209242618741976912e+03 5.524027246542460132e+39
3.205128205128205536e+03 5.782169465991228122e+39
3.201024327784891284e+03 5.867986680879622659e+39
3.196930946291560304e+03 6.251455975397962830e+39
3.192848020434227692e+03 6.377916928625161527e+39
3.188775510204081911e+03 6.745135484389221161e+39
3.184713375796178752e+03 6.826341292151642388e+39
3.180661577608142579e+03 7.403997189718622962e+39
3.176620076238882120e+03 7.586924201954807119e+39
3.172588832487309901e+03 7.896793899739748048e+39
3.168567807351077590e+03 8.217130830914934745e+39
3.164556962025316807e+03 8.550666276607242229e+39
3.160556257901391291e+03 8.486238591070586170e+39
3.156565656565656809e+03 8.894597693379764949e+39
3.152585119798234700e+03 8.926553924157714227e+39
3.148614609571789060e+03 8.833809411999529458e+39
3.144654088050314840e+03 8.516084455254934837e+39
3.140703517587939587e+03 8.232039358898735182e+39
3.136762860727728821e+03 8.349195825496055806e+39
3.132832080200501423e+03 8.538039044270759721e+39
3.128911138923654562e+03 8.300893648176779422e+39
3.125000000000000000e+03 8.522216970156567408e+39
3.121098626716604485e+03 8.280769677657640988e+39
3.117206982543641061e+03 8.311170179574028604e+39
3.113325031133250377e+03 8.289518147544900452e+39
3.109452736318407915e+03 8.251520736007273189e+39
3.105590062111801217e+03 8.103613295324891611e+39
3.101736972704714844e+03 8.072722762721997769e+39
3.097893432465923070e+03 8.042878111228842267e+39
3.094059405940593933e+03 7.942961444029872283e+39
3.090234857849196942e+03 7.708048241106192662e+39
3.086419753086419860e+03 7.626531746623671930e+39
3.082614056720098688e+03 7.753111769927763521e+39
3.078817733990148099e+03 7.260781061493602962e+39
3.075030750307503240e+03 7.699616179092351801e+39
3.071253071253071084e+03 7.726567923379321307e+39
3.067484662576687697e+03 7.528222981953078403e+39
3.063725490196078681e+03 7.654974041828848504e+39
3.059975520195838271e+03 7.505320183620549160e+39
3.056234718826406151e+03 7.513205365360646903e+39
3.052503052503052913e+03 7.451749428429900555e+39
3.048780487804878248e+03 7.505315280119463126e+39
3.045066991473812323e+03 7.487988386580707471e+39
3.041362530413625336e+03 7.092225679040524856e+39
3.037667071688943452e+03 7.066181356788615295e+39
3.033980582524271995e+03 6.706821148266820469e+39
3.030303030303030482e+03 6.333635348676665272e+39
3.026634382566586282e+03 6.138888726800899247e+39
3.022974607013301465e+03 5.991646580342010752e+39
3.019323671497584655e+03 5.905671790519801329e+39
3.015681544028950611e+03 5.763966647630296401e+39
3.012048192771084359e+03 5.649474954437109077e+39
3.008423586040914870e+03 5.585354819013267940e+39
3.004807692307692378e+03 5.451164086393717845e+39
3.001200480192077066e+03 5.468116514798288379e+39
2.997601918465228209e+03 5.469136227018428121e+39
2.994011976047904682e+03 5.637811503915793196e+39
2.990430622009569561e+03 5.599186782851825053e+39
2.986857825567503369e+03 5.560099845118193982e+39
2.983293556085918681e+03 5.569706588923183218e+39
2.979737783075089737e+03 5.822095615630086841e+39
2.976190476190476602e+03 6.009430284976521841e+39
2.972651605231867052e+03 5.754821908469375755e+39
2.969121140142518016e+03 6.120623563349069141e+39
2.965599051008303832e+03 6.163648898272847310e+39
2.962085308056872236e+03 6.118821272032846557e+39
2.958579881656804901e+03 5.965558807037907078e+39
2.955082742316785243e+03 6.370312680544968806e+39
2.951593860684769879e+03 5.895595992306322644e+39
2.948113207547170077e+03 5.835329231397249484e+39
2.944640753828033212e+03 5.740082551236232908e+39
2.941176470588235588e+03 5.643160998502866015e+39
2.937720329024676630e+03 5.493112849971265493e+39
2.934272300469483980e+03 5.451542469772981265e+39
2.930832356389214510e+03 5.589174391165223396e+39
2.927400468384075339e+03 5.502305507286933097e+39
2.923976608187134843e+03 5.481895336425528030e+39
2.920560747663551410e+03 5.473812455767667612e+39
2.917152858809801728e+03 5.731284594367368957e+39
2.913752913752914083e+03 5.542267245082598517e+39
2.910360884749708930e+03 5.590325592514715802e+39
2.906976744186046290e+03 5.513798239517760820e+39
2.903600464576074501e+03 5.495633390265628765e+39
2.900232018561485347e+03 5.340814702113582860e+39
2.896871378910776457e+03 5.177816968098433164e+39
2.893518518518518249e+03 4.928063756802679823e+39
2.890173410404624519e+03 4.781362295053222098e+39
2.886836027713626208e+03 4.520614246764836183e+39
2.883506343713956539e+03 4.449957523090120901e+39
2.880184331797235245e+03 4.382677583618126444e+39
2.876869965477560527e+03 4.077227186806531472e+39
2.873563218390804650e+03 4.232043134637540350e+39
2.870264064293915453e+03 4.168368762178647044e+39
2.866972477064220584e+03 3.970150420037358714e+39
2.863688430698739921e+03 3.905688475314614463e+39
2.860411899313501181e+03 3.750591637254181107e+39
2.857142857142857338e+03 3.610276035448321096e+39
2.853881278538812694e+03 3.624352273759865263e+39
2.850627137970353942e+03 3.455765996328031400e+39
2.847380410022778960e+03 3.380569979536425891e+39
2.844141069397042429e+03 3.185404975994448106e+39
2.840909090909090992e+03 3.140408895005454952e+39
2.837684449489217059e+03 3.002661302726934806e+39
2.834467120181405789e+03 2.919017308195947713e+39
2.831257078142695718e+03 2.980673429885552738e+39
2.828054298642533922e+03 2.786903503855736811e+39
2.824858757062147106e+03 2.732551406503252822e+39
2.821670428893905409e+03 2.810581711498737389e+39
2.818489289740698950e+03 2.665820922776039392e+39
2.815315315315315274e+03 2.587050343942309801e+39
2.812148481439819989e+03 2.818625582375600999e+39
2.808988764044943764e+03 2.693052893840006032e+39
2.805836139169472972e+03 2.676538249037256540e+39
2.802690582959641233e+03 2.680292603597172154e+39
2.799552071668533245e+03 2.490791674106293937e+39
2.796420581655481328e+03 2.600127220210191760e+39
2.793296089385475170e+03 2.537625439447170159e+39
2.790178571428571558e+03 2.412002904742814973e+39
2.787068004459309122e+03 2.520208767247255736e+39
2.783964365256124893e+03 2.562650831500137565e+39
2.780867630700778591e+03 2.463376543879517751e+39
2.777777777777778283e+03 2.617522141416047921e+39
2.774694783573806944e+03 2.443864075154607568e+39
2.771618625277161755e+03 2.377244396215322028e+39
2.768549280177187484e+03 2.565513325257065359e+39
2.765486725663716697e+03 2.610001243658386883e+39
2.762430939226519513e+03 2.580365912909690803e+39
2.759381898454746533e+03 2.717078253969139548e+39
2.756339581036384061e+03 2.911296400561387941e+39
2.753303964757709309e+03 3.071526443846550011e+39
2.750275027502750163e+03 2.959703337568986862e+39
2.747252747252747668e+03 3.143073083414911568e+39
2.744237102085620336e+03 3.172106292288459649e+39
2.741228070175438916e+03 3.244010625460013014e+39
2.738225629791894789e+03 3.299866549023488809e+39
2.735229759299781563e+03 3.228588520450822894e+39
2.732240437158469831e+03 3.226910556781684648e+39
2.729257641921397862e+03 3.197712232844457842e+39
2.726281352235550457e+03 2.940607743124588052e+39
2.723311546840958272e+03 2.943519983286195528e+39
2.720348204570185317e+03 2.794096863072017467e+39
2.717391304347826463e+03 2.806607679507202691e+39
2.714440825190010855e+03 2.726552241889434726e+39
2.711496746203904422e+03 2.565407134763437078e+39
2.708559046587216017e+03 2.584624769166589791e+39
2.705627705627705836e+03 2.546863425698956411e+39
2.702702702702702936e+03 2.364608122908163336e+39
2.699784017278617739e+03 2.169251150114319084e+39
2.696871628910463642e+03 2.342068267857896712e+39
2.693965517241379530e+03 2.158954442741153663e+39
2.691065662002152749e+03 2.064042695664314322e+39
2.688172043010752986e+03 2.049607281883915759e+39
2.685284640171858427e+03 1.862458687262786755e+39
2.682403433476394639e+03 1.815366395518494869e+39
2.679528403001072093e+03 1.916911777888923413e+39
2.676659528907923232e+03 1.804146105283767246e+39
2.673796791443850452e+03 1.537603246402246855e+39
2.670940170940171356e+03 1.484623351487865506e+39
2.668089647812166731e+03 1.391946740102898689e+39
2.665245202558635356e+03 1.349940261925700122e+39
2.662406815761448343e+03 1.257491875531205109e+39
2.659574468085106673e+03 1.158221297308540452e+39
2.656748140276301910e+03 1.112455705034458917e+39
2.653927813163482369e+03 1.094271732621790854e+39
2.651113467656416105e+03 8.830464367914818309e+38
2.648305084745762542e+03 1.098902517665445169e+39
2.645502645502645464e+03 8.303802563141241910e+38
2.642706131078224189e+03 7.468828498671650916e+38
2.639915522703273837e+03 8.412165243300436018e+38
2.637130801687763778e+03 7.291474809796272026e+38
2.634351949420442907e+03 6.546004266783842796e+38
2.631578947368421268e+03 7.294261238671211043e+38
2.628811777076761246e+03 5.868988464996985393e+38
2.626050420168067376e+03 5.421471959591974930e+38
2.623294858342077987e+03 5.279935065532280981e+38
2.620545073375261836e+03 5.254902434389952826e+38
2.617801047120418843e+03 5.244535494608341328e+38
2.615062761506276274e+03 4.791405669429643182e+38
2.612330198537095384e+03 5.287739014686673546e+38
2.609603340292275789e+03 4.204213708228271395e+38
2.606882168925964834e+03 5.832076988714436163e+38
2.604166666666666970e+03 4.518073122428915381e+38
2.601456815816857670e+03 4.240548787554264858e+38
2.598752598752598715e+03 4.980161543767725803e+38
2.596053997923157112e+03 4.861746989841237347e+38
2.593360995850622658e+03 5.573802167190532081e+38
2.590673575129533674e+03 6.005849016914337334e+38
2.587991718426500938e+03 5.745679617216312561e+38
2.585315408479834787e+03 5.928744923583458101e+38
2.582644628099173588e+03 4.966416822947099221e+38
2.579979360165119033e+03 5.875871347217262759e+38
2.577319587628865975e+03 6.235390485272972794e+38
2.574665293511843629e+03 6.999391618422436475e+38
2.572016460905349959e+03 6.818316923706680815e+38
2.569373072970195153e+03 7.020884062000924366e+38
2.566735112936345104e+03 7.618167761015126883e+38
2.564102564102564429e+03 7.358554142019622085e+38
2.561475409836065865e+03 7.361818372788569665e+38
2.558853633572160106e+03 7.825494527542131520e+38
2.556237218813905656e+03 8.263303723391280483e+38
2.553626149131767306e+03 7.458788229944387209e+38
2.551020408163265074e+03 8.126758902341318319e+38
2.548419979612640418e+03 8.703186146361374644e+38
2.545824847250509265e+03 8.152917091179386791e+38
2.543234994913530045e+03 9.084802329264032474e+38
2.540650406504064904e+03 9.693344732060127276e+38
2.538071065989847739e+03 8.873214379091238460e+38
2.535496957403651322e+03 1.015266434447749652e+39
2.532928064842958520e+03 1.063493626605485638e+39
2.530364372469635782e+03 1.086118106837087900e+39
2.527805864509605726e+03 1.049434693532493084e+39
2.525252525252525174e+03 1.096216369090304259e+39
2.522704339051463194e+03 9.567854158238553905e+38
2.520161290322580953e+03 1.008005023827403187e+39
2.517623363544813856e+03 9.849404322061961093e+38
2.515090543259557307e+03 1.057522139171265405e+39
2.512562814070351578e+03 9.637531950511623106e+38
2.510040160642570754e+03 1.047004605619766512e+39
2.507522567703109416e+03 8.676691106429957877e+38
2.505010020040080235e+03 8.217902256831344377e+38
2.502502502502502466e+03 8.920553538265414238e+38
2.500000000000000000e+03 7.395980012254445369e+38
2.497502497502497590e+03 7.308995065557174173e+38
2.495009980039920265e+03 6.687961611046226251e+38
2.492522432701894559e+03 7.164335574917872839e+38
2.490039840637450197e+03 5.894204133157579065e+38
2.487562189054726332e+03 5.870276975752075834e+38
2.485089463220675952e+03 5.296033433352846548e+38
2.482621648460774395e+03 5.864771730865106762e+38
2.480158730158730123e+03 4.396683948127702217e+38
2.477700693756194596e+03 4.967493142726289736e+38
2.475247524752475329e+03 4.558082822896105826e+38
2.472799208704253033e+03 4.376460807357188826e+38
2.470355731225296040e+03 3.932453920799489981e+38
2.467917077986179720e+03 3.997065430949344106e+38
2.465483234714004084e+03 3.514974150866623423e+38
2.463054187192118206e+03 4.141355389259414676e+38
2.460629921259842831e+03 3.642571474459339017e+38
2.458210422812192519e+03 2.930780596379252838e+38
2.455795677799607347e+03 3.334848124497056041e+38
2.453385672227674149e+03 3.036982025915078603e+38
2.450980392156862763e+03 2.779208760024967518e+38
2.448579823702252725e+03 3.007451827761094706e+38
2.446183953033268153e+03 3.013594851147276432e+38
2.443792766373411268e+03 2.927589372088431963e+38
2.441406250000000000e+03 2.857384382713892926e+38
2.439024390243902417e+03 2.950936934669009017e+38
2.436647173489278885e+03 2.773931501606046829e+38
2.434274586173320131e+03 2.649307664157885092e+38
2.431906614785992133e+03 3.150498180128105601e+38
2.429543245869776456e+03 2.877220789451523257e+38
2.427184466019417869e+03 2.850567340058705035e+38
2.424830261881668321e+03 2.597003300383284359e+38
2.422480620155038650e+03 2.634760046575227760e+38
2.420135527589544836e+03 3.113786851928173212e+38
2.417794970986460612e+03 3.140546704417028525e+38
2.415458937198067815e+03 3.808258075300315751e+38
2.413127413127413092e+03 3.143776515377573484e+38
2.410800385728061428e+03 3.165320400512124529e+38
2.408477842003853311e+03 3.641122667313356527e+38
2.406159769008661897e+03 3.132149730755718882e+38
2.403846153846153811e+03 3.179452482298491555e+38
2.401536983669548590e+03 3.814443461066879674e+38
2.399232245681381755e+03 3.715374025662442438e+38
2.396931927133269255e+03 3.784180793421928535e+38
2.394636015325670542e+03 3.541390657739266752e+38
2.392344497607655740e+03 3.692064122616103293e+38
2.390057361376673271e+03 4.397228286978942834e+38
2.387774594078318842e+03 4.178239822687984339e+38
2.385496183206106707e+03 4.662730530698956773e+38
2.383222116301239112e+03 3.500985690662746879e+38
2.380952380952380736e+03 4.228849808771873781e+38
2.378686964795433141e+03 4.083097087296876146e+38
2.376425855513307852e+03 4.137141252836126546e+38
2.374169040835707619e+03 3.791925907461836046e+38
2.371916508538899507e+03 3.819974912384645605e+38
2.369668246445497516e+03 4.259232572225746436e+38
2.367424242424242493e+03 4.673435589795613352e+38
2.365184484389782483e+03 4.367361161739949197e+38
2.362948960302457635e+03 4.609897938808169396e+38
2.360717658168083290e+03 3.924163179475808103e+38
2.358490566037735789e+03 4.384616649756610258e+38
2.356267672007540114e+03 4.214441193119177141e+38
2.354048964218455694e+03 4.262721792204972828e+38
2.351834430856067684e+03 4.143495580973250039e+38
2.349624060150375954e+03 3.475949519514776441e+38
2.347417840375586820e+03 4.067537905911540477e+38
2.345215759849906135e+03 4.006679152971217934e+38
2.343017806935332828e+03 4.022811103683525562e+38
2.340823970037453364e+03 3.982373881820127702e+38
2.338634237605238468e+03 3.668056108353541728e+38
2.336448598130841219e+03 3.891818477206773164e+38
2.334267040149393324e+03 4.446208549556107099e+38
2.332089552238805936e+03 4.106333244887122606e+38
2.329916123019571387e+03 4.804233455266645494e+38
2.327746741154562187e+03 4.267457166211725972e+38
2.325581395348837304e+03 3.717887623620673821e+38
2.323420074349442075e+03 3.735643359534679336e+38
2.321262766945218118e+03 3.914140472895705993e+38
2.319109461966604613e+03 3.820680279657989395e+38
2.316960148285449577e+03 4.902220293261850695e+38
2.314814814814814781e+03 3.811056034142645975e+38
2.312673450508788392e+03 4.846464999963502656e+38
2.310536044362292159e+03 4.427410841269020250e+38
2.308402585410895426e+03 4.250396785525678609e+38
2.306273062730627316e+03 3.457161295818755242e+38
2.304147465437788014e+03 3.489298536273934052e+38
2.302025782688765958e+03 3.253902217249359349e+38
2.299908003679852754e+03 4.509964332120106753e+38
2.297794117647058556e+03 3.123266999534088422e+38
2.295684113865931977e+03 3.782724801989234122e+38
2.293577981651376376e+03 3.828101961856555425e+38
2.291475710357470234e+03 3.674870615565873657e+38
2.289377289377289344e+03 3.056230740924446386e+38
2.287282708142726278e+03 3.396055362859203504e+38
2.285191956124314402e+03 3.158234785017081777e+38
2.283105022831050064e+03 3.318795756389218416e+38
2.281021897810218888e+03 2.811557941340353201e+38
2.278942570647219782e+03 2.561931312974482631e+38
2.276867030965391677e+03 3.152769561916703709e+38
2.274795268425841641e+03 2.844044103954660526e+38
2.272727272727272521e+03 2.456979482902230773e+38
2.270663033605812871e+03 2.883175831033313570e+38
2.268602540834845968e+03 1.956162859802194024e+38
2.266545784224841100e+03 2.964425435945138326e+38
2.264492753623188491e+03 2.521413965961606607e+38
2.262443438914026956e+03 2.337958559436354423e+38
2.260397830018083368e+03 2.114759182317049047e+38
2.258355916892502592e+03 2.430867772182681321e+38
2.256317689530686039e+03 1.684134726532228891e+38
2.254283137962127967e+03 1.927226957130213367e+38
2.252252252252252219e+03 2.057024969922365125e+38
2.250225022502250340e+03 1.683000260201224006e+38
2.248201438848921043e+03 2.318458785001575181e+38
2.246181491464510600e+03 1.885400276007404362e+38
2.244165170556553221e+03 1.464765260254276198e+38
2.242152466367712805e+03 1.752740117142825796e+38
2.240143369175627413e+03 1.848820764636903236e+38
2.238137869292748292e+03 2.104781153233860216e+38
2.236135957066189349e+03 2.421099152028185445e+38
2.234137622877569356e+03 1.349075230888709919e+38
2.232142857142857338e+03 1.680769393311611730e+38
2.230151650312221136e+03 1.679593820478924820e+38
2.228163992869875074e+03 1.740034269972325002e+38
2.226179875333926702e+03 1.436758100519350598e+38
2.224199288256227646e+03 1.437691140400475515e+38
2.222222222222222172e+03 1.670798641903954722e+38
2.220248667850799393e+03 2.199933895066570704e+38
2.218278615794143661e+03 1.956156835429300123e+38
2.216312056737588591e+03 1.187090904775673785e+38
2.214348981399468357e+03 1.540357116735595154e+38
2.212389380530973540e+03 1.678269563817899850e+38
2.210433244916003332e+03 1.684365006368314842e+38
2.208480565371024568e+03 1.893755029016354725e+38
2.206531332744924839e+03 1.779348799530960154e+38
2.204585537918871069e+03 1.898048803596034790e+38
2.202643171806167629e+03 1.750868094785012760e+38
2.200704225352112644e+03 1.764560347629822084e+38
2.198768689533861107e+03 1.564789434766370565e+38
2.196836555360281181e+03 1.830670712255331028e+38
2.194907813871817325e+03 2.093561574236011225e+38
2.192982456140350678e+03 2.048977006995868618e+38
2.191060473269062186e+03 1.489101169314494998e+38
2.189141856392294358e+03 2.018454461787664212e+38
2.187226596675415749e+03 1.846330857885702145e+38
2.185314685314684994e+03 1.654778484614694534e+38
2.183406113537118017e+03 2.048240716429275438e+38
2.181500872600348885e+03 2.205726400667699728e+38
2.179598953792502016e+03 1.755070286292221206e+38
2.177700348432055762e+03 1.491091358600102343e+38
2.175805047867710982e+03 1.530719884326435173e+38
2.173913043478260988e+03 1.621817124248302841e+38
2.172024326672458756e+03 1.538883964038498642e+38
2.170138888888888687e+03 1.900312373615915839e+38
2.168256721595837007e+03 1.711501477944751674e+38
2.166377816291161253e+03 1.948629506886289248e+38
2.164502164502164305e+03 1.364540553652860630e+38
2.162629757785467064e+03 1.543746413869495685e+38
2.160760587726879749e+03 1.639710937177188212e+38
2.158894645941277759e+03 1.606266489503000415e+38
2.157031924072476158e+03 1.222059725051519864e+38
2.155172413793103715e+03 1.780193657328368727e+38
2.153316106804478750e+03 1.510663686402688504e+38
2.151462994836488633e+03 1.695672521168767976e+38
2.149613069647463362e+03 2.070926877954504918e+38
2.147766323024055055e+03 1.460560980321503134e+38
2.145922746781116075e+03 1.422191577445839919e+38
2.144082332761578073e+03 1.739262941370511818e+38
2.142245072836332383e+03 1.386924634823390542e+38
2.140410958904109521e+03 1.764909091257475419e+38
2.138579982891360032e+03 2.054334958318950589e+38
2.136752136752136721e+03 1.609498115712776877e+38
2.134927412467975955e+03 1.586022437142647057e+38
2.133105802047781708e+03 1.653740336839387278e+38
2.131287297527706414e+03 2.262174612326188711e+38
2.129471890971039102e+03 2.205453915166290505e+38
2.127659574468084884e+03 1.511000503059740060e+38
2.125850340136054456e+03 1.633892719723500870e+38
2.124044180118946315e+03 1.703128938431639417e+38
2.122241086587436257e+03 1.777562387052688946e+38
2.120441051738761416e+03 1.627724574802970691e+38
2.118644067796610216e+03 1.376735413217482457e+38
2.116850127011007316e+03 1.561671039648567112e+38
2.115059221658206297e+03 1.603278361371896918e+38
2.113271344040574604e+03 1.786261657580123498e+38
2.111486486486486228e+03 1.903034579622582805e+38
2.109704641350210750e+03 1.520788879405632462e+38
2.107925801011804197e+03 1.691787649461363097e+38
2.106149957877000816e+03 1.520140289173010184e+38
2.104377104377104388e+03 1.435648937093916641e+38
2.102607232968881362e+03 1.647872474347910284e+38
2.100840336134453537e+03 1.951426179878243981e+38
2.099076406381192101e+03 1.477692776667680089e+38
2.097315436241610769e+03 1.832768566080741429e+38
2.095557418273260737e+03 1.507577509061777320e+38
2.093802345058626543e+03 1.885853164361602880e+38
2.092050209205020565e+03 1.674952400712370397e+38
2.090301003344481614e+03 1.900306221542140749e+38
2.088554720133667615e+03 1.929626329200015510e+38
2.086811352253756468e+03 1.640816980268949285e+38
2.085070892410341912e+03 1.613283997624637253e+38
2.083333333333333030e+03 2.000961831312495956e+38
2.081598667776852380e+03 1.283104211970075827e+38
2.079866888519135045e+03 1.720019542088863997e+38
2.078137988362427222e+03 1.685085838429101318e+38
2.076411960132890272e+03 1.661656052196752888e+38
2.074688796680497944e+03 1.781967981329227018e+38
2.072968490878938610e+03 1.571316723676891903e+38
2.071251035625517943e+03 1.958963262203629510e+38
2.069536423841059786e+03 1.999542904315106743e+38
2.067824648469809745e+03 1.675207986441540439e+38
2.066115702479338779e+03 1.897349202297371810e+38
2.064409578860445890e+03 1.982879237313337916e+38
2.062706270627062622e+03 1.878454374617755330e+38
2.061005770816158019e+03 1.669818855421140848e+38
2.059308072487644040e+03 1.952904003906283577e+38
2.057613168724279603e+03 2.322192485300113153e+38
2.055921052631578732e+03 2.194308837810545236e+38
2.054231717337715509e+03 1.868285940915971680e+38
2.052545155993431763e+03 1.893522963523586655e+38
2.050861361771944303e+03 2.058689269229841635e+38
2.049180327868852601e+03 2.177263561306469013e+38
2.047502047502047390e+03 2.569642765360933727e+38
2.045826513911620395e+03 1.907712268616510525e+38
2.044153720359770887e+03 1.923290948342805064e+38
2.042483660130719045e+03 2.336997030788989773e+38
2.040816326530612287e+03 1.860185710594377509e+38
2.039151712887438862e+03 2.740315578637799008e+38
2.037489812550937131e+03 2.361746637134240670e+38
2.035830618892508255e+03 2.333713670861199573e+38
2.034174125305126154e+03 2.690433702421502664e+38
2.032520325203251787e+03 2.804757307929795068e+38
2.030869212022745842e+03 2.845747387211972186e+38
2.029220779220779150e+03 2.311390722270928708e+38
2.027575020275750376e+03 3.272167568932643322e+38
2.025931928687195978e+03 3.417611188829610988e+38
2.024291497975708580e+03 2.817905561268710626e+38
2.022653721682847845e+03 2.844494828560065445e+38
2.021018593371059069e+03 2.696067360949756534e+38
2.019386106623586329e+03 2.818394755718829504e+38
2.017756255044390628e+03 3.100736438523782608e+38
2.016129032258064399e+03 3.402024488301737641e+38
2.014504431909750110e+03 2.883277040630376413e+38
2.012882447665056361e+03 2.958718935150441240e+38
2.011263073209975801e+03 2.383302697483943462e+38
2.009646302250803956e+03 3.398370406040102964e+38
2.008032128514056240e+03 3.241900018566675808e+38
2.006420545746388370e+03 3.198308363652807166e+38
2.004811547714514745e+03 3.140309351613590477e+38
2.003205128205128176e+03 3.553532399777056023e+38
2.001601281024819855e+03 2.792520850674534199e+38
