1.000000000000000000e+04 5.199393380179940911e+38
9.960159362549800790e+03 4.734390199068802275e+38
9.920634920634920491e+03 4.876588049810353086e+38
9.881422924901184160e+03 4.926810309560685823e+38
9.842519685039371325e+03 4.682255522039405574e+38
9.803921568627451052e+03 4.238065185825214360e+38
9.765625000000000000e+03 5.996253366246407433e+38
9.727626459143968532e+03 5.103467920683334243e+38
9.689922480620154602e+03 6.120521787052751083e+38
9.652509652509652369e+03 6.123560403901446862e+38
9.615384615384615245e+03 5.212650199559178383e+38
9.578544061302682167e+03 4.932572182011741016e+38
9.541984732824426828e+03 7.008671864661223158e+38
9.505703422053231407e+03 5.495996261062513838e+38
9.469696969696969973e+03 5.399775827076557078e+38
9.433962264150943156e+03 5.439159301602802500e+38
9.398496240601503814e+03 6.125244508418632274e+38
9.363295880149813456e+03 6.939064552178965680e+38
9.328358208955223745e+03 6.458040100733829487e+38
9.293680297397768300e+03 8.109797520156110457e+38
9.259259259259259125e+03 6.606668092818373149e+38
9.225092250922509265e+03 7.549976699360113799e+38
9.191176470588234224e+03 7.557658448338078276e+38
9.157509157509157376e+03 6.421087235991812699e+38
9.124087591240875554e+03 7.227979835571893660e+38
9.090909090909090082e+03 9.118512485571593029e+38
9.057971014492753966e+03 7.721007567403154859e+38
9.025270758122744155e+03 6.392099245864676518e+38
8.992805755395684173e+03 8.437252662243957161e+38
8.960573476702509652e+03 7.531811634311967498e+38
8.928571428571429351e+03 7.501459213232374701e+38
8.896797153024910585e+03 9.434412879898898768e+38
8.865248226950354365e+03 1.077274125705434021e+39
8.833922261484098271e+03 1.095257621836586094e+39
8.802816901408450576e+03 1.197551444004359304e+39
8.771929824561402711e+03 1.058119065548600677e+39
8.741258741258739974e+03 1.077498256031949156e+39
8.710801393728223047e+03 1.269267249048620363e+39
8.680555555555554747e+03 1.351286932765564722e+39
8.650519031141868254e+03 1.181517900646316197e+39
8.620689655172414859e+03 1.233145000689728826e+39
8.591065292096220219e+03 1.153749748803555836e+39
8.561643835616438082e+03 1.344337927812564950e+39
8.532423208191126832e+03 1.202592257155322990e+39
8.503401360544217823e+03 1.235739452472863791e+39
8.474576271186440863e+03 1.082694425805449148e+39
8.445945945945944914e+03 1.201232619113126188e+39
8.417508417508417551e+03 1.017253568721058829e+39
8.389261744966443075e+03 1.111183726808071055e+39
8.361204013377926458e+03 1.052892432955416599e+39
8.333333333333332121e+03 1.147438248203754011e+39
8.305647840531561087e+03 1.216807750614692102e+39
8.278145695364239145e+03 1.040051526521545935e+39
8.250825082508250489e+03 1.094650489898416659e+39
8.223684210526314928e+03 1.038255362234209439e+39
8.196721311475410403e+03 9.559190435935296849e+38
8.169934640522876180e+03 9.657065185011516499e+38
8.143322475570033021e+03 8.540798780036878039e+38
8.116883116883116600e+03 8.162037563967380976e+38
8.090614886731391380e+03 8.998852342519487283e+38
8.064516129032257595e+03 6.970271016395950932e+38
8.038585209003215823e+03 7.632191510626609228e+38
8.012820512820512704e+03 1.066328194515902620e+39
7.987220447284345028e+03 9.754819755488751666e+38
7.961783439490445744e+03 1.103768233755247572e+39
7.936507936507936392e+03 1.095828365324320896e+39
7.911392405063291335e+03 9.702272061726254581e+38
7.886435331230282827e+03 1.314700499625532494e+39
7.861635220125785963e+03 1.309809372535463021e+39
7.836990595611284334e+03 1.380852883101687882e+39
7.812500000000000000e+03 1.225200083574741349e+39
7.788161993769470428e+03 1.445403213880754039e+39
7.763975155279502360e+03 1.397147087922007527e+39
7.739938080495356189e+03 1.282314039537754208e+39
7.716049382716049877e+03 1.256888705789638220e+39
7.692307692307692378e+03 1.191132275339778228e+39
7.668711656441717423e+03 1.110048336674507066e+39
7.645259938837920345e+03 1.104387157088357825e+39
7.621951219512195166e+03 1.139622770302048701e+39
7.598784194528874650e+03 1.245251005584721964e+39
7.575757575757575978e+03 1.310941221357452584e+39
7.552870090634441112e+03 1.351372376130293117e+39
7.530120481927709989e+03 1.286746390459877746e+39
7.507507507507507398e+03 1.307836100210849045e+39
7.485029940119759885e+03 1.416504631341458457e+39
7.462686567164178996e+03 1.273252802818740797e+39
7.440476190476189913e+03 1.293769581586398137e+39
7.418397626112760008e+03 1.318449529061201930e+39
7.396449704142011797e+03 1.145307799323892205e+39
7.374631268436578466e+03 1.500016106404016612e+39
7.352941176470588289e+03 1.669840131607897798e+39
7.331378299120234260e+03 1.440528115952451549e+39
7.309941520467836199e+03 1.661984561515204847e+39
7.288629737609328913e+03 1.471098084326346671e+39
7.267441860465115496e+03 1.971891921022940932e+39
7.246376811594202991e+03 1.648050334692319052e+39
7.225433526011562208e+03 1.541794929385680204e+39
7.204610951008646225e+03 1.807729895804720081e+39
7.183908045977012080e+03 1.591994020882911480e+39
7.163323782234958344e+03 1.817558763509144244e+39
7.142857142857144026e+03 1.733892366741561498e+39
7.122507122507122403e+03 1.710755447507227893e+39
7.102272727272727934e+03 1.378759023575667236e+39
7.082152974504250778e+03 1.570573778115817329e+39
7.062146892655367992e+03 1.459816429360248188e+39
7.042253521126761370e+03 1.590191537570628615e+39
7.022471910112360092e+03 1.618998323059781619e+39
7.002801120448179972e+03 1.810833406046135075e+39
6.983240223463687471e+03 1.479841643978077023e+39
6.963788300835655718e+03 1.829134731251080898e+39
6.944444444444445253e+03 1.852617494570512558e+39
6.925207756232687643e+03 1.884633316139889615e+39
6.906077348066298327e+03 2.017545860580754042e+39
6.887052341597796840e+03 1.657934953503649802e+39
6.868131868131868941e+03 1.831527534309159239e+39
6.849315068493150648e+03 1.697367163984780973e+39
6.830601092896175942e+03 1.766583623998472798e+39
6.811989100817439066e+03 1.851168262196532805e+39
6.793478260869565020e+03 1.742173747992281223e+39
6.775067750677507320e+03 1.956403338766542331e+39
6.756756756756757568e+03 1.968079014420826801e+39
6.738544474393531345e+03 1.998865436765195961e+39
6.720430107526882239e+03 2.100652874560405950e+39
6.702412868632708523e+03 2.199941818137986703e+39
6.684491978609626130e+03 2.335245211308884039e+39
6.666666666666666970e+03 2.121053394504338942e+39
6.648936170212766228e+03 2.253909287614965627e+39
6.631299734748011360e+03 2.398117489063315849e+39
6.613756613756614570e+03 2.116727448406000467e+39
6.596306068601584229e+03 2.350473356415484609e+39
6.578947368421053397e+03 2.249502415345750886e+39
6.561679790026246337e+03 2.863491028368650539e+39
6.544502617801047563e+03 2.583829613912574653e+39
6.527415143603133401e+03 2.763332824929053672e+39
6.510416666666666970e+03 2.761108791412909621e+39
6.493506493506493825e+03 2.784482441270198255e+39
6.476683937823834640e+03 2.799235568722706308e+39
6.459948320413436704e+03 3.272768044105962675e+39
6.443298969072166074e+03 3.042108616074703459e+39
6.426735218508998514e+03 3.680708801696731100e+39
6.410256410256411073e+03 3.324340408112988090e+39
6.393861892583120607e+03 3.799285531743263291e+39
6.377551020408163822e+03 3.343162936714255187e+39
6.361323155216285159e+03 3.699849482680753213e+39
6.345177664974619802e+03 3.238279600466097194e+39
6.329113924050633614e+03 3.404093126584179772e+39
6.313131313131313618e+03 3.784141183188614435e+39
6.297229219143578121e+03 3.782442559909147853e+39
6.281407035175879173e+03 3.743356820208742491e+39
6.265664160401002846e+03 3.652613929437529432e+39
6.250000000000000000e+03 3.249065611366336400e+39
6.234413965087282122e+03 2.908108761480307004e+39
6.218905472636815830e+03 2.637917269669838437e+39
6.203473945409429689e+03 2.580789288735365814e+39
6.188118811881187867e+03 2.427513544714949543e+39
6.172839506172839720e+03 1.946544791507595937e+39
6.157635467980296198e+03 1.556199286525895661e+39
6.142506142506142169e+03 1.467982563011638583e+39
6.127450980392157362e+03 1.411350073671111806e+39
6.112469437652812303e+03 1.437512967076761038e+39
6.097560975609756497e+03 1.670247531862239647e+39
6.082725060827250672e+03 2.146102533459434076e+39
6.067961165048543990e+03 2.500314292108689741e+39
6.053268765133172565e+03 3.164954106719661352e+39
6.038647342995169311e+03 2.989815206980685916e+39
6.024096385542168719e+03 3.948957845665810920e+39
6.009615384615384755e+03 3.756597608918248025e+39
5.995203836930456418e+03 4.092120766831271508e+39
5.980861244019139122e+03 4.357038184612558718e+39
5.966587112171837362e+03 3.454794737065563499e+39
5.952380952380953204e+03 4.067166832248711704e+39
5.938242280285036031e+03 4.059348735719685615e+39
5.924170616113744472e+03 4.232976143554644926e+39
5.910165484633570486e+03 4.495062909158331205e+39
5.896226415094340155e+03 3.835895111491809657e+39
5.882352941176471177e+03 4.211162185234665858e+39
5.868544600938967960e+03 3.623769441258731064e+39
5.854800936768150677e+03 4.211189174566781121e+39
5.841121495327102821e+03 3.873264297233107359e+39
5.827505827505828165e+03 3.865755212917295604e+39
5.813953488372092579e+03 3.800454818421179712e+39
5.800464037122970694e+03 3.827347705742483961e+39
5.787037037037036498e+03 3.280435847492796641e+39
5.773672055427252417e+03 3.347109577088560041e+39
5.760368663594470490e+03 3.515963937142918842e+39
5.747126436781609300e+03 3.594073128579251075e+39
5.733944954128441168e+03 4.296041701214691365e+39
5.720823798627002361e+03 3.634459987237356264e+39
5.707762557077625388e+03 3.716516250270597082e+39
5.694760820045557921e+03 3.879119322957210656e+39
5.681818181818181984e+03 4.081677830952790996e+39
5.668934240362811579e+03 4.293858164260653154e+39
5.656108597285067844e+03 4.669820698549063571e+39
5.643340857787810819e+03 4.484172845260462678e+39
5.630630630630630549e+03 4.602558147028879431e+39
5.617977528089887528e+03 4.189999026482199006e+39
5.605381165919282466e+03 4.518003633480305696e+39
5.592841163310962656e+03 4.508838486334905823e+39
5.580357142857143117e+03 4.575509997776526518e+39
5.567928730512249786e+03 5.071933216209031585e+39
5.555555555555556566e+03 3.990804730129368094e+39
5.543237250554323509e+03 3.780384222196009236e+39
5.530973451327433395e+03 4.405889338301693976e+39
5.518763796909493067e+03 3.797328854494030444e+39
5.506607929515418618e+03 3.803344679900626267e+39
5.494505494505495335e+03 3.237564317657857330e+39
5.482456140350877831e+03 3.808414749612103150e+39
5.470459518599563125e+03 3.244112858569270732e+39
5.458515283842795725e+03 3.374260243967218616e+39
5.446623093681916544e+03 3.449332551338054862e+39
5.434782608695652925e+03 3.732697825187613078e+39
5.422993492407808844e+03 3.822012943391756586e+39
5.411255411255411673e+03 3.978387141720733790e+39
5.399568034557235478e+03 3.775209184537774614e+39
5.387931034482759060e+03 4.056115069436868177e+39
5.376344086021505973e+03 4.262258117472904217e+39
5.364806866952789278e+03 4.028756000850010174e+39
5.353319057815846463e+03 4.321447284400820865e+39
5.341880341880342712e+03 3.973479666060805568e+39
5.330490405117270711e+03 3.850224980606132160e+39
5.319148936170213346e+03 4.022149792084770663e+39
5.307855626326964739e+03 3.738403051635277149e+39
5.296610169491525085e+03 3.432514564726205710e+39
5.285412262156448378e+03 3.629488905069282124e+39
5.274261603375527557e+03 3.207885325189860274e+39
5.263157894736842536e+03 4.479174915880664175e+39
5.252100840336134752e+03 4.376088369817750907e+39
5.241090146750523672e+03 5.010181066890900139e+39
5.230125523012552549e+03 4.979149228841482057e+39
5.219206680584551577e+03 5.483050277506836021e+39
5.208333333333333940e+03 5.587050765358466001e+39
5.197505197505197430e+03 5.536181549605659024e+39
5.186721991701245315e+03 5.608142673614986635e+39
5.175983436853001876e+03 5.357444531484935732e+39
5.165289256198347175e+03 4.698390645004066471e+39
5.154639175257731949e+03 5.184759245501895479e+39
5.144032921810699918e+03 5.690542510836690774e+39
5.133470225872690207e+03 5.931791310713883419e+39
5.122950819672131729e+03 5.346105209116177721e+39
5.112474437627811312e+03 5.813498655627787315e+39
5.102040816326530148e+03 5.278008366184791339e+39
5.091649694501018530e+03 5.436492422794318027e+39
5.081300813008129808e+03 5.184277129564455717e+39
5.070993914807302644e+03 5.545124412219874103e+39
5.060728744939271564e+03 5.277223408581845374e+39
5.050505050505050349e+03 4.807627681001664775e+39
5.040322580645161906e+03 4.258316305247428520e+39
5.030181086519114615e+03 4.835804529828753125e+39
5.020080321285141508e+03 5.293120429876200865e+39
5.010020040080160470e+03 5.725300555654990794e+39
5.000000000000000000e+03 5.344910461821497087e+39
4.990019960079840530e+03 4.729698777784821536e+39
4.980079681274900395e+03 5.127185181939086237e+39
4.970178926441351905e+03 5.182713822491808869e+39
4.960317460317460245e+03 5.126954630792040011e+39
4.950495049504950657e+03 4.776243945065111024e+39
4.940711462450592080e+03 4.144292093139058341e+39
4.930966469428008168e+03 3.905499651822683930e+39
4.921259842519685662e+03 4.918015816121727051e+39
4.911591355599214694e+03 4.226248123919133064e+39
4.901960784313725526e+03 4.271996287336822065e+39
4.892367906066536307e+03 3.499102328311397336e+39
4.882812500000000000e+03 4.255120092975318465e+39
4.873294346978557769e+03 3.725555737522962002e+39
4.863813229571984266e+03 4.141925325067619776e+39
4.854368932038835737e+03 4.374773058745766308e+39
4.844961240310077301e+03 4.542443970196223328e+39
4.835589941972921224e+03 4.924591136441933209e+39
4.826254826254826185e+03 5.402917862336046746e+39
4.816955684007706623e+03 5.405538931614951069e+39
4.807692307692307622e+03 5.125793076220560127e+39
4.798464491362763511e+03 5.322031887114316311e+39
4.789272030651341083e+03 5.467180169863050492e+39
4.780114722753346541e+03 5.410928423838624538e+39
4.770992366412213414e+03 5.154191082155138435e+39
4.761904761904761472e+03 4.929785242192308939e+39
4.752851711026615703e+03 5.148401457083478539e+39
4.743833017077799013e+03 6.150710088635324665e+39
4.734848484848484986e+03 5.232022214250530475e+39
4.725897920604915271e+03 5.430053186320146503e+39
4.716981132075471578e+03 5.492482858511998073e+39
4.708097928436911388e+03 5.542056421430081129e+39
4.699248120300751907e+03 5.286076837946966674e+39
4.690431519699812270e+03 5.332452446886692409e+39
4.681647940074906728e+03 5.600093673617235623e+39
4.672897196261682438e+03 5.846658594038195363e+39
4.664179104477611872e+03 5.861057039586869878e+39
4.655493482309124374e+03 6.255760490442515741e+39
4.646840148698884150e+03 6.193796051321471702e+39
4.638218923933209226e+03 6.442406463115257268e+39
4.629629629629629562e+03 6.665624351150942188e+39
4.621072088724584319e+03 6.764056348917727831e+39
4.612546125461254633e+03 7.178488281095000226e+39
4.604051565377531915e+03 8.133469499389257052e+39
4.595588235294117112e+03 7.477133010494159789e+39
4.587155963302752752e+03 7.889602209333645062e+39
4.578754578754578688e+03 7.717584142544344821e+39
4.570383912248628803e+03 8.128883262933819331e+39
4.562043795620437777e+03 8.793433157059712501e+39
4.553734061930783355e+03 8.830599486587208717e+39
4.545454545454545041e+03 8.128395385240762146e+39
4.537205081669691936e+03 8.371391981309481607e+39
4.528985507246376983e+03 7.612155703614667446e+39
4.520795660036166737e+03 8.309263449429192321e+39
4.512635379061372078e+03 8.338428181463946656e+39
4.504504504504504439e+03 7.990810482496305968e+39
4.496402877697842086e+03 8.804445667446512738e+39
4.488330341113106442e+03 7.829792409727634077e+39
4.480286738351254826e+03 7.889952577864959522e+39
4.472271914132378697e+03 7.436049103898618762e+39
4.464285714285714675e+03 7.803448749534800366e+39
4.456327985739750147e+03 7.521110177141779922e+39
4.448398576512455293e+03 7.573853693661393870e+39
4.440497335701598786e+03 7.581590806466434037e+39
4.432624113475177182e+03 7.330081469718774173e+39
4.424778761061947080e+03 7.080998529253236230e+39
4.416961130742049136e+03 8.205933323223584904e+39
4.409171075837742137e+03 7.930550172856979725e+39
4.401408450704225288e+03 7.381589660124209528e+39
4.393673110720562363e+03 8.341001271791624706e+39
4.385964912280701355e+03 7.438041034498315177e+39
4.378283712784588715e+03 7.545302381966988084e+39
4.370629370629369987e+03 7.404370433327034067e+39
4.363001745200697769e+03 6.304347112689590668e+39
4.355400696864111524e+03 6.314786174875039847e+39
4.347826086956521976e+03 6.226008652679086138e+39
4.340277777777777374e+03 6.142415953485615530e+39
4.332755632582322505e+03 5.647192737700949803e+39
4.325259515570934127e+03 6.203928635954993553e+39
4.317789291882555517e+03 6.459615103449831678e+39
4.310344827586207430e+03 6.749736187384266316e+39
4.302925989672977266e+03 6.784357074159410765e+39
4.295532646048110109e+03 6.761149374335331112e+39
4.288164665523156145e+03 6.774493171156475066e+39
4.280821917808219041e+03 6.957079996452575493e+39
4.273504273504273442e+03 7.719153900362210456e+39
4.266211604095563416e+03 7.206660907689214644e+39
4.258943781942078203e+03 8.147863746283274658e+39
4.251700680272108912e+03 6.783125807249849694e+39
4.244482173174872514e+03 7.474347875766784501e+39
4.237288135593220431e+03 7.366693263903313963e+39
4.230118443316412595e+03 7.069565604970338172e+39
4.222972972972972457e+03 7.732137221164463331e+39
4.215851602023608393e+03 7.773104351792222826e+39
4.208754208754208776e+03 9.003116480920360868e+39
4.201680672268907074e+03 7.995207152013360026e+39
4.194630872483221538e+03 8.442202876372090516e+39
4.187604690117253085e+03 8.833674624649313543e+39
4.180602006688963229e+03 8.305903600316396734e+39
4.173622704507512935e+03 1.028105540529196039e+40
4.166666666666666060e+03 1.032513600621089877e+40
4.159733777038270091e+03 1.056907496799387513e+40
4.152823920265780544e+03 1.026331564504400571e+40
4.145936981757877220e+03 1.062631718423327905e+40
4.139072847682119573e+03 1.021842552095330529e+40
4.132231404958677558e+03 9.560605532644197845e+39
4.125412541254125244e+03 1.204396051319664698e+40
4.118616144975288080e+03 1.190163863186983215e+40
4.111842105263157464e+03 1.222184299174446389e+40
4.105090311986863526e+03 1.276171732587433413e+40
4.098360655737705201e+03 1.233771709147430429e+40
4.091653027823240791e+03 1.208855172081996326e+40
4.084967320261438090e+03 1.181080557517201050e+40
4.078303425774877724e+03 1.099281465628910228e+40
4.071661237785016510e+03 1.110303708725485845e+40
4.065040650406503573e+03 1.224259647544158269e+40
4.058441558441558300e+03 1.149728052157985261e+40
4.051863857374391955e+03 1.073443284695901282e+40
4.045307443365695690e+03 1.170546586008690619e+40
4.038772213247172658e+03 1.094478473508884798e+40
4.032258064516128798e+03 1.029052712088015636e+40
4.025764895330112722e+03 1.016572254198639281e+40
4.019292604501607912e+03 9.480583140439163423e+39
4.012841091492776741e+03 9.887424346949579741e+39
4.006410256410256352e+03 9.665270275056575012e+39
4.000000000000000000e+03 1.015589483665215801e+40
3.993610223642172514e+03 1.060712282143906865e+40
3.987240829346092596e+03 9.775951830445281386e+39
3.980891719745222872e+03 1.018829236084426065e+40
3.974562798092209505e+03 1.014760196633495476e+40
3.968253968253968196e+03 1.105207636667199098e+40
3.961965134706814297e+03 1.079880256139075021e+40
3.955696202531645667e+03 1.131509694080553020e+40
3.949447077409162375e+03 1.069642913438564330e+40
3.943217665615142778e+03 1.060972640936144025e+40
3.937007874015748257e+03 1.131672574729941261e+40
3.930817610062893436e+03 8.864727976308385839e+39
3.924646781789639590e+03 1.044191921473499635e+40
3.918495297805643531e+03 1.033154891952078239e+40
3.912363067292645155e+03 9.928777233683274980e+39
3.906250000000000455e+03 1.027034156936999012e+40
3.900156006240250008e+03 9.014110889798467875e+39
3.894080996884735669e+03 1.005337473504852837e+40
3.888024883359254090e+03 9.758009999354698873e+39
3.881987577639752089e+03 9.717994789818477923e+39
3.875968992248062477e+03 9.266369706498347070e+39
3.869969040247678549e+03 8.429036707043566960e+39
3.863987635239567680e+03 7.798265472738827174e+39
3.858024691358025393e+03 6.354845640598717866e+39
3.852080123266564897e+03 7.061161499965914667e+39
3.846153846153846644e+03 5.400217041701595184e+39
3.840245775729647448e+03 5.751621164864687762e+39
3.834355828220859166e+03 5.130318003483361580e+39
3.828483920367534665e+03 5.500059489361810488e+39
3.822629969418960627e+03 6.003191082397469434e+39
3.816793893129771277e+03 4.789347853365393062e+39
3.810975609756098038e+03 5.908073273478664385e+39
3.805175038051750562e+03 4.093627212113027452e+39
3.799392097264437780e+03 4.880158830453757189e+39
3.793626707132018510e+03 4.996577837959107866e+39
3.787878787878788444e+03 5.764621485313011402e+39
3.782148260211800789e+03 5.460153008488552772e+39
3.776435045317221011e+03 4.470575130752123129e+39
3.770739064856712503e+03 5.371425451867774280e+39
3.765060240963855904e+03 4.723410640466699788e+39
3.759398496240602071e+03 4.416816050751784894e+39
3.753753753753754154e+03 3.854971350975701008e+39
3.748125937031484682e+03 1.762411160129158532e+39
3.742514970059880852e+03 1.514261260284996702e+39
3.736920777279522099e+03 1.646443501748803293e+39
3.731343283582089953e+03 1.180248135450036235e+39
3.725782414307005183e+03 1.300375812313968758e+39
3.720238095238095866e+03 1.270355072721006138e+39
3.714710252600297736e+03 1.455969575278545734e+39
3.709198813056380459e+03 1.507019464628732473e+39
3.703703703703703923e+03 1.324416058998003802e+39
3.698224852071006353e+03 1.398916873038404223e+39
3.692762186115214718e+03 1.372862603549442218e+39
3.687315634218289688e+03 1.709057392614809574e+39
3.681885125184094704e+03 1.742044188243443263e+39
3.676470588235294599e+03 2.256130629829105960e+39
3.671071953010279231e+03 2.644535230405922921e+39
3.665689149560117585e+03 2.810188620736894062e+39
3.660322108345534616e+03 3.398012852632613871e+39
3.654970760233918554e+03 3.825220390099102397e+39
3.649635036496350949e+03 4.205575516075337910e+39
3.644314868804665366e+03 5.097133195146499372e+39
3.639010189228530180e+03 5.809374346861888504e+39
3.633720930232558203e+03 7.803755693856031932e+39
3.628447024673439955e+03 6.970813872599898427e+39
3.623188405797101950e+03 8.180948668243486321e+39
3.617945007235890444e+03 8.475349849972709441e+39
3.612716763005781104e+03 8.001789296928354590e+39
3.607503607503607782e+03 8.351467043608827475e+39
3.602305475504323113e+03 8.618351966304447004e+39
3.597122302158274124e+03 7.776545278163479545e+39
3.591954022988506040e+03 8.175532458015029363e+39
3.586800573888092003e+03 8.485299299579061771e+39
3.581661891117479172e+03 8.653205512079274744e+39
3.576537911301859822e+03 8.924881048759395711e+39
3.571428571428572013e+03 8.912233070287345501e+39
3.566333808844508440e+03 9.133555379353602530e+39
3.561253561253561202e+03 8.573812337474110791e+39
3.556187766714082954e+03 9.512607229904665538e+39
3.551136363636363967e+03 8.536675205644866299e+39
3.546099290780142383e+03 8.730265676897415569e+39
3.541076487252125389e+03 8.319918466458747023e+39
3.536067892503536314e+03 7.063274486767491757e+39
3.531073446327683996e+03 7.463187826277071384e+39
3.526093088857546263e+03 6.790108068981291987e+39
3.521126760563380685e+03 7.264392084695341162e+39
3.516174402250352159e+03 7.075823420361467353e+39
3.511235955056180046e+03 7.217568586457664492e+39
3.506311360448808045e+03 7.183312549395593623e+39
3.501400560224089986e+03 7.474826530829612897e+39
3.496503496503496535e+03 7.901311074884317172e+39
3.491620111731843735e+03 7.606740188456455457e+39
3.486750348675035184e+03 7.498492565080981482e+39
3.481894150417827859e+03 8.091668859556876540e+39
3.477051460361613408e+03 7.526108888568745251e+39
3.472222222222222626e+03 8.348245432751891239e+39
3.467406380027739488e+03 7.751539878231564408e+39
3.462603878116343822e+03 7.361371944084726190e+39
3.457814661134163543e+03 7.109606434318425351e+39
3.453038674033149164e+03 6.828618535937887732e+39
3.448275862068966035e+03 6.570130236072567852e+39
3.443526170798898420e+03 6.501899220371181514e+39
3.438789546079779939e+03 6.869089667508557747e+39
3.434065934065934471e+03 5.247869626765710948e+39
3.429355281207133430e+03 6.510725457228644086e+39
3.424657534246575324e+03 5.575049955243868900e+39
3.419972640218878496e+03 4.940753702811081442e+39
3.415300546448087971e+03 5.208685013480513054e+39
3.410641200545702759e+03 5.299258379069273882e+39
3.405994550408719533e+03 4.326674353554018433e+39
3.401360544217687220e+03 4.058867518174301012e+39
3.396739130434782510e+03 4.949743544184479552e+39
3.392130257801899916e+03 4.514470078818128306e+39
3.387533875338753660e+03 4.083565398654656599e+39
3.382949932341001386e+03 3.723902704680406298e+39
3.378378378378378784e+03 4.012035591168728076e+39
3.373819163292847861e+03 4.079518645116031551e+39
3.369272237196765673e+03 3.407253009788950167e+39
3.364737550471063514e+03 3.729113173757749670e+39
3.360215053763441119e+03 3.927366134963982737e+39
3.355704697986577685e+03 3.610958781203549729e+39
3.351206434316354262e+03 3.245657347831990365e+39
3.346720214190093884e+03 3.506778456649340524e+39
3.342245989304813065e+03 3.315548024207448041e+39
3.337783711615487391e+03 3.694616048651944319e+39
3.333333333333333485e+03 3.805256303439443349e+39
3.328894806924101886e+03 3.577777404725100811e+39
3.324468085106383114e+03 3.589621387083717734e+39
3.320053120849934203e+03 3.973186588402367994e+39
3.315649867374005680e+03 3.505570001576830083e+39
3.311258278145695840e+03 3.804085357025111246e+39
3.306878306878307285e+03 3.825509812962683660e+39
3.302509907529723023e+03 3.293594385570947298e+39
3.298153034300792115e+03 3.132009265044663787e+39
3.293807641633728508e+03 3.852242309928886960e+39
3.289473684210526699e+03 3.933463639002007036e+39
3.285151116951380118e+03 3.704658732946088677e+39
3.280839895013123169e+03 4.059311703479909762e+39
3.276539973787680083e+03 3.562752375301235709e+39
3.272251308900523782e+03 4.058042846878385853e+39
3.267973856209150199e+03 4.857376455585621116e+39
3.263707571801566701e+03 4.303832922424184292e+39
3.259452411994785052e+03 3.494321035986221546e+39
3.255208333333333485e+03 4.047989546861858451e+39
3.250975292587776494e+03 4.630131913532644444e+39
3.246753246753246913e+03 4.505017805302669471e+39
3.242542153047989814e+03 3.864263012739450077e+39
3.238341968911917320e+03 4.194926930026618314e+39
3.234152652005175241e+03 4.900683435008002140e+39
3.229974160206718352e+03 4.146234872504128964e+39
3.225806451612903402e+03 4.889492243633109323e+39
3.221649484536083037e+03 4.004375791145336790e+39
3.217503217503217456e+03 4.696989902403995895e+39
3.213367609254499257e+03 5.106585408443415554e+39
3.209242618741976912e+03 5.072940938609108464e+39
3.205128205128205536e+03 6.049231701207502984e+39
3.201024327784891284e+03 5.438854743942737994e+39
3.196930946291560304e+03 5.951166556891256291e+39
3.192848020434227692e+03 6.173091203905241827e+39
3.188775510204081911e+03 5.885399420613225450e+39
3.184713375796178752e+03 6.435879625148304921e+39
3.180661577608142579e+03 5.914180230938987069e+39
3.176620076238882120e+03 7.493699744712902741e+39
3.172588832487309901e+03 6.347772979252674830e+39
3.168567807351077590e+03 7.716162819748837896e+39
3.164556962025316807e+03 8.213468397189217087e+39
3.160556257901391291e+03 7.822368694544369506e+39
3.156565656565656809e+03 7.991812714112436664e+39
3.152585119798234700e+03 8.452093517571489422e+39
3.148614609571789060e+03 8.726274562951905440e+39
3.144654088050314840e+03 7.942708748565111737e+39
3.140703517587939587e+03 7.406842720143076797e+39
3.136762860727728821e+03 7.097914176513333253e+39
3.132832080200501423e+03 8.282733377696177457e+39
3.128911138923654562e+03 7.410911686029660886e+39
3.125000000000000000e+03 7.343006993743469069e+39
3.121098626716604485e+03 8.127225533461227160e+39
3.117206982543641061e+03 8.442400422723143956e+39
3.113325031133250377e+03 7.138546875002005027e+39
3.109452736318407915e+03 7.994616809052217794e+39
3.105590062111801217e+03 7.702862639139837316e+39
3.101736972704714844e+03 8.109387557167835620e+39
3.097893432465923070e+03 6.575860524845013103e+39
3.094059405940593933e+03 7.319871994956011143e+39
3.090234857849196942e+03 7.427820245580594967e+39
3.086419753086419860e+03 6.057435888086841807e+39
3.082614056720098688e+03 6.940936666807941255e+39
3.078817733990148099e+03 7.940155086581165534e+39
3.075030750307503240e+03 7.649386456938793185e+39
3.071253071253071084e+03 6.588291635488911091e+39
3.067484662576687697e+03 7.117989327592664747e+39
3.063725490196078681e+03 7.588591822707951367e+39
3.059975520195838271e+03 7.201400806781585998e+39
3.056234718826406151e+03 7.246262868088568177e+39
3.052503052503052913e+03 6.589451768465968119e+39
3.048780487804878248e+03 5.806383490497940054e+39
3.045066991473812323e+03 7.354653593492914246e+39
3.041362530413625336e+03 6.411644977142475489e+39
3.037667071688943452e+03 7.017237793005831838e+39
3.033980582524271995e+03 6.012061695718175874e+39
3.030303030303030482e+03 6.547564972329192318e+39
3.026634382566586282e+03 5.708288049184718721e+39
3.022974607013301465e+03 5.630061686309880624e+39
3.019323671497584655e+03 6.015779105889311715e+39
3.015681544028950611e+03 4.974253913992253875e+39
3.012048192771084359e+03 5.169782854423453301e+39
3.008423586040914870e+03 5.109137454249465766e+39
3.004807692307692378e+03 4.712876857443422126e+39
3.001200480192077066e+03 5.614181290250546122e+39
2.997601918465228209e+03 4.937496033767971763e+39
2.994011976047904682e+03 5.254236428791727223e+39
2.990430622009569561e+03 5.580773473395761628e+39
2.986857825567503369e+03 4.980509747496415903e+39
2.983293556085918681e+03 5.904475665875371788e+39
2.979737783075089737e+03 5.858213656563508433e+39
2.976190476190476602e+03 5.933985491170883247e+39
2.972651605231867052e+03 4.884897862775892519e+39
2.969121140142518016e+03 5.633311452547993068e+39
2.965599051008303832e+03 6.100289667004895890e+39
2.962085308056872236e+03 6.365001385617334903e+39
2.958579881656804901e+03 6.012007801010239714e+39
2.955082742316785243e+03 5.684047947443669267e+39
2.951593860684769879e+03 6.103971545671891073e+39
2.948113207547170077e+03 4.847732130795195030e+39
2.944640753828033212e+03 5.427448362849550022e+39
2.941176470588235588e+03 5.071745580681808623e+39
2.937720329024676630e+03 5.223819123112294315e+39
2.934272300469483980e+03 4.007231293280438003e+39
2.930832356389214510e+03 5.419027072717832340e+39
2.927400468384075339e+03 5.257906397128562958e+39
2.923976608187134843e+03 4.515020105659025564e+39
2.920560747663551410e+03 5.435561153982714181e+39
2.917152858809801728e+03 5.229684375135493758e+39
2.913752913752914083e+03 5.352570379170884688e+39
2.910360884749708930e+03 5.643921895476945725e+39
2.906976744186046290e+03 5.226339260097886882e+39
2.903600464576074501e+03 6.108635373869968778e+39
2.900232018561485347e+03 5.216735121860877954e+39
2.896871378910776457e+03 4.499568194947958068e+39
2.893518518518518249e+03 4.941097764279165300e+39
2.890173410404624519e+03 4.434916424801066882e+39
2.886836027713626208e+03 4.187582901362249004e+39
2.883506343713956539e+03 4.420111084890551381e+39
2.880184331797235245e+03 4.455626646272692929e+39
2.876869965477560527e+03 3.077852741332737807e+39
2.873563218390804650e+03 4.102501464504067286e+39
2.870264064293915453e+03 3.211501712088197100e+39
2.866972477064220584e+03 4.033053888873569350e+39
2.863688430698739921e+03 4.025184564114138158e+39
2.860411899313501181e+03 3.384502075342526508e+39
2.857142857142857338e+03 2.972278413942400018e+39
2.853881278538812694e+03 3.095126982707517958e+39
2.850627137970353942e+03 3.076812415049755281e+39
2.847380410022778960e+03 3.267407613489821090e+39
2.844141069397042429e+03 3.097830705667377740e+39
2.840909090909090992e+03 3.408517717358798385e+39
2.837684449489217059e+03 2.719507784003887150e+39
2.834467120181405789e+03 2.426016881473433912e+39
2.831257078142695718e+03 2.715765153642014655e+39
2.828054298642533922e+03 2.423749024078428488e+39
2.824858757062147106e+03 2.671501146628547832e+39
2.821670428893905409e+03 2.561578589387263285e+39
2.818489289740698950e+03 2.411294554658548838e+39
2.815315315315315274e+03 2.911821243345031119e+39
2.812148481439819989e+03 2.226530335066247727e+39
2.808988764044943764e+03 2.736225726321243188e+39
2.805836139169472972e+03 3.061510358715636876e+39
2.802690582959641233e+03 2.720822960008594356e+39
2.799552071668533245e+03 2.381195022997182812e+39
2.796420581655481328e+03 2.405530967202625335e+39
2.793296089385475170e+03 2.214889314950674777e+39
2.790178571428571558e+03 1.952423618220087654e+39
2.787068004459309122e+03 2.000279406726922754e+39
2.783964365256124893e+03 1.877814471590418972e+39
2.780867630700778591e+03 1.768763483548653753e+39
2.777777777777778283e+03 2.393888968943991520e+39
2.774694783573806944e+03 2.246544600942363375e+39
2.771618625277161755e+03 1.735978758035993418e+39
2.768549280177187484e+03 2.265035293931703392e+39
2.765486725663716697e+03 2.799610375735746794e+39
2.762430939226519513e+03 1.961549410934842051e+39
2.759381898454746533e+03 2.926845942230099312e+39
2.756339581036384061e+03 2.635789126743800443e+39
2.753303964757709309e+03 2.645926660687520842e+39
2.750275027502750163e+03 2.737228072229239608e+39
2.747252747252747668e+03 2.601773551769873896e+39
2.744237102085620336e+03 2.740969975562672820e+39
2.741228070175438916e+03 2.424278892407689109e+39
2.738225629791894789e+03 3.091846435513390460e+39
2.735229759299781563e+03 2.406464735089850490e+39
2.732240437158469831e+03 2.673962851766014061e+39
2.729257641921397862e+03 3.055866585234311812e+39
2.726281352235550457e+03 3.457138790374684305e+39
2.723311546840958272e+03 3.129428623304648205e+39
2.720348204570185317e+03 2.533804112389690479e+39
2.717391304347826463e+03 2.141649477447869715e+39
2.714440825190010855e+03 3.357127546024294461e+39
2.711496746203904422e+03 2.622900418795159672e+39
2.708559046587216017e+03 2.027949551362470794e+39
2.705627705627705836e+03 2.878985213310370724e+39
2.702702702702702936e+03 1.973360525114128602e+39
2.699784017278617739e+03 2.152428357987867467e+39
2.696871628910463642e+03 2.401836904484169319e+39
2.693965517241379530e+03 1.952216315468571875e+39
2.691065662002152749e+03 1.906948938061682305e+39
2.688172043010752986e+03 1.900349850202823590e+39
2.685284640171858427e+03 1.734702648048251980e+39
2.682403433476394639e+03 8.523774638442954379e+38
2.679528403001072093e+03 1.962330229836887576e+39
2.676659528907923232e+03 1.642338626884032659e+39
2.673796791443850452e+03 9.036710555224613054e+38
2.670940170940171356e+03 1.418731949540137697e+39
2.668089647812166731e+03 1.187225517354858751e+39
2.665245202558635356e+03 1.573757702010995559e+39
2.662406815761448343e+03 1.076917637285195604e+39
2.659574468085106673e+03 2.209027220446042457e+39
2.656748140276301910e+03 5.690818608883154882e+38
2.653927813163482369e+03 2.171896065801633076e+39
2.651113467656416105e+03 7.136854408214852479e+38
2.648305084745762542e+03 4.661406648354920424e+38
2.645502645502645464e+03 8.502749690041904487e+38
2.642706131078224189e+03 7.128154850989475436e+38
2.639915522703273837e+03 7.843619994142935524e+38
2.637130801687763778e+03 8.605847977697354931e+38
2.634351949420442907e+03 3.084973458164216561e+38
2.631578947368421268e+03 6.720551048075671689e+38
2.628811777076761246e+03 5.814062180689209880e+38
2.626050420168067376e+03 2.106862386971612547e+38
2.623294858342077987e+03 2.142257499223205248e+38
2.620545073375261836e+03 6.628553984266513584e+38
2.617801047120418843e+03 7.480180962075677754e+38
2.615062761506276274e+03 5.169247237467114340e+38
2.612330198537095384e+03 3.532133352616609388e+38
2.609603340292275789e+03 4.641286387306068388e+38
2.606882168925964834e+03 3.045228277883015543e+38
2.604166666666666970e+03 5.887614215737843629e+38
2.601456815816857670e+03 2.716940544908782796e+38
2.598752598752598715e+03 7.667804620706324762e+38
2.596053997923157112e+03 5.994929463115861779e+38
2.593360995850622658e+03 6.268449889161598371e+38
2.590673575129533674e+03 2.882875478442217937e+38
2.587991718426500938e+03 2.209336808189785161e+38
2.585315408479834787e+03 5.332465926707147776e+38
2.582644628099173588e+03 5.362751760193777503e+38
2.579979360165119033e+03 5.715237099792551975e+38
2.577319587628865975e+03 4.190730153423842274e+38
2.574665293511843629e+03 1.220765773441471955e+39
2.572016460905349959e+03 8.112985726183451538e+38
2.569373072970195153e+03 6.880067469181296569e+38
2.566735112936345104e+03 1.095310631548521967e+39
2.564102564102564429e+03 4.519977372445753024e+38
2.561475409836065865e+03 3.428864342950157752e+38
2.558853633572160106e+03 3.410589257158154812e+38
2.556237218813905656e+03 1.005959103360333325e+39
2.553626149131767306e+03 5.376184801058831236e+38
2.551020408163265074e+03 1.126668303932158498e+39
2.548419979612640418e+03 5.993217460850161201e+38
2.545824847250509265e+03 6.534107762302404915e+38
2.543234994913530045e+03 4.315160169852777575e+38
2.540650406504064904e+03 5.620967042110983878e+38
2.538071065989847739e+03 7.720578952807996209e+38
2.535496957403651322e+03 1.271556706266555606e+39
2.532928064842958520e+03 6.962087631750159861e+38
2.530364372469635782e+03 6.872165525433277174e+38
2.527805864509605726e+03 1.128787770442043737e+39
2.525252525252525174e+03 7.226837046671501727e+38
2.522704339051463194e+03 1.187691043531206137e+39
2.520161290322580953e+03 1.150450009839965949e+39
2.517623363544813856e+03 9.511429749714941784e+38
2.515090543259557307e+03 5.601494663523535511e+38
2.512562814070351578e+03 6.975440465787282775e+38
2.510040160642570754e+03 7.383655056764573215e+38
2.507522567703109416e+03 1.088708799443425880e+39
2.505010020040080235e+03 4.282002942292586028e+38
2.502502502502502466e+03 9.016992732272519372e+38
2.500000000000000000e+03 1.012934767003153346e+39
2.497502497502497590e+03 3.008256137161303885e+38
2.495009980039920265e+03 2.885528814458226079e+38
2.492522432701894559e+03 1.783274164234460334e+38
2.490039840637450197e+03 3.691758697065363092e+38
2.487562189054726332e+03 2.988272926705402667e+38
2.485089463220675952e+03 3.585111426255832370e+38
2.482621648460774395e+03 3.938890920304118162e+38
2.480158730158730123e+03 1.552154378133475905e+38
2.477700693756194596e+03 4.694208471058908449e+38
2.475247524752475329e+03 3.390944610458143178e+38
2.472799208704253033e+03 4.683596729168797166e+38
2.470355731225296040e+03 2.048348337709874139e+38
2.467917077986179720e+03 4.624216032339262637e+38
2.465483234714004084e+03 2.928810564693633624e+38
2.463054187192118206e+03 2.674354205737325326e+38
2.460629921259842831e+03 1.824297020438711800e+38
2.458210422812192519e+03 4.927802713469978517e+38
2.455795677799607347e+03 1.987880578420903213e+38
2.453385672227674149e+03 3.059664562506713100e+38
2.450980392156862763e+03 1.478719970081411875e+38
2.448579823702252725e+03 2.944910832624606108e+38
2.446183953033268153e+03 2.583165634208696753e+38
2.443792766373411268e+03 1.752419673101270337e+38
2.441406250000000000e+03 2.353905805216994370e+38
2.439024390243902417e+03 1.626547419569837866e+38
2.436647173489278885e+03 4.726277170582752731e+38
2.434274586173320131e+03 1.232133606502122150e+38
2.431906614785992133e+03 3.769063480379879342e+38
2.429543245869776456e+03 5.705965669399289938e+38
2.427184466019417869e+03 3.951120020855874499e+38
2.424830261881668321e+03 5.395573233987603905e+37
2.422480620155038650e+03 3.767563592394355849e+38
2.420135527589544836e+03 2.431517003224382866e+38
2.417794970986460612e+03 2.139332959581641425e+38
2.415458937198067815e+03 2.293703616543390764e+38
2.413127413127413092e+03 3.201530164191494423e+38
2.410800385728061428e+03 1.467514560643859146e+38
2.408477842003853311e+03 2.777622860044791298e+38
2.406159769008661897e+03 2.574217434178875351e+38
2.403846153846153811e+03 2.242015189800323714e+38
2.401536983669548590e+03 2.641341282016918872e+38
2.399232245681381755e+03 3.377105134556911042e+38
2.396931927133269255e+03 2.814522128147402026e+38
2.394636015325670542e+03 1.756203123218666098e+38
2.392344497607655740e+03 6.115178334460249226e+38
2.390057361376673271e+03 1.422012452263265069e+38
2.387774594078318842e+03 4.213692335027880858e+38
2.385496183206106707e+03 5.199609582450331298e+38
2.383222116301239112e+03 2.374509051668604365e+38
2.380952380952380736e+03 2.333760586062908332e+38
2.378686964795433141e+03 2.375806099072043987e+38
2.376425855513307852e+03 2.193810608175922794e+38
2.374169040835707619e+03 6.746906732771079482e+38
2.371916508538899507e+03 1.980689719376766407e+38
2.369668246445497516e+03 3.410528902446611328e+38
2.367424242424242493e+03 5.548505252281280096e+38
2.365184484389782483e+03 5.710805799327059599e+38
2.362948960302457635e+03 3.026059233080008482e+38
2.360717658168083290e+03 4.932105828422812431e+38
2.358490566037735789e+03 3.236019774853446254e+38
2.356267672007540114e+03 2.538710057700935276e+38
2.354048964218455694e+03 8.481388645118771362e+38
2.351834430856067684e+03 4.762674767370234008e+38
2.349624060150375954e+03 6.593085813122409514e+38
2.347417840375586820e+03 4.322831380584569344e+38
2.345215759849906135e+03 2.620045733835126536e+38
2.343017806935332828e+03 4.180665836540578085e+38
2.340823970037453364e+03 4.032638809240588966e+38
2.338634237605238468e+03 3.400966536109212215e+38
2.336448598130841219e+03 2.954472317162531587e+38
2.334267040149393324e+03 3.444085154104192145e+38
2.332089552238805936e+03 4.732132397743803379e+38
2.329916123019571387e+03 5.790366354879807565e+38
2.327746741154562187e+03 4.458151262771250552e+38
2.325581395348837304e+03 6.859417113053148123e+38
2.323420074349442075e+03 3.241440111102918551e+38
2.321262766945218118e+03 2.662893954210055214e+38
2.319109461966604613e+03 3.622151031191116683e+38
2.316960148285449577e+03 5.546354627694220420e+38
2.314814814814814781e+03 5.520706594914564098e+37
2.312673450508788392e+03 2.522431159624354141e+38
2.310536044362292159e+03 1.645158415878397015e+38
2.308402585410895426e+03 7.683423914198325574e+38
2.306273062730627316e+03 5.587332947724375280e+38
2.304147465437788014e+03 4.399037583704036451e+38
2.302025782688765958e+03 2.899268567102249047e+38
2.299908003679852754e+03 2.205270649213121820e+38
2.297794117647058556e+03 1.646950822306542094e+38
2.295684113865931977e+03 2.958677311052505065e+38
2.293577981651376376e+03 4.227516315662046104e+38
2.291475710357470234e+03 3.952459147880860670e+38
2.289377289377289344e+03 3.010719861730311605e+38
2.287282708142726278e+03 4.239221557630357678e+38
2.285191956124314402e+03 4.962194095675413343e+38
2.283105022831050064e+03 2.049328053250029507e+38
2.281021897810218888e+03 2.926584520035069007e+38
2.278942570647219782e+03 1.444248398886567257e+38
2.276867030965391677e+03 1.803552974098812554e+38
2.274795268425841641e+03 3.761126202314220218e+38
2.272727272727272521e+03 1.550636181963611544e+38
2.270663033605812871e+03 7.036087586398866892e+37
2.268602540834845968e+03 2.425146052694401906e+38
2.266545784224841100e+03 3.564387700817531622e+38
2.264492753623188491e+03 1.397751318598481867e+38
2.262443438914026956e+03 1.826569834514278311e+38
2.260397830018083368e+03 3.904033134882673613e+38
2.258355916892502592e+03 1.169138210530066378e+38
2.256317689530686039e+03 1.910517444631586599e+38
2.254283137962127967e+03 3.269047821331892383e+38
2.252252252252252219e+03 3.310494794604736965e+37
2.250225022502250340e+03 2.557857864632467051e+38
2.248201438848921043e+03 2.521886651819829919e+38
2.246181491464510600e+03 1.795438887571599410e+38
2.244165170556553221e+03 1.312775916669037904e+38
2.242152466367712805e+03 2.950930068432851979e+38
2.240143369175627413e+03 1.067153352309277552e+38
2.238137869292748292e+03 3.555732105053154633e+38
2.236135957066189349e+03 2.459378210966125178e+38
2.234137622877569356e+03 5.718172971639902308e+37
2.232142857142857338e+03 3.160261040823983233e+38
2.230151650312221136e+03 1.301718370474373268e+38
2.228163992869875074e+03 1.407790691487917045e+38
2.226179875333926702e+03 8.019663524681872435e+37
2.224199288256227646e+03 2.749528387800517987e+37
2.222222222222222172e+03 3.726242763144937740e+37
2.220248667850799393e+03 2.466863585349557452e+38
2.218278615794143661e+03 3.994844208771332815e+38
2.216312056737588591e+03 1.722528799399158794e+38
2.214348981399468357e+03 1.553288314468495326e+38
2.212389380530973540e+03 7.617888879823593774e+37
2.210433244916003332e+03 9.738409439116054570e+37
2.208480565371024568e+03 2.796216092143176409e+38
2.206531332744924839e+03 1.530612745246655748e+38
2.204585537918871069e+03 3.476298365456387078e+37
2.202643171806167629e+03 1.104667885071898558e+38
2.200704225352112644e+03 3.045005431322340294e+38
2.198768689533861107e+03 2.260815506084033837e+38
2.196836555360281181e+03 1.139004905229578073e+38
2.194907813871817325e+03 3.045591721171043648e+37
2.192982456140350678e+03 2.909715420628000084e+38
2.191060473269062186e+03 2.204823438655379921e+38
2.189141856392294358e+03 1.770036305313610578e+38
2.187226596675415749e+03 2.067807615617939525e+38
2.185314685314684994e+03 1.139499654462966683e+38
2.183406113537118017e+03 1.226590129708238178e+38
2.181500872600348885e+03 5.011988468995186834e+38
2.179598953792502016e+03 5.688736741842494396e+38
2.177700348432055762e+03 1.271438297416994158e+38
2.175805047867710982e+03 6.463452002827590087e+36
2.173913043478260988e+03 1.907173314168104939e+38
2.172024326672458756e+03 2.272154163369006833e+38
2.170138888888888687e+03 4.592739550162314141e+36
2.168256721595837007e+03 2.772860237959621447e+38
2.166377816291161253e+03 2.846100162203756454e+38
2.164502164502164305e+03 1.135577864206083124e+38
2.162629757785467064e+03 2.180860927699489742e+38
2.160760587726879749e+03 5.979424904512951631e+37
2.158894645941277759e+03 1.917795575273735952e+38
2.157031924072476158e+03 3.986857326856430804e+37
2.155172413793103715e+03 3.377035584466556890e+37
2.153316106804478750e+03 3.520639918896272372e+36
2.151462994836488633e+03 1.413435727056932740e+38
2.149613069647463362e+03 2.461107191563677495e+38
2.147766323024055055e+03 7.354662181059436539e+37
2.145922746781116075e+03 3.298911120528980726e+38
2.144082332761578073e+03 3.016601067428062495e+38
2.142245072836332383e+03 3.565554146920995237e+38
2.140410958904109521e+03 2.920057407655371889e+38
2.138579982891360032e+03 3.332646217172342101e+38
2.136752136752136721e+03 5.222437945584764154e+38
2.134927412467975955e+03 2.563228120438337731e+38
2.133105802047781708e+03 2.816521046735210670e+38
2.131287297527706414e+03 3.304190338995238442e+38
2.129471890971039102e+03 2.190323710057480843e+38
2.127659574468084884e+03 2.691961775014006873e+38
2.125850340136054456e+03 1.611092499236993943e+37
2.124044180118946315e+03 8.077741117340697368e+37
2.122241086587436257e+03 4.201164667330990704e+38
2.120441051738761416e+03 4.149161873845953514e+36
2.118644067796610216e+03 2.066326142515859140e+38
2.116850127011007316e+03 3.519619300370205905e+38
2.115059221658206297e+03 1.716169439934929296e+38
2.113271344040574604e+03 2.363870566553323590e+37
2.111486486486486228e+03 8.994744996264616726e+36
2.109704641350210750e+03 2.914201481521470375e+38
2.107925801011804197e+03 1.219504620146782273e+37
2.106149957877000816e+03 2.725454402205371430e+38
2.104377104377104388e+03 7.986077885085494421e+37
2.102607232968881362e+03 1.008415621556208729e+38
2.100840336134453537e+03 4.472813362584810772e+38
2.099076406381192101e+03 5.120719580301067999e+36
2.097315436241610769e+03 2.912135247503324873e+38
2.095557418273260737e+03 7.230377250880022514e+37
2.093802345058626543e+03 4.935392603460353458e+37
2.092050209205020565e+03 3.549918702011913015e+38
2.090301003344481614e+03 4.350093657948311316e+38
2.088554720133667615e+03 6.460987814331332507e+37
2.086811352253756468e+03 6.959001182517900381e+37
2.085070892410341912e+03 3.086574230343269902e+37
2.083333333333333030e+03 1.970567346491651281e+38
2.081598667776852380e+03 3.391323671875696000e+38
2.079866888519135045e+03 4.445852807760642495e+38
2.078137988362427222e+03 1.395240269443979121e+38
2.076411960132890272e+03 8.962419422733868523e+35
2.074688796680497944e+03 1.887943327553880583e+38
2.072968490878938610e+03 2.123649859627533096e+38
2.071251035625517943e+03 3.002777211504572203e+38
2.069536423841059786e+03 2.757706864291469467e+38
2.067824648469809745e+03 3.062578449888593509e+38
2.066115702479338779e+03 2.493191310617967502e+37
2.064409578860445890e+03 1.004394165713305297e+38
2.062706270627062622e+03 1.636702742087663537e+38
2.061005770816158019e+03 3.444727767660408894e+38
2.059308072487644040e+03 4.650763177368788781e+38
2.057613168724279603e+03 5.175557941529639721e+38
2.055921052631578732e+03 7.831678435683516710e+37
2.054231717337715509e+03 5.185318987864762837e+38
2.052545155993431763e+03 1.809315030606452023e+38
2.050861361771944303e+03 6.822945829773280073e+37
2.049180327868852601e+03 2.055783000537339530e+37
2.047502047502047390e+03 3.357123726143433590e+38
2.045826513911620395e+03 1.775074443269691288e+38
2.044153720359770887e+03 5.960850358752206569e+38
2.042483660130719045e+03 2.547528690066686379e+37
2.040816326530612287e+03 7.097148250642013331e+37
2.039151712887438862e+03 4.252497053303831023e+38
2.037489812550937131e+03 4.942022938434510141e+38
2.035830618892508255e+03 3.233885344224234362e+37
2.034174125305126154e+03 3.500196535104619719e+38
2.032520325203251787e+03 3.255157937935250106e+38
2.030869212022745842e+03 2.953374519326630559e+38
2.029220779220779150e+03 3.592302157401033827e+38
2.027575020275750376e+03 5.635848420954954230e+37
2.025931928687195978e+03 3.438620035629852494e+37
2.024291497975708580e+03 3.874621209973476737e+38
2.022653721682847845e+03 1.410942142629293279e+38
2.021018593371059069e+03 3.026962474360462033e+38
2.019386106623586329e+03 1.812549261829160499e+38
2.017756255044390628e+03 5.639586352953704501e+37
2.016129032258064399e+03 3.326036519301083510e+38
2.014504431909750110e+03 1.666724972689322596e+38
2.012882447665056361e+03 6.547490564123326043e+37
2.011263073209975801e+03 2.131977308388726003e+38
2.009646302250803956e+03 5.929825631792865563e+38
2.008032128514056240e+03 3.918040569637909391e+38
2.006420545746388370e+03 3.815709183695577807e+38
2.004811547714514745e+03 5.127047799360907653e+38
2.003205128205128176e+03 5.208157162960051739e+37
2.001601281024819855e+03 1.900230017980718927e+38
