# index Z=1 - Z=30
0 0.0 0.003199 0.0 0.0 0.0 1.033e-07 0.0 0.005000000913 0.0 5.944e-10 5.756e-13 0.0001 0.0 3.8617968493e-09 7.363e-10 0.0001 8.378e-09 2.519e-07 4.828e-08 3.0285751041000003e-06 6.875e-12 1.91227150632e-05 3.4646773686e-06 6.029e-05 0.010303461315 0.16017335881848 0.19113942819729518 0.2465624267225 0.0 0.0
1 0.0 0.00604 0.0 0.0 0.0 2.338e-07 0.0 0.005000002228 0.0 1.723e-09 1.392e-12 0.0001 0.0 1.0143540632549998e-08 1.952e-09 0.0001 2.327e-08 4.326e-07 1.462e-07 2.11549352805e-06 1.128e-12 8.01100250552e-05 5.965699324199999e-06 5.042e-08 1.4013596576e-05 0.17398826132267994 0.20707025917945643 0.20849374694750003 0.0 0.0
2 0.0 0.007337 0.0 0.0 0.0 2.974e-07 0.0 0.005000002964 0.0 2.509e-09 1.919e-12 0.0001 0.0 1.5835053456299997e-08 2.622e-09 0.0001 2.937e-08 5.827e-07 1.965e-07 2.89956632175e-06 1.647e-12 0.0001197329919576 1.2037475445799997e-05 1.053e-07 1.6867888772e-05 0.17076809699795997 0.20332044629729001 0.21680612159500004 0.0 0.0
3 0.0 0.01002 0.0 0.0 0.0 9.013e-07 0.0 0.005000002494 0.0 3.476e-09 8.874e-13 0.0001 0.0 3.651843265135e-08 4.428e-09 0.0001 4.119e-08 7.127e-07 2.239e-07 3.2753200567500004e-06 2.091e-12 0.00017131548268799998 2.7161636291999995e-05 3.064e-07 4.310336891e-05 0.1726365874086 0.20611870891800443 0.209163869775 0.0 0.0
4 0.0 8.706e-14 0.0 0.0 0.0 1.797e-07 0.0 0.0050008288 0.0 2.85e-11 6.568e-12 0.0001 0.0 0.15632688555899998 8.593e-06 0.0001 1.091e-06 0.04362 5.117e-07 0.068312029023 1.002e-09 0.000294542408832 0.0021036074752 7.003e-05 0.06326569774 0.10179297226476 0.12734209480387082 0.07508441123487501 0.0 0.0
5 0.0 1.775e-14 0.0 0.0 0.0 4.019e-07 0.0 0.00500202 0.0 6.728e-11 3.214e-11 0.0001 0.0 0.307088736357 6.907e-06 0.0001 6.824e-07 0.05708 5.428e-07 0.07300895071050001 1.029e-09 0.000253717228016 0.0015030036364 7.141e-05 0.0362343947 0.04649360713283999 0.05790359553946801 0.03455409941375 0.0 0.0
6 0.0 4.358e-13 0.0 0.0 0.0 2.93e-08 0.0 0.0050001496 0.0 6.145e-12 1.864e-13 0.0001 0.0 0.031737561879399995 2.391e-06 0.0001 3.858e-07 0.01606 2.409e-07 0.033542283411000004 5.4e-10 0.000194483146648 0.0018720313682 6.345e-05 0.0773593212 0.1642880132334 0.202897535069978 0.12079748151975002 0.0 0.0
7 0.0 0.02615 0.0 0.0 0.0 1.785e-06 0.0 0.00500001435 0.0 1.576e-08 2.118e-12 0.0001 0.0 0.00016669808670449998 3.699e-08 0.0001 1.358e-07 0.0001731 4.236e-07 0.00050451201486 1.424e-11 0.00039046906068800004 0.00018974300379999998 4.777e-06 0.003094372848 0.1811839371594 0.2165563929587464 0.17103102930375003 0.0 0.0
8 0.0 0.02984 0.0 0.0 0.0 2.753e-06 0.0 0.00500001682 0.0 2.111e-08 2.378e-12 0.0001 0.0 1.521952688425e-07 2.622e-08 0.0001 1.816e-07 2.98e-06 5.003e-07 7.2808548718500004e-06 2.836e-12 0.000391846597464 0.00015582830941999998 3.167e-06 0.00018724067886999999 0.18207842724960002 0.21752086550769964 0.16762338343625005 0.0 0.0
9 0.0 0.03159 0.0 0.0 0.0 3.175e-06 0.0 0.00500002537 0.0 3.243e-08 2.477e-12 0.0001 0.0 1.855011587e-07 3.099e-08 0.0001 2.107e-07 3.571e-06 5.55e-07 8.1463409748e-06 2.802e-12 0.000345260808312 0.00011372627912799999 2.438e-06 0.00015831985218 0.18299279489735998 0.2186838713828076 0.16373809683 0.0 0.0
10 0.0 0.0137 0.0 0.0 0.0 3.338e-06 0.0 0.00500000705 0.0 1.102e-08 4.982e-13 0.0001 0.0 8.6510994921e-08 9.205e-09 0.0001 1.13e-07 1.896e-06 5.625e-07 5.95319167485e-06 3.432e-11 0.00016843517852 3.0149715091999997e-05 4.871e-07 7.318013948e-05 0.18971140935264 0.22782227815297443 0.15655922781625004 0.0 0.0
11 0.0 0.000992 0.0 0.0 0.0 5.509e-08 0.0 0.0050000005938 0.0 1.877e-10 3.582e-14 0.0001 0.0 0.00015177367529999999 1.141e-06 0.0001 3.028e-06 0.0004189 8.594e-07 0.0022670475345 2.386e-11 0.00012598199969600003 0.00026832947624 5.501e-06 0.02278543225 0.19388569644024 0.2310786946032768 0.14526124210325 0.0 0.0
12 0.0 8.627e-11 0.0 0.0 0.0 7.618e-09 0.0 0.00500004405 0.0 2.209e-12 1.719e-14 0.0001 0.0 0.007720220950259999 1.261e-06 0.0001 3.048e-07 0.006568 1.842e-07 0.017422448179500002 2.493e-11 0.00013587521835999999 0.0014834317202599998 3.831e-05 0.07164629087 0.18255548863103999 0.2160282238259701 0.13388911514125001 0.0 0.0
13 0.0 1.976e-12 0.0 0.0 0.0 5.752e-08 0.0 0.005000262 0.0 1.136e-11 4.55e-13 0.0001 0.0 0.03289272818585 6.27e-06 0.0001 1.256e-06 0.01771 5.835e-07 0.037374971507999996 4.291e-11 0.00023004864159200002 0.0022455412182 3.819e-05 0.08178302951000001 0.1635922987188 0.19357140270502102 0.11988782542625001 0.0 0.0
14 0.0 1.292e-12 0.0 0.0 0.0 8.503e-08 0.0 0.0050003726000000005 0.0 1.556e-11 9.192e-13 0.0001 0.0 0.0444359593795 7.145e-06 0.0001 1.278e-06 0.02165 5.969e-07 0.043424606641499996 5.296e-11 0.00025559568725600006 0.0023889690005999996 4.531e-05 0.08264998741999999 0.15631711265183998 0.18497855141808672 0.11466086737175 0.0 0.0
15 0.0 1.218e-12 0.0 0.0 0.0 1.402e-07 0.0 0.0050005764 0.0 2.389e-11 2.644e-12 0.0001 0.0 0.06434360645635 1.093e-05 0.0001 2.042e-06 0.02739 8.751e-07 0.051440686321500007 5.471e-11 0.00028640241879200005 0.0025204444678 4.516e-05 0.08142735447 0.14502665995776 0.17160280910093556 0.10642192107662503 0.0 0.0
16 0.0 6.932e-12 0.0 0.0 0.0 2.57e-07 0.0 0.0050009862 0.0 4.146e-11 8.317e-12 0.0001 0.0 0.1029531430785 1.881e-05 0.0001 3.528e-06 0.03667 1.379e-06 0.06302642648399999 5.726e-11 0.00032434729544000005 0.002622039147 3.064e-05 0.07591439135 0.12520873507044 0.14814263109318876 0.09172698294550001 0.0 0.0
17 0.0 3.031e-11 0.0 0.0 0.0 3.599e-07 0.0 0.005001342 0.0 5.797e-11 1.448e-11 0.0001 0.0 0.13499425230849998 2.329e-05 0.0001 4.374e-06 0.04343 1.659e-06 0.07062917705550001 6.033e-11 0.0003478906512480001 0.0026324974227999996 3.056e-05 0.07093494079 0.10964460750096 0.129736829628525 0.08035057860375001 0.0 0.0
18 0.0 1.916e-11 0.0 0.0 0.0 4.44e-07 0.0 0.005001646 0.0 7.003e-11 2.138e-11 0.0001 0.0 0.16062713969249998 2.182e-05 0.0001 3.58e-06 0.04759 1.401e-06 0.074223887787 6.482e-11 0.00035715771683200004 0.0025637716104 4.145e-05 0.06675575907 0.09835415480687999 0.11637271737012489 0.07224565687412501 0.0 0.0
19 0.0 9.952e-13 0.0 0.0 0.0 5.62e-07 0.0 0.005002071 0.0 8.805e-11 3.339e-11 0.22832560000000002 0.0 0.25154496623100003 1.979e-05 0.07003723287599999 2.411e-06 0.08795426900400001 1.01e-06 0.145789772172 7.137e-11 0.000519404311552 0.0023451605125 5.076e-05 0.0 0.048093882000000004 0.38155363826256 0.0 0.0 0.0
20 0.0 2.429e-13 0.0 0.0 0.0 7.143e-07 0.0 0.005002622 0.0 1.158e-10 5.355e-11 0.22832560000000002 0.0 0.30526142795850003 1.927e-05 0.079857822915 2.044e-06 0.094598357024 9.224e-07 0.147723573744 7.777e-11 0.000504233949184 0.0021315705089 5.37e-05 0.0 0.048093882000000004 0.31083517111078 0.0 0.0 0.0
21 0.0 1.72e-13 0.0 0.0 0.0 9.01e-07 0.0 0.005003332 0.0 1.532e-10 8.371e-11 0.22832560000000002 0.0 0.36874451909100003 1.807e-05 0.08978325911099999 1.739e-06 0.09922398792400001 8.692e-07 0.14444554425 7.395e-11 0.00046594684416000005 0.0018342763147000001 5.526e-05 0.0 0.048093882000000004 0.23567449640727003 0.0 0.0 0.0
22 0.0 1.061e-13 0.0 0.0 0.0 1.097e-06 0.0 0.0050041650000000005 0.0 1.974e-10 1.229e-10 0.22832560000000002 0.0 0.4302742843425001 1.509e-05 0.09726228497699999 1.306e-06 0.10003137077200001 7.917e-07 0.135460441824 7.044e-11 0.000411405779456 0.0015124481336000002 5.846e-05 0.0 0.048093882000000004 0.17235055204783 0.0 0.0 0.0
23 0.0 6.353e-14 0.0 0.0 0.0 1.321e-06 0.0 0.005005253 0.0 2.551e-10 1.784e-10 0.22832560000000002 0.0 0.4915870133850001 1.192e-05 0.102259951794 9.758e-07 0.09698686461600002 7.477e-07 0.121169176548 6.449e-11 0.000343319748352 0.0011790745469000001 6.151e-05 0.0 0.048093882000000004 0.11941617336261003 0.0 0.0 0.0
24 0.0 3.718e-14 0.0 0.0 0.0 1.549e-06 0.0 0.00500658 0.0 3.222e-10 2.475e-10 0.22832560000000002 0.0 0.5471482828890001 9.077e-06 0.104426772372 7.446e-07 0.091049236588 7.295e-07 0.104519616672 5.802e-11 0.000275053117696 0.00088553260952 6.443e-05 0.0 0.048093882000000004 0.08035690210957999 0.0 0.0 0.0
25 0.0 2.457e-14 0.0 0.0 0.0 1.744e-06 0.0 0.005007891 0.0 3.837e-10 3.128e-10 0.22832560000000002 0.0 0.587517017763 7.188e-06 0.104426772372 6.189e-07 0.08482566046800001 7.315e-07 0.090605678532 5.218e-11 0.00022376284492800003 0.00068623004535 6.695e-05 0.0 0.048093882000000004 0.05741292617485001 0.0 0.0 0.0
26 0.0 1.909e-14 0.0 0.0 0.0 1.914e-06 0.0 0.005009155 0.0 4.394e-10 3.725e-10 0.22832560000000002 0.0 0.6155146887240002 6.039e-06 0.103413259521 5.549e-07 0.07947674910000001 7.43e-07 0.08025276523799998 4.76e-11 0.00018944893004800003 0.00056240557029 6.933e-05 0.0 0.048093882000000004 0.04478472101187401 0.0 0.0 0.0
27 0.0 1.68e-14 0.0 0.0 0.0 2.057e-06 0.0 0.00501024 0.0 4.877e-10 4.243e-10 0.22832560000000002 0.0 0.6345053570115001 5.396e-06 0.102294900513 5.23e-07 0.07547347581200001 7.532e-07 0.024353322236 4.28e-11 0.00016689204600320003 0.00048591725819 7.082e-05 0.0 0.048093882000000004 0.037467326916303 0.0 0.0 0.0
28 0.0 1.592e-14 0.0 0.0 0.0 2.183e-06 0.0 0.00501124 0.0 5.323e-10 4.7e-10 0.22832560000000002 0.0 0.6479616019695 4.982e-06 0.10131633638099999 5.082e-07 0.072563533464 7.688e-07 0.022710376998 4.002e-11 0.0001522634822912 0.00043295271 7.205e-05 0.0 0.048093882000000004 0.032743062760855 0.0 0.0 0.0
29 0.0 1.577e-14 0.0 0.0 0.0 2.277e-06 0.0 0.00501217 0.0 5.665e-10 4.922e-10 2.7547483640000003e-05 0.0 0.6546897244484999 4.598e-06 1.1649572999999999e-14 5.124e-07 0.07182343252000001 8.344e-07 0.022215135131999998 4.065e-11 0.00014843477178880002 0.00037695749284 7.205e-05 0.0 0.048093882000000004 0.062508379095987 0.0 0.0 0.0
30 0.0 1.483e-14 0.0 0.0 0.0 2.902e-06 0.0 0.00504021 0.0 1.679e-09 1.182e-09 3.6571817749e-05 0.0 0.304326291841 3.893e-06 0.0001 5.921e-07 0.0446 1.202e-06 0.05127907944000001 5.318e-11 9.51349619168e-05 0.0001884 6.881e-05 0.002317 0.024488058500000003 0.0340813877257791 0.02059184523868 0.0 0.0
31 0.0 1.192e-14 0.0 0.0 0.0 1.007e-05 0.0 0.007516 0.0 6.329e-08 1.585e-08 4.7076323738e-05 0.0 0.30361843869500005 7.431e-06 0.0001 6.911e-06 0.04677 1.158e-05 0.05505109920000001 1.723e-10 0.00011013858851200002 8.818e-05 6.698e-05 0.001153 0.024488058500000003 0.028248829680109503 0.017071697701728002 0.0 0.0
32 0.0 6.067e-15 0.0 0.0 0.0 2.207e-05 0.0 0.038919999999999996 0.0 6.277e-07 4.817e-08 0.00030287733664 0.0 0.311152018606 5.121e-05 0.0001 5.173e-05 0.0399 6.921e-05 0.0043565129120000014 8.743e-10 0.000107513741312 1.973e-05 7.035e-05 0.0002998 0.024488058500000003 0.023687118512051398 0.014204435625976 0.0 0.0
33 0.0 1.001e-15 0.0 0.0 0.0 2.086e-05 0.0 0.1706 0.0 1.834e-06 4.576e-08 0.0151655895918 0.0 0.30513526686500003 0.000119 0.0001 8.018e-05 0.02103 8.496e-05 0.0018486295040000007 1.317e-09 6.355280040640002e-05 1.398e-06 6.077e-05 8.104e-05 0.024488058500000003 0.0219034309812444 0.01300945247252 0.0 0.0
34 0.0 4.355e-16 0.0 0.0 0.0 1.864e-05 0.0 0.2311 0.0 2.103e-06 3.864e-08 0.032041070705 0.0 0.292545593054 0.000125 0.0001 7.112e-05 0.01528 6.91e-05 0.0012345718728 1.158e-09 4.6617286272e-05 5.377e-07 5.582e-05 8.105e-05 0.024488058500000003 0.021729346407468 0.012900530090607999 0.0 0.0
35 0.0 1.592e-16 0.0 0.0 0.0 1.637e-05 0.0 0.2969 0.0 2.324e-06 3.109e-08 0.058465256375999995 0.0 0.27297850966100007 0.0001217 0.0001 5.712e-05 0.01029 5.013e-05 0.0007552535060000001 9.258e-10 3.13091774016e-05 2.161e-07 4.966e-05 8.616e-05 0.024488058500000003 0.021624867000954 0.012855030867783999 0.0 0.0
36 0.0 5.382e-17 0.0 0.0 0.0 1.433e-05 0.0 0.3627 0.0 2.548e-06 2.419e-08 0.094075066191 0.0 7.778606e-23 0.0001107 0.0001 4.202e-05 0.006414 3.251e-05 0.0004190000328 6.946e-10 1.9224380892799998e-05 9.913e-08 4.216e-05 8.868e-05 0.024488058500000003 0.021557221339311 0.012857301773736 0.0 0.0
37 0.0 1.928e-17 0.0 0.0 0.0 1.266e-05 0.0 0.4232 0.0 2.842e-06 1.858e-08 0.136201703946 0.0 7.778606e-23 9.552e-05 0.0001 2.943e-05 0.003813 1.936e-05 0.00021119912440000006 5.334e-10 1.11188527392e-05 4.922e-08 3.368e-05 8.524e-05 0.024488058500000003 0.021502597708683 0.012896150486272 0.0 0.0
38 0.0 8.264e-18 0.0 0.0 0.0 1.157e-05 0.0 0.474 0.0 3.264e-06 1.579e-08 0.18060923148 0.0 7.778606e-23 8.006e-05 0.0001 2.157e-05 0.002435 1.147e-05 0.00010184453352000003 5.035e-10 6.7101593820800005e-06 2.654e-08 2.485e-05 7.566e-05 0.024488058500000003 0.02144542479156 0.012963466626992 0.0 0.0
39 0.0 6.989e-18 0.0 0.0 0.0 1.236e-05 0.0 0.5129 0.0 3.892e-06 5.816e-08 0.22250312538 0.0 7.778606e-23 6.767e-05 0.0001 1.873e-05 0.002025 7.683e-06 5.505109920000001e-05 7.114e-10 4.996659129920001e-06 2.095e-08 1.679e-05 6.187e-05 0.024488058500000003 0.02137611175875 0.013051707543984 0.0 0.0
40 0.0 1.266e-16 0.0 0.0 0.0 2.332e-05 0.0 0.8147281701800001 0.0 8.322e-06 5.089e-07 0.0 0.0 0.0001 6.015e-05 0.0001 1.976e-05 0.002252 6.327e-06 0.00112735 1.9774309348e-09 4.747679983200001e-06 3.122e-08 1.061e-05 4.694e-05 0.00119585814 0.0004929063049679992 0.0 0.0 0.0
41 0.0 5.728e-15 0.0 0.0 0.0 9.736e-05 0.0 0.8407641479600001 0.0 0.000379 3.543e-06 0.0 0.0 0.0001 5.937e-05 0.0001 2.313e-05 0.002791 5.957e-06 0.00112735 3.4107986428e-09 5.64502161216e-06 6.295e-08 6.562e-06 3.361e-05 0.00119585814 0.0004201326629279995 0.0 0.0 0.0
42 0.0 5.788e-13 0.0 0.0 0.0 0.0007158 0.0 0.8541627798000002 0.0 0.00268 1.921e-05 0.0 0.0 0.0001 6.814e-05 0.0001 2.718e-05 0.003352 5.669e-06 0.00112735 5.699563208799999e-09 7.12854613968e-06 1.329e-07 4.371e-06 2.356e-05 0.00119585814 0.0003553843212479995 0.0 0.0 0.0
43 0.0 1.121e-11 0.0 0.0 0.0 0.004112 0.0 0.8565988946800001 0.0 0.009012 6.377e-05 0.0 0.0 0.0001 8.583e-05 0.0001 3.051e-05 0.003726 5.245e-06 0.00112735 1.7262062719999997e-08 9.1942386144e-06 2.607e-07 3.579e-06 1.74e-05 0.00119585814 0.0003164042909279999 0.0 0.0 0.0
44 0.0 5.516e-11 0.0 0.0 0.0 0.01492 0.0 0.84929055004 0.0 0.02019 0.0001437 0.0 0.0 0.0001 0.0001106 0.0001 3.246e-05 0.003791 4.891e-06 0.00112735 5.3758995327999996e-08 1.1743732728e-05 4.382e-07 3.697e-06 1.488e-05 0.00119585814 0.00031854437102399856 0.0 0.0 0.0
45 0.0 1.472e-10 0.0 0.0 0.0 0.03687 0.0 0.8336080605 0.0 0.03613 0.0002593 0.0 0.0 0.0001 0.0001394 0.0001 3.265e-05 0.003517 4.765e-06 0.00112735 1.1767486506e-07 1.43634884904e-05 6.436e-07 4.456e-06 1.521e-05 0.00119585814 0.0003701246688479991 0.0 0.0 0.0
46 0.0 2.975e-10 0.0 0.0 0.0 0.07197 0.0 0.8112262550400001 0.0 0.05521 0.0004039 0.0 0.0 0.0001 0.0001611 0.0001 3.103e-05 0.002981 5.025e-06 0.00112735 2.1454277952e-07 1.6712235036e-05 8.499e-07 5.796e-06 1.75e-05 0.00119585814 0.00046151482396799995 0.0 0.0 0.0
47 0.0 5.231e-10 0.0 0.0 0.0 0.1224 0.0 0.7868651062400002 0.0 0.07214 0.0005403 0.0 0.0 0.0001 0.0001685 0.0001 2.813e-05 0.002305 5.814e-06 0.00112735 3.5186865348e-07 1.82780660664e-05 9.884e-07 7.733e-06 2.089e-05 0.00119585814 0.0005705278835520004 0.0 0.0 0.0
48 0.0 6.529e-10 0.0 0.0 0.0 0.1513 0.0 0.7751413033800001 0.0 0.07896 0.0005986 0.0 0.0 0.0001 0.0001675 0.0001 2.643e-05 0.001955 6.319e-06 0.00112735 4.2523242003999996e-07 1.86996359592e-05 1.027e-06 8.842e-06 2.273e-05 0.00119585814 0.0006254711643839998 0.0 0.0 0.0
49 0.0 7.872e-10 0.0 0.0 0.0 0.09065 0.0 0.7794045044200001 0.0 0.08461 0.0006497 0.0 0.0 0.0001 0.0001633 0.0001 2.461e-05 0.001617 6.848e-06 0.00112735 4.97054931e-07 1.88803087704e-05 1.047e-06 9.999e-06 2.456e-05 0.00119585814 0.0006782962026720006 0.0 0.0 0.0
50 0.0 9.235e-10 0.0 0.0 0.0 0.10585 0.0 0.76920327336 0.0 0.08902 0.0006928 0.0 0.0 0.0001 0.0001558 0.0001 2.274e-05 0.001304 7.404e-06 0.00112735 5.679526885999999e-07 1.88401592568e-05 1.05e-06 1.117e-05 2.632e-05 0.00119585814 0.0007266445427999994 0.0 0.0 0.0
51 0.0 1.061e-09 0.0 0.0 0.0 0.121 0.0 0.7605246141 0.0 0.09191 0.0007264 0.0 0.0 0.0001 0.0001444 0.0001 2.09e-05 0.001028 7.992e-06 0.00112735 6.391586973199999e-07 1.86494490672e-05 1.035e-06 1.234e-05 2.795e-05 0.00119585814 0.0007682450793599986 0.0 0.0 0.0
52 0.0 1.142e-09 0.0 0.0 0.0 0.13 0.0 0.7550433556200001 0.0 0.09383 0.0007479 0.0 0.0 0.0001 0.0001374 0.0001 1.979e-05 0.0008608 8.351e-06 0.00112735 6.8231385412e-07 1.8559112661600003e-05 1.029e-06 1.303e-05 2.894e-05 0.00119585814 0.0007935766396799998 0.0 0.0 0.0
53 0.0 1.226e-09 0.0 0.0 0.0 0.1391 0.0 0.7504756402200001 0.0 0.09466 0.0007617 0.0 0.0 0.0001 0.0001293 0.0001 1.874e-05 0.0007108 8.727e-06 0.00112735 7.2562313648e-07 1.8358365093599998e-05 1.009e-06 1.372e-05 2.984e-05 0.00119585814 0.0008149774406400014 0.0 0.0 0.0
54 0.0 1.308e-09 0.0 0.0 0.0 0.14795 0.0 0.7469737250800002 0.0 0.0944 0.0007669 0.0 0.0 0.0001 0.0001209 0.0001 1.779e-05 0.0005807 9.096e-06 0.00112735 7.663122843199999e-07 1.8057243741600003e-05 9.76e-07 1.439e-05 3.065e-05 0.00119585814 0.0008321199189599981 0.0 0.0 0.0
