# index Z=1 - Z=30
0 0.0 0.003199 0.0 0.0 0.0 1.033e-07 0.0 0.005000000913 0.0 5.944e-10 5.756e-13 0.0001 0.0 6.745559293200002e-09 7.363e-10 0.0001 8.378e-09 2.519e-07 4.828e-08 2.5728280461000003e-06 6.875e-12 1.8811572321600004e-05 8.007916535400002e-07 6.029e-05 0.0085220245575 0.12439969125158398 0.20661968287487098 0.3533113479133 0.0 0.0
1 0.0 0.00604 0.0 0.0 0.0 2.338e-07 0.0 0.005000002228 0.0 1.723e-09 1.392e-12 0.0001 0.0 1.77181393662e-08 1.952e-09 0.0001 2.327e-08 4.326e-07 1.462e-07 1.7971491190500003e-06 1.128e-12 7.88065672176e-05 1.37885341638e-06 5.042e-08 1.1590688848e-05 0.13512912602694396 0.22384074122223452 0.2987608766863 0.0 0.0
2 0.0 0.007337 0.0 0.0 0.0 2.974e-07 0.0 0.005000002964 0.0 2.509e-09 1.919e-12 0.0001 0.0 2.7659738761200002e-08 2.622e-09 0.0001 2.937e-08 5.827e-07 1.965e-07 2.46323280675e-06 1.647e-12 0.00011778483494880001 2.78222438662e-06 1.053e-07 1.3951482705999999e-05 0.132628164251968 0.2197872334982625 0.31067208444860006 0.0 0.0
3 0.0 0.01002 0.0 0.0 0.0 9.013e-07 0.0 0.005000002494 0.0 3.476e-09 8.874e-13 0.0001 0.0 6.378824737740001e-08 4.428e-09 0.0001 4.119e-08 7.127e-07 2.239e-07 2.7824422417500003e-06 2.091e-12 0.00016852803494400001 6.2778750588e-06 3.064e-07 3.5650929055e-05 0.13407933960288 0.22281212554039956 0.299721128427 0.0 0.0
4 0.0 8.706e-14 0.0 0.0 0.0 1.797e-07 0.0 0.0050008288 0.0 2.85e-11 6.568e-12 0.0001 0.0 0.27306259671600003 8.593e-06 0.0001 1.091e-06 0.04362 5.117e-07 0.05803227528300001 1.002e-09 0.000289749954816 0.00048620726528 7.003e-05 0.05232725326999999 0.079058180553408 0.13765544604349653 0.10759212136781503 0.0 0.0
5 0.0 1.775e-14 0.0 0.0 0.0 4.019e-07 0.0 0.00500202 0.0 6.728e-11 3.214e-11 0.0001 0.0 0.5364045184680001 6.907e-06 0.0001 6.824e-07 0.05708 5.428e-07 0.06202239322050001 1.029e-09 0.000249589034208 0.00034738956596000003 7.141e-05 0.029969579349999994 0.03610956538067199 0.062593169083515 0.049514257310349995 0.0 0.0
6 0.0 4.358e-13 0.0 0.0 0.0 2.93e-08 0.0 0.0050001496 0.0 6.145e-12 1.864e-13 0.0001 0.0 0.05543730388560001 2.391e-06 0.0001 3.858e-07 0.01606 2.409e-07 0.028494762231000007 5.4e-10 0.000191318741424 0.00043268302798000005 6.345e-05 0.0639841326 0.12759536463072 0.21933007097300253 0.17309661324963002 0.0 0.0
7 0.0 0.02615 0.0 0.0 0.0 1.785e-06 0.0 0.00500001435 0.0 1.576e-08 2.118e-12 0.0001 0.0 0.00029117840005800003 3.699e-08 0.0001 1.358e-07 0.0001731 4.236e-07 0.00042859186806 1.424e-11 0.0003841157989440001 4.385534282e-05 4.777e-06 0.0025593653039999997 0.14071769493152 0.23409515064299702 0.24507871820355004 0.0 0.0
8 0.0 0.02984 0.0 0.0 0.0 2.753e-06 0.0 0.00500001682 0.0 2.111e-08 2.378e-12 0.0001 0.0 2.6584573197000004e-07 2.622e-08 0.0001 1.816e-07 2.98e-06 5.003e-07 6.185214818850001e-06 2.836e-12 0.000385470922032 3.6016631938000005e-05 3.167e-06 0.00015486734163499999 0.14141240653568002 0.23513773517977055 0.24019573594765006 0.0 0.0
9 0.0 0.03159 0.0 0.0 0.0 3.175e-06 0.0 0.00500002537 0.0 3.243e-08 2.477e-12 0.0001 0.0 3.240224988000001e-07 3.099e-08 0.0001 2.107e-07 3.571e-06 5.55e-07 6.920460550800001e-06 2.802e-12 0.000339643123056 2.62855802792e-05 2.438e-06 0.00013094683688999998 0.14212255617548797 0.2363949321242355 0.23462831894040004 0.0 0.0
10 0.0 0.0137 0.0 0.0 0.0 3.338e-06 0.0 0.00500000705 0.0 1.102e-08 4.982e-13 0.0001 0.0 1.5111231080400004e-07 9.205e-09 0.0001 1.13e-07 1.896e-06 5.625e-07 5.057341481850001e-06 3.432e-11 0.00016569459576 6.9685103788e-06 4.871e-07 6.052751854e-05 0.147340612224512 0.24627345235756204 0.22434136678205002 0.0 0.0
11 0.0 0.000992 0.0 0.0 0.0 5.509e-08 0.0 0.0050000005938 0.0 1.877e-10 3.582e-14 0.0001 0.0 0.00026510931720000007 1.141e-06 0.0001 3.028e-06 0.0004189 8.594e-07 0.0019258969245000003 2.386e-11 0.00012393216604800002 6.201905173600001e-05 5.501e-06 0.018845901124999998 0.150582599710592 0.249793603802064 0.20815193105161003 0.0 0.0
12 0.0 8.627e-11 0.0 0.0 0.0 7.618e-09 0.0 0.00500004405 0.0 2.209e-12 1.719e-14 0.0001 0.0 0.01348522726824 1.261e-06 0.0001 3.048e-07 0.006568 1.842e-07 0.014800677469500003 2.493e-11 0.00013366441368 0.000342865904614 3.831e-05 0.059258867635 0.141782919391232 0.23352420544478342 0.19185625470305 0.0 0.0
13 0.0 1.976e-12 0.0 0.0 0.0 5.752e-08 0.0 0.005000262 0.0 1.136e-11 4.55e-13 0.0001 0.0 0.057455080355400014 6.27e-06 0.0001 1.256e-06 0.01771 5.835e-07 0.031750698468 4.291e-11 0.00022630555569600003 0.00051901244298 3.819e-05 0.067642995355 0.12705503338304 0.2092486213742967 0.17179312258885002 0.0 0.0
14 0.0 1.292e-12 0.0 0.0 0.0 8.503e-08 0.0 0.0050003726000000005 0.0 1.556e-11 9.192e-13 0.0001 0.0 0.07761811675800001 7.145e-06 0.0001 1.278e-06 0.02165 5.969e-07 0.036889970371500005 5.296e-11 0.00025143692932800004 0.00055216293834 4.531e-05 0.06836005891 0.121404712335872 0.1999598407985556 0.16430315901139 0.0 0.0
15 0.0 1.218e-12 0.0 0.0 0.0 1.402e-07 0.0 0.0050005764 0.0 2.389e-11 2.644e-12 0.0001 0.0 0.11239162219740002 1.093e-05 0.0001 2.042e-06 0.02739 8.751e-07 0.04369977165150001 5.471e-11 0.00028174240929600006 0.00058255089242 4.516e-05 0.067348815435 0.11263590808780802 0.18550080604130464 0.15249717032280505 0.0 0.0
16 0.0 6.932e-12 0.0 0.0 0.0 2.57e-07 0.0 0.0050009862 0.0 4.146e-11 8.317e-12 0.0001 0.0 0.17983248683400002 1.881e-05 0.0001 3.528e-06 0.03667 1.379e-06 0.053542062564 5.726e-11 0.00031906989072000004 0.0006060324933000001 3.064e-05 0.062789026675 0.097244186546752 0.16014060387963855 0.13144007550254003 0.0 0.0
17 0.0 3.031e-11 0.0 0.0 0.0 3.599e-07 0.0 0.005001342 0.0 5.797e-11 1.448e-11 0.0001 0.0 0.23580000935400003 2.329e-05 0.0001 4.374e-06 0.04343 1.659e-06 0.060000733465500014 6.033e-11 0.0003422301762240001 0.00060844971692 3.056e-05 0.058670507795 0.085156204634368 0.14024412884278126 0.11513826988755001 0.0 0.0
18 0.0 1.916e-11 0.0 0.0 0.0 4.44e-07 0.0 0.005001646 0.0 7.003e-11 2.138e-11 0.0001 0.0 0.28057402737000003 2.182e-05 0.0001 3.58e-06 0.04759 1.401e-06 0.06305450372700001 6.482e-11 0.00035134645881600005 0.0005925651045600001 4.145e-05 0.055213893735 0.076387400386304 0.12579766605497492 0.10352433154710501 0.0 0.0
19 0.0 9.952e-13 0.0 0.0 0.0 5.62e-07 0.0 0.005002071 0.0 8.805e-11 3.339e-11 0.27281456000000004 0.0 0.244251664345 1.979e-05 0.07217152894799998 2.411e-06 0.03646908531 1.01e-06 0.21336471033899998 7.137e-11 0.000528274102624 0.0029451787625 5.076e-05 0.0 0.05374077500000001 0.39589017848496 0.027848009043119997 0.0 0.0
20 0.0 2.429e-13 0.0 0.0 0.0 7.143e-07 0.0 0.005002622 0.0 1.158e-10 5.355e-11 0.27281456000000004 0.0 0.2964106694575 1.927e-05 0.082291389045 2.044e-06 0.03922396936 9.224e-07 0.21619484722799998 7.777e-11 0.000512844678208 0.0026769409429 5.37e-05 0.0 0.05374077500000001 0.32251452752698007 0.022716730379280004 0.0 0.0
21 0.0 1.72e-13 0.0 0.0 0.0 9.01e-07 0.0 0.005003332 0.0 1.532e-10 8.371e-11 0.27281456000000004 0.0 0.358053130045 1.807e-05 0.092519290353 1.739e-06 0.041141926610000004 8.692e-07 0.21139742006249998 7.395e-11 0.00047390374992 0.0023035828967 5.526e-05 0.0 0.05374077500000001 0.24452975700057003 0.01725826236792 0.0 0.0
22 0.0 1.061e-13 0.0 0.0 0.0 1.097e-06 0.0 0.0050041650000000005 0.0 1.974e-10 1.229e-10 0.27281456000000004 0.0 0.41779889953750005 1.509e-05 0.100226230071 1.306e-06 0.041476697330000006 7.917e-07 0.19824763768799997 7.044e-11 0.00041843129547199993 0.0018994137496 5.846e-05 0.0 0.05374077500000001 0.17882647148353 0.0126590729412 0.0 0.0
23 0.0 6.353e-14 0.0 0.0 0.0 1.321e-06 0.0 0.005005253 0.0 2.551e-10 1.784e-10 0.27281456000000004 0.0 0.4773339255750001 1.192e-05 0.10537619446200001 9.758e-07 0.040214332740000004 7.477e-07 0.17733223580099997 6.449e-11 0.000349182569224 0.0014807452609 6.151e-05 0.0 0.05374077500000001 0.12390313037451003 0.008807768111520002 0.0 0.0
24 0.0 3.718e-14 0.0 0.0 0.0 1.549e-06 0.0 0.00500658 0.0 3.222e-10 2.475e-10 0.27281456000000004 0.0 0.531284250055 9.077e-06 0.10760904615599999 7.446e-07 0.03775237307 7.295e-07 0.15296544746399998 5.802e-11 0.00027975015935199996 0.0011120995007199998 6.443e-05 0.0 0.05374077500000001 0.08337624157778 0.00596031012192 0.0 0.0
25 0.0 2.457e-14 0.0 0.0 0.0 1.744e-06 0.0 0.005007891 0.0 3.837e-10 3.128e-10 0.27281456000000004 0.0 0.570482532685 7.188e-06 0.10760904615599999 6.189e-07 0.03517184877000001 7.315e-07 0.132602267409 5.218e-11 0.00022758401013600003 0.00086180461635 6.695e-05 0.0 0.05374077500000001 0.05957016605635001 0.004284245286888 0.0 0.0
26 0.0 1.909e-14 0.0 0.0 0.0 1.914e-06 0.0 0.005009155 0.0 4.394e-10 3.725e-10 0.27281456000000004 0.0 0.5976684383800002 6.039e-06 0.106564647783 5.549e-07 0.03295399275 7.43e-07 0.11745068089349997 4.76e-11 0.00019268412157600001 0.0007062991776899999 6.933e-05 0.0 0.05374077500000001 0.04646746726233401 0.0033600979991040007 0.0 0.0
27 0.0 1.68e-14 0.0 0.0 0.0 2.057e-06 0.0 0.00501024 0.0 4.877e-10 4.243e-10 0.27281456000000004 0.0 0.6161084906925001 5.396e-06 0.10541220819899999 5.23e-07 0.03129408793 7.532e-07 0.035641317406999995 4.28e-11 0.00016974203693840003 0.00061024103959 7.082e-05 0.0 0.05374077500000001 0.038875128560673 0.0028234066454160003 0.0 0.0
28 0.0 1.592e-14 0.0 0.0 0.0 2.183e-06 0.0 0.00501124 0.0 5.323e-10 4.7e-10 0.27281456000000004 0.0 0.6291745849025 4.982e-06 0.10440382356299999 5.082e-07 0.03008751846 7.688e-07 0.0332368515135 4.002e-11 0.00015486366339439997 0.00054372531 7.205e-05 0.0 0.05374077500000001 0.033973354361305 0.002476572927528 0.0 0.0
29 0.0 1.577e-14 0.0 0.0 0.0 2.277e-06 0.0 0.00501217 0.0 5.665e-10 4.922e-10 3.2915076664000004e-05 0.0 0.6357076320074999 4.598e-06 1.2004579e-14 5.124e-07 0.029780645300000002 8.344e-07 0.032512060359 4.065e-11 0.00015096957056559999 0.00047340350323999997 7.205e-05 0.0 0.05374077500000001 0.064857076110717 0.004616736012504 0.0 0.0
30 0.0 1.483e-14 0.0 0.0 0.0 2.902e-06 0.0 0.00504021 0.0 1.679e-09 1.182e-09 3.6336513725e-05 0.0 0.26031656402959996 3.893e-06 0.0001 5.921e-07 0.0446 1.202e-06 0.052340422518 5.318e-11 0.000128251713616 0.0001884 6.881e-05 0.002317 0.029397765000000006 0.0480159386527266 0.014381722321149999 0.0 0.0
31 0.0 1.192e-14 0.0 0.0 0.0 1.007e-05 0.0 0.007516 0.0 6.329e-08 1.585e-08 4.677343345e-05 0.0 0.259711076092 7.431e-06 0.0001 6.911e-06 0.04677 1.158e-05 0.05619051324 1.723e-10 0.00014847814544 8.818e-05 6.698e-05 0.001153 0.029397765000000006 0.03979867497899701 0.01192318673004 0.0 0.0
32 0.0 6.067e-15 0.0 0.0 0.0 2.207e-05 0.0 0.038919999999999996 0.0 6.277e-07 4.817e-08 0.000300928616 0.0 0.26615519771359997 5.121e-05 0.0001 5.173e-05 0.0399 6.921e-05 0.004446681356400001 8.743e-10 0.00014493958144 1.973e-05 7.035e-05 0.0002998 0.029397765000000006 0.0333718579327164 0.00992063831743 0.0 0.0
33 0.0 1.001e-15 0.0 0.0 0.0 2.086e-05 0.0 0.1706 0.0 1.834e-06 4.576e-08 0.015068013795 0.0 0.261008550244 0.000119 0.0001 8.018e-05 0.02103 8.496e-05 0.0018868913088000005 1.317e-09 8.567571156800002e-05 1.398e-06 6.077e-05 8.104e-05 0.029397765000000006 0.0308588900998344 0.009086040169849999 0.0 0.0
34 0.0 4.355e-16 0.0 0.0 0.0 1.864e-05 0.0 0.2311 0.0 2.103e-06 3.864e-08 0.031834917625 0.0 0.25023951478240003 0.000125 0.0001 7.112e-05 0.01528 6.91e-05 0.00126012428766 1.158e-09 6.284489664e-05 5.377e-07 5.582e-05 8.105e-05 0.029397765000000006 0.030613629129768002 0.00900996678094 0.0 0.0
35 0.0 1.592e-16 0.0 0.0 0.0 1.637e-05 0.0 0.2969 0.0 2.324e-06 3.109e-08 0.058089089399999995 0.0 0.23350209822160004 0.0001217 0.0001 5.712e-05 0.01029 5.013e-05 0.00077088528195 9.258e-10 4.2207991392e-05 2.161e-07 4.966e-05 8.616e-05 0.029397765000000006 0.030466432166604 0.00897818928937 0.0 0.0
36 0.0 5.382e-17 0.0 0.0 0.0 1.433e-05 0.0 0.3627 0.0 2.548e-06 2.419e-08 0.09346978477500001 0.0 6.6537136e-23 0.0001107 0.0001 4.202e-05 0.006414 3.251e-05 0.00042767223966 6.946e-10 2.5916442736e-05 9.913e-08 4.216e-05 8.868e-05 0.029397765000000006 0.030371128830786003 0.00897977533173 0.0 0.0
37 0.0 1.928e-17 0.0 0.0 0.0 1.266e-05 0.0 0.4232 0.0 2.842e-06 1.858e-08 0.13532537865 0.0 6.6537136e-23 9.552e-05 0.0001 2.943e-05 0.003813 1.936e-05 0.00021557039493000002 5.334e-10 1.4989357104e-05 4.922e-08 3.368e-05 8.524e-05 0.029397765000000006 0.030294171726858003 0.00900690798496 0.0 0.0
38 0.0 8.264e-18 0.0 0.0 0.0 1.157e-05 0.0 0.474 0.0 3.264e-06 1.579e-08 0.179447187 0.0 6.6537136e-23 8.006e-05 0.0001 2.157e-05 0.002435 1.147e-05 0.00010395244949400001 5.035e-10 9.0459850096e-06 2.654e-08 2.485e-05 7.566e-05 0.029397765000000006 0.03021362303256 0.00905392281206 0.0 0.0
39 0.0 6.989e-18 0.0 0.0 0.0 1.236e-05 0.0 0.5129 0.0 3.892e-06 5.816e-08 0.2210715345 0.0 6.6537136e-23 6.767e-05 0.0001 1.873e-05 0.002025 7.683e-06 5.619051324e-05 7.114e-10 6.7360104304000015e-06 2.095e-08 1.679e-05 6.187e-05 0.029397765000000006 0.030115970602500004 0.00911555188662 0.0 0.0
40 0.0 1.266e-16 0.0 0.0 0.0 2.332e-05 0.0 0.6908618844300001 0.0 8.322e-06 5.089e-07 0.0 0.0 0.0001 6.015e-05 0.0001 1.976e-05 0.002252 6.327e-06 0.0008607129499999999 1.9463627049000003e-09 5.2143205928e-06 3.122e-08 1.061e-05 4.694e-05 0.00075214818 0.00019365998044609966 0.0 0.0 0.0
41 0.0 5.728e-15 0.0 0.0 0.0 9.736e-05 0.0 0.7129395114600001 0.0 0.000379 3.543e-06 0.0 0.0 0.0001 5.937e-05 0.0001 2.313e-05 0.002791 5.957e-06 0.0008607129499999999 3.3572101839000005e-09 6.19986025664e-06 6.295e-08 6.562e-06 3.361e-05 0.00075214818 0.0001650676456505998 0.0 0.0 0.0
42 0.0 5.788e-13 0.0 0.0 0.0 0.0007158 0.0 0.7243010973000001 0.0 0.00268 1.921e-05 0.0 0.0 0.0001 6.814e-05 0.0001 2.718e-05 0.003352 5.669e-06 0.0008607129499999999 5.6100150294e-09 7.82919764272e-06 1.329e-07 4.371e-06 2.356e-05 0.00075214818 0.0001396284040395998 0.0 0.0 0.0
43 0.0 1.121e-11 0.0 0.0 0.0 0.004112 0.0 0.7263668401800001 0.0 0.009012 6.377e-05 0.0 0.0 0.0001 8.583e-05 0.0001 3.051e-05 0.003726 5.245e-06 0.0008607129499999999 1.699085136e-08 1.00979231776e-05 2.607e-07 3.579e-06 1.74e-05 0.00075214818 0.00012431338000059997 0.0 0.0 0.0
44 0.0 5.516e-11 0.0 0.0 0.0 0.01492 0.0 0.72016961154 0.0 0.02019 0.0001437 0.0 0.0 0.0001 0.0001106 0.0001 3.246e-05 0.003791 4.891e-06 0.0008607129499999999 5.2914365664e-08 1.2898002312e-05 4.382e-07 3.697e-06 1.488e-05 0.00075214818 0.00012515420484979944 0.0 0.0 0.0
45 0.0 1.472e-10 0.0 0.0 0.0 0.03687 0.0 0.70687139175 0.0 0.03613 0.0002593 0.0 0.0 0.0001 0.0001394 0.0001 3.265e-05 0.003517 4.765e-06 0.0008607129499999999 1.1582602690500001e-07 1.57752489816e-05 6.436e-07 4.456e-06 1.521e-05 0.00075214818 0.00014541979968459964 0.0 0.0 0.0
46 0.0 2.975e-10 0.0 0.0 0.0 0.07197 0.0 0.6878923790400001 0.0 0.05521 0.0004039 0.0 0.0 0.0001 0.0001611 0.0001 3.103e-05 0.002981 5.025e-06 0.0008607129499999999 2.1117200976e-07 1.8354849443999997e-05 8.499e-07 5.796e-06 1.75e-05 0.00075214818 0.00018132645268359996 0.0 0.0 0.0
47 0.0 5.231e-10 0.0 0.0 0.0 0.1224 0.0 0.6672349502400001 0.0 0.07214 0.0005403 0.0 0.0 0.0001 0.0001685 0.0001 2.813e-05 0.002305 5.814e-06 0.0008607129499999999 3.4634030049000003e-07 2.00745830856e-05 9.884e-07 7.733e-06 2.089e-05 0.00075214818 0.00022415704092040013 0.0 0.0 0.0
48 0.0 6.529e-10 0.0 0.0 0.0 0.1513 0.0 0.65729356263 0.0 0.07896 0.0005986 0.0 0.0 0.0001 0.0001675 0.0001 2.643e-05 0.001955 6.319e-06 0.0008607129499999999 4.1855141877e-07 2.0537588296799998e-05 1.027e-06 8.842e-06 2.273e-05 0.00075214818 0.00024574393194679993 0.0 0.0 0.0
49 0.0 7.872e-10 0.0 0.0 0.0 0.09065 0.0 0.6609086126700001 0.0 0.08461 0.0006497 0.0 0.0 0.0001 0.0001633 0.0001 2.461e-05 0.001617 6.848e-06 0.0008607129499999999 4.8924549675e-07 2.07360191016e-05 1.047e-06 9.999e-06 2.456e-05 0.00075214818 0.0002664985779694002 0.0 0.0 0.0
50 0.0 9.235e-10 0.0 0.0 0.0 0.10585 0.0 0.65225831436 0.0 0.08902 0.0006928 0.0 0.0 0.0001 0.0001558 0.0001 2.274e-05 0.001304 7.404e-06 0.0008607129499999999 5.5902935055e-07 2.0691923367199998e-05 1.05e-06 1.117e-05 2.632e-05 0.00075214818 0.00028549435568499975 0.0 0.0 0.0
51 0.0 1.061e-09 0.0 0.0 0.0 0.121 0.0 0.6448991053500001 0.0 0.09191 0.0007264 0.0 0.0 0.0001 0.0001444 0.0001 2.09e-05 0.001028 7.992e-06 0.0008607129499999999 6.2911661241e-07 2.0482468628800002e-05 1.035e-06 1.234e-05 2.795e-05 0.00075214818 0.00030183896117199943 0.0 0.0 0.0
52 0.0 1.142e-09 0.0 0.0 0.0 0.13 0.0 0.64025118387 0.0 0.09383 0.0007479 0.0 0.0 0.0001 0.0001374 0.0001 1.979e-05 0.0008608 8.351e-06 0.0008607129499999999 6.7159374081e-07 2.03832532264e-05 1.029e-06 1.303e-05 2.894e-05 0.00075214818 0.00031179158183599985 0.0 0.0 0.0
53 0.0 1.226e-09 0.0 0.0 0.0 0.1391 0.0 0.63637791597 0.0 0.09466 0.0007617 0.0 0.0 0.0001 0.0001293 0.0001 1.874e-05 0.0007108 8.727e-06 0.0008607129499999999 7.1422257324e-07 2.01627745544e-05 1.009e-06 1.372e-05 2.984e-05 0.00075214818 0.00032019983032800054 0.0 0.0 0.0
54 0.0 1.308e-09 0.0 0.0 0.0 0.14795 0.0 0.6334084105800001 0.0 0.0944 0.0007669 0.0 0.0 0.0001 0.0001209 0.0001 1.779e-05 0.0005807 9.096e-06 0.0008607129499999999 7.542724371600001e-07 1.98320565464e-05 9.76e-07 1.439e-05 3.065e-05 0.00075214818 0.0003269350089669992 0.0 0.0 0.0
