# index Z=1 - Z=30
0 0.0 0.003199 0.0 0.0 0.0 1.033e-07 0.0 0.005000000913 0.0 5.944e-10 5.756e-13 0.0001 0.0 2.9770000000000004e-09 7.363e-10 0.0001 8.378e-09 2.519e-07 4.828e-08 3.627e-06 6.875e-12 1.2216000000000001e-05 2.319e-06 6.029e-05 0.004635 0.30007992 0.21639898 0.4599938 0.0 0.0
1 0.0 0.00604 0.0 0.0 0.0 2.338e-07 0.0 0.005000002228 0.0 1.723e-09 1.392e-12 0.0001 0.0 7.8195e-09 1.952e-09 0.0001 2.327e-08 4.326e-07 1.462e-07 2.5335e-06 1.128e-12 5.1176e-05 3.993e-06 5.042e-08 6.304e-06 0.32596171999999995 0.23443511000000003 0.38897180000000003 0.0 0.0
2 0.0 0.007337 0.0 0.0 0.0 2.974e-07 0.0 0.005000002964 0.0 2.509e-09 1.919e-12 0.0001 0.0 1.2207e-08 2.622e-09 0.0001 2.937e-08 5.827e-07 1.965e-07 3.4724999999999998e-06 1.647e-12 7.6488e-05 8.057e-06 1.053e-07 7.588e-06 0.31992884 0.23018975000000003 0.40447960000000005 0.0 0.0
3 0.0 0.01002 0.0 0.0 0.0 9.013e-07 0.0 0.005000002494 0.0 3.476e-09 8.874e-13 0.0001 0.0 2.8151500000000002e-08 4.428e-09 0.0001 4.119e-08 7.127e-07 2.239e-07 3.9225e-06 2.091e-12 0.00010944 1.818e-05 3.064e-07 1.939e-05 0.32342940000000003 0.23335781000000005 0.390222 0.0 0.0
4 0.0 8.706e-14 0.0 0.0 0.0 1.797e-07 0.0 0.0050008288 0.0 2.85e-11 6.568e-12 0.0001 0.0 0.12051 8.593e-06 0.0001 1.091e-06 0.04362 5.117e-07 0.08181 1.002e-09 0.00018816 0.001408 7.003e-05 0.02846 0.19070604000000002 0.14417067000000003 0.14007959000000003 0.0 0.0
5 0.0 1.775e-14 0.0 0.0 0.0 4.019e-07 0.0 0.00500202 0.0 6.728e-11 3.214e-11 0.0001 0.0 0.23673000000000002 6.907e-06 0.0001 6.824e-07 0.05708 5.428e-07 0.087435 1.029e-09 0.00016208 0.001006 7.141e-05 0.0163 0.08710435999999999 0.06555570000000001 0.0644651 0.0 0.0
6 0.0 4.358e-13 0.0 0.0 0.0 2.93e-08 0.0 0.0050001496 0.0 6.145e-12 1.864e-13 0.0001 0.0 0.024466 2.391e-06 0.0001 3.858e-07 0.01606 2.409e-07 0.040170000000000004 5.4e-10 0.00012424 0.001253 6.345e-05 0.0348 0.3077886 0.22971095000000002 0.22536318000000002 0.0 0.0
7 0.0 0.02615 0.0 0.0 0.0 1.785e-06 0.0 0.00500001435 0.0 1.576e-08 2.118e-12 0.0001 0.0 0.000128505 3.699e-08 0.0001 1.358e-07 0.0001731 4.236e-07 0.0006041999999999999 1.424e-11 0.00024944 0.000127 4.777e-06 0.001392 0.33944260000000004 0.24517486000000002 0.31908030000000004 0.0 0.0
8 0.0 0.02984 0.0 0.0 0.0 2.753e-06 0.0 0.00500001682 0.0 2.111e-08 2.378e-12 0.0001 0.0 1.1732500000000001e-07 2.622e-08 0.0001 1.816e-07 2.98e-06 5.003e-07 8.7195e-06 2.836e-12 0.00025032 0.0001043 3.167e-06 8.423e-05 0.3411184000000001 0.24626679000000004 0.3127229000000001 0.0 0.0
9 0.0 0.03159 0.0 0.0 0.0 3.175e-06 0.0 0.00500002537 0.0 3.243e-08 2.477e-12 0.0001 0.0 1.4300000000000002e-07 3.099e-08 0.0001 2.107e-07 3.571e-06 5.55e-07 9.756e-06 2.802e-12 0.00022056 7.612e-05 2.438e-06 7.122e-05 0.34283144 0.24758349000000002 0.30547440000000003 0.0 0.0
10 0.0 0.0137 0.0 0.0 0.0 3.338e-06 0.0 0.00500000705 0.0 1.102e-08 4.982e-13 0.0001 0.0 6.669000000000001e-08 9.205e-09 0.0001 1.13e-07 1.896e-06 5.625e-07 7.1295e-06 3.432e-11 0.0001076 2.018e-05 4.871e-07 3.292e-05 0.35541856000000005 0.25792956000000006 0.29208130000000004 0.0 0.0
11 0.0 0.000992 0.0 0.0 0.0 5.509e-08 0.0 0.0050000005938 0.0 1.877e-10 3.582e-14 0.0001 0.0 0.00011700000000000001 1.141e-06 0.0001 3.028e-06 0.0004189 8.594e-07 0.002715 2.386e-11 8.048000000000002e-05 0.0001796 5.501e-06 0.01025 0.36323896000000006 0.26161632 0.27100346000000003 0.0 0.0
12 0.0 8.627e-11 0.0 0.0 0.0 7.618e-09 0.0 0.00500004405 0.0 2.209e-12 1.719e-14 0.0001 0.0 0.0059514 1.261e-06 0.0001 3.048e-07 0.006568 1.842e-07 0.020865 2.493e-11 8.68e-05 0.0009929 3.831e-05 0.03223 0.34201216 0.24457689200000002 0.24978730000000002 0.0 0.0
13 0.0 1.976e-12 0.0 0.0 0.0 5.752e-08 0.0 0.005000262 0.0 1.136e-11 4.55e-13 0.0001 0.0 0.025356500000000004 6.27e-06 0.0001 1.256e-06 0.01771 5.835e-07 0.044759999999999994 4.291e-11 0.00014696000000000002 0.001503 3.819e-05 0.03679 0.3064852 0.219152346 0.2236661 0.0 0.0
14 0.0 1.292e-12 0.0 0.0 0.0 8.503e-08 0.0 0.0050003726000000005 0.0 1.556e-11 9.192e-13 0.0001 0.0 0.034255 7.145e-06 0.0001 1.278e-06 0.02165 5.969e-07 0.052004999999999996 5.296e-11 0.00016328000000000002 0.001599 4.531e-05 0.03718 0.29285536 0.209423928 0.21391454000000001 0.0 0.0
15 0.0 1.218e-12 0.0 0.0 0.0 1.402e-07 0.0 0.0050005764 0.0 2.389e-11 2.644e-12 0.0001 0.0 0.04960150000000001 1.093e-05 0.0001 2.042e-06 0.02739 8.751e-07 0.06160500000000001 5.471e-11 0.00018296000000000002 0.001687 4.516e-05 0.03663 0.27170304000000006 0.19428054800000005 0.19854373000000006 0.0 0.0
16 0.0 6.932e-12 0.0 0.0 0.0 2.57e-07 0.0 0.0050009862 0.0 4.146e-11 8.317e-12 0.0001 0.0 0.079365 1.881e-05 0.0001 3.528e-06 0.03667 1.379e-06 0.07547999999999999 5.726e-11 0.00020720000000000002 0.001755 3.064e-05 0.03415 0.23457476000000002 0.167720049 0.17112844000000002 0.0 0.0
17 0.0 3.031e-11 0.0 0.0 0.0 3.599e-07 0.0 0.005001342 0.0 5.797e-11 1.448e-11 0.0001 0.0 0.104065 2.329e-05 0.0001 4.374e-06 0.04343 1.659e-06 0.08458500000000001 6.033e-11 0.00022224000000000004 0.001762 3.056e-05 0.03191 0.20541584000000002 0.14688187500000002 0.14990430000000002 0.0 0.0
18 0.0 1.916e-11 0.0 0.0 0.0 4.44e-07 0.0 0.005001646 0.0 7.003e-11 2.138e-11 0.0001 0.0 0.123825 2.182e-05 0.0001 3.58e-06 0.04759 1.401e-06 0.08889 6.482e-11 0.00022816 0.001716 4.145e-05 0.03003 0.18426352000000001 0.13175166200000002 0.13478353 0.0 0.0
19 0.0 9.952e-13 0.0 0.0 0.0 5.62e-07 0.0 0.005002071 0.0 8.805e-11 3.339e-11 0.2 0.0 0.15067 1.979e-05 0.06011999999999999 2.411e-06 0.05229 1.01e-06 0.09273 7.137e-11 0.00023008000000000002 0.001625 5.076e-05 0.02721 0.05 0.16904304 0.17124699999999998 0.0 0.0
20 0.0 2.429e-13 0.0 0.0 0.0 7.143e-07 0.0 0.005002622 0.0 1.158e-10 5.355e-11 0.2 0.0 0.182845 1.927e-05 0.06855 2.044e-06 0.05624 9.224e-07 0.09396 7.777e-11 0.00022336000000000003 0.001477 5.37e-05 0.02344 0.05 0.13771202000000002 0.139693 0.0 0.0
21 0.0 1.72e-13 0.0 0.0 0.0 9.01e-07 0.0 0.005003332 0.0 1.532e-10 8.371e-11 0.2 0.0 0.22087 1.807e-05 0.07707 1.739e-06 0.05899 8.692e-07 0.091875 7.395e-11 0.0002064 0.001271 5.526e-05 0.01893 0.05 0.10441293000000001 0.106127 0.0 0.0
22 0.0 1.061e-13 0.0 0.0 0.0 1.097e-06 0.0 0.0050041650000000005 0.0 1.974e-10 1.229e-10 0.2 0.0 0.25772500000000004 1.509e-05 0.08349 1.306e-06 0.05947 7.917e-07 0.08616 7.044e-11 0.00018224 0.001048 5.846e-05 0.01474 0.05 0.07635797 0.077845 0.0 0.0
23 0.0 6.353e-14 0.0 0.0 0.0 1.321e-06 0.0 0.005005253 0.0 2.551e-10 1.784e-10 0.2 0.0 0.29445000000000005 1.192e-05 0.08778000000000001 9.758e-07 0.05766 7.477e-07 0.07707 6.449e-11 0.00015208 0.000817 6.151e-05 0.0109 0.05 0.052905990000000014 0.05416200000000001 0.0 0.0
24 0.0 3.718e-14 0.0 0.0 0.0 1.549e-06 0.0 0.00500658 0.0 3.222e-10 2.475e-10 0.2 0.0 0.32773 9.077e-06 0.08964 7.446e-07 0.05413 7.295e-07 0.06648 5.802e-11 0.00012184 0.0006136 6.443e-05 0.007809 0.05 0.035601219999999996 0.036652 0.0 0.0
25 0.0 2.457e-14 0.0 0.0 0.0 1.744e-06 0.0 0.005007891 0.0 3.837e-10 3.128e-10 0.2 0.0 0.35191 7.188e-06 0.08964 6.189e-07 0.05043 7.315e-07 0.05763 5.218e-11 9.912000000000001e-05 0.0004755 6.695e-05 0.005867 0.05 0.025436150000000005 0.026345300000000002 0.0 0.0
26 0.0 1.909e-14 0.0 0.0 0.0 1.914e-06 0.0 0.005009155 0.0 4.394e-10 3.725e-10 0.2 0.0 0.36868000000000006 6.039e-06 0.08877 5.549e-07 0.04725 7.43e-07 0.05104499999999999 4.76e-11 8.392000000000001e-05 0.0003897 6.933e-05 0.004732 0.05 0.019841366000000003 0.020662400000000004 0.0 0.0
27 0.0 1.68e-14 0.0 0.0 0.0 2.057e-06 0.0 0.00501024 0.0 4.877e-10 4.243e-10 0.2 0.0 0.38005500000000003 5.396e-06 0.08781 5.23e-07 0.04487 7.532e-07 0.01549 4.28e-11 7.392800000000001e-05 0.0003367 7.082e-05 0.00405 0.05 0.016599477 0.017362100000000002 0.0 0.0
28 0.0 1.592e-14 0.0 0.0 0.0 2.183e-06 0.0 0.00501124 0.0 5.323e-10 4.7e-10 0.2 0.0 0.388115 4.982e-06 0.08696999999999999 5.082e-07 0.04314 7.688e-07 0.014445 4.002e-11 6.7448e-05 0.0003 7.205e-05 0.003591 0.05 0.014506445 0.0152293 0.0 0.0
29 0.0 1.577e-14 0.0 0.0 0.0 2.277e-06 0.0 0.00501217 0.0 5.665e-10 4.922e-10 2.413e-05 0.0 0.39214499999999997 4.598e-06 1e-14 5.124e-07 0.0427 8.344e-07 0.01413 4.065e-11 6.5752e-05 0.0002612 7.205e-05 0.003138 0.05 0.027693633 0.0283899 0.0 0.0
30 0.0 1.483e-14 0.0 0.0 0.0 2.902e-06 0.0 0.00504021 0.0 1.679e-09 1.182e-09 2.357e-05 0.0 0.391235 3.893e-06 0.0001 5.921e-07 0.0446 1.202e-06 0.01509 5.318e-11 7.2488e-05 0.0001884 6.881e-05 0.002317 0.05 0.024732633 0.0253895 0.0 0.0
31 0.0 1.192e-14 0.0 0.0 0.0 1.007e-05 0.0 0.007516 0.0 6.329e-08 1.585e-08 3.034e-05 0.0 0.39032500000000003 7.431e-06 0.0001 6.911e-06 0.04677 1.158e-05 0.0162 1.723e-10 8.392000000000001e-05 8.818e-05 6.698e-05 0.001153 0.05 0.020499985000000002 0.0210492 0.0 0.0
32 0.0 6.067e-15 0.0 0.0 0.0 2.207e-05 0.0 0.038919999999999996 0.0 6.277e-07 4.817e-08 0.0001952 0.0 0.40001 5.121e-05 0.0001 5.173e-05 0.0399 6.921e-05 0.0012820000000000002 8.743e-10 8.192e-05 1.973e-05 7.035e-05 0.0002998 0.05 0.017189582 0.0175139 0.0 0.0
33 0.0 1.001e-15 0.0 0.0 0.0 2.086e-05 0.0 0.1706 0.0 1.834e-06 4.576e-08 0.009774 0.0 0.39227500000000004 0.000119 0.0001 8.018e-05 0.02103 8.496e-05 0.0005440000000000001 1.317e-09 4.842400000000001e-05 1.398e-06 6.077e-05 8.104e-05 0.05 0.015895172 0.0160405 0.0 0.0
34 0.0 4.355e-16 0.0 0.0 0.0 1.864e-05 0.0 0.2311 0.0 2.103e-06 3.864e-08 0.02065 0.0 0.37609000000000004 0.000125 0.0001 7.112e-05 0.01528 6.91e-05 0.0003633 1.158e-09 3.552e-05 5.377e-07 5.582e-05 8.105e-05 0.05 0.01576884 0.0159062 0.0 0.0
35 0.0 1.592e-16 0.0 0.0 0.0 1.637e-05 0.0 0.2969 0.0 2.324e-06 3.109e-08 0.03768 0.0 0.35093500000000005 0.0001217 0.0001 5.712e-05 0.01029 5.013e-05 0.00022225 9.258e-10 2.3856e-05 2.161e-07 4.966e-05 8.616e-05 0.05 0.01569302 0.0158501 0.0 0.0
36 0.0 5.382e-17 0.0 0.0 0.0 1.433e-05 0.0 0.3627 0.0 2.548e-06 2.419e-08 0.06063 0.0 1e-22 0.0001107 0.0001 4.202e-05 0.006414 3.251e-05 0.0001233 6.946e-10 1.4648e-05 9.913e-08 4.216e-05 8.868e-05 0.05 0.01564393 0.0158529 0.0 0.0
37 0.0 1.928e-17 0.0 0.0 0.0 1.266e-05 0.0 0.4232 0.0 2.842e-06 1.858e-08 0.08778 0.0 1e-22 9.552e-05 0.0001 2.943e-05 0.003813 1.936e-05 6.215e-05 5.334e-10 8.472e-06 4.922e-08 3.368e-05 8.524e-05 0.05 0.01560429 0.0159008 0.0 0.0
38 0.0 8.264e-18 0.0 0.0 0.0 1.157e-05 0.0 0.474 0.0 3.264e-06 1.579e-08 0.1164 0.0 1e-22 8.006e-05 0.0001 2.157e-05 0.002435 1.147e-05 2.9970000000000003e-05 5.035e-10 5.1128e-06 2.654e-08 2.485e-05 7.566e-05 0.05 0.015562799999999998 0.0159838 0.0 0.0
39 0.0 6.989e-18 0.0 0.0 0.0 1.236e-05 0.0 0.5129 0.0 3.892e-06 5.816e-08 0.1434 0.0 1e-22 6.767e-05 0.0001 1.873e-05 0.002025 7.683e-06 1.62e-05 7.114e-10 3.8072000000000006e-06 2.095e-08 1.679e-05 6.187e-05 0.05 0.0155125 0.0160926 0.0 0.0
40 0.0 1.266e-16 0.0 0.0 0.0 2.332e-05 0.0 0.5351 0.0 8.322e-06 5.089e-07 0.1662 0.0 0.0001 6.015e-05 0.0001 1.976e-05 0.002252 6.327e-06 0.0005 1.283e-09 3.7840000000000005e-06 3.122e-08 1.061e-05 4.694e-05 0.003 0.0004514299999999992 0.0012174999999999998 0.0 0.0
41 0.0 5.728e-15 0.0 0.0 0.0 9.736e-05 0.0 0.5522 0.0 0.000379 3.543e-06 0.1841 0.0 0.0001 5.937e-05 0.0001 2.313e-05 0.002791 5.957e-06 0.0005 2.213e-09 4.4992e-06 6.295e-08 6.562e-06 3.361e-05 0.003 0.0003847799999999995 0.0013465200000000004 0.0 0.0
42 0.0 5.788e-13 0.0 0.0 0.0 0.0007158 0.0 0.561 0.0 0.00268 1.921e-05 0.1971 0.0 0.0001 6.814e-05 0.0001 2.718e-05 0.003352 5.669e-06 0.0005 3.698e-09 5.6816e-06 1.329e-07 4.371e-06 2.356e-05 0.003 0.0003254799999999995 0.0014605999999999994 0.0 0.0
43 0.0 1.121e-11 0.0 0.0 0.0 0.004112 0.0 0.5626 0.0 0.009012 6.377e-05 0.2051 0.0 0.0001 8.583e-05 0.0001 3.051e-05 0.003726 5.245e-06 0.0005 1.12e-08 7.328000000000001e-06 2.607e-07 3.579e-06 1.74e-05 0.003 0.0002897799999999999 0.0015378799999999984 0.0 0.0
44 0.0 5.516e-11 0.0 0.0 0.0 0.01492 0.0 0.5578 0.0 0.02019 0.0001437 0.2072 0.0 0.0001 0.0001106 0.0001 3.246e-05 0.003791 4.891e-06 0.0005 3.488e-08 9.36e-06 4.382e-07 3.697e-06 1.488e-05 0.003 0.00029173999999999867 0.0015574400000000002 0.0 0.0
45 0.0 1.472e-10 0.0 0.0 0.0 0.03687 0.0 0.5475 0.0 0.03613 0.0002593 0.2026 0.0 0.0001 0.0001394 0.0001 3.265e-05 0.003517 4.765e-06 0.0005 7.635e-08 1.1448000000000001e-05 6.436e-07 4.456e-06 1.521e-05 0.003 0.00033897999999999914 0.0015078799999999996 0.0 0.0
46 0.0 2.975e-10 0.0 0.0 0.0 0.07197 0.0 0.5328 0.0 0.05521 0.0004039 0.1901 0.0 0.0001 0.0001611 0.0001 3.103e-05 0.002981 5.025e-06 0.0005 1.392e-07 1.332e-05 8.499e-07 5.796e-06 1.75e-05 0.003 0.00042267999999999993 0.0013994800000000016 0.0 0.0
47 0.0 5.231e-10 0.0 0.0 0.0 0.1224 0.0 0.5168 0.0 0.07214 0.0005403 0.1689 0.0 0.0001 0.0001685 0.0001 2.813e-05 0.002305 5.814e-06 0.0005 2.283e-07 1.4568e-05 9.884e-07 7.733e-06 2.089e-05 0.003 0.0005225200000000003 0.001254120000000001 0.0 0.0
48 0.0 6.529e-10 0.0 0.0 0.0 0.1513 0.0 0.5091 0.0 0.07896 0.0005986 0.1561 0.0 0.0001 0.0001675 0.0001 2.643e-05 0.001955 6.319e-06 0.0005 2.759e-07 1.4904e-05 1.027e-06 8.842e-06 2.273e-05 0.003 0.0005728399999999998 0.0011766399999999996 0.0 0.0
49 0.0 7.872e-10 0.0 0.0 0.0 0.09065 0.0 0.5119 0.0 0.08461 0.0006497 0.1425 0.0 0.0001 0.0001633 0.0001 2.461e-05 0.001617 6.848e-06 0.0005 3.225e-07 1.5048000000000002e-05 1.047e-06 9.999e-06 2.456e-05 0.003 0.0006212200000000005 0.0010998200000000014 0.0 0.0
50 0.0 9.235e-10 0.0 0.0 0.0 0.10585 0.0 0.5052 0.0 0.08902 0.0006928 0.1284 0.0 0.0001 0.0001558 0.0001 2.274e-05 0.001304 7.404e-06 0.0005 3.685e-07 1.5016e-05 1.05e-06 1.117e-05 2.632e-05 0.003 0.0006654999999999994 0.0010266999999999984 0.0 0.0
51 0.0 1.061e-09 0.0 0.0 0.0 0.121 0.0 0.4995 0.0 0.09191 0.0007264 0.1139 0.0 0.0001 0.0001444 0.0001 2.09e-05 0.001028 7.992e-06 0.0005 4.147e-07 1.4864000000000002e-05 1.035e-06 1.234e-05 2.795e-05 0.003 0.0007035999999999987 0.0009603000000000007 0.0 0.0
52 0.0 1.142e-09 0.0 0.0 0.0 0.13 0.0 0.4959 0.0 0.09383 0.0007479 0.1053 0.0 0.0001 0.0001374 0.0001 1.979e-05 0.0008608 8.351e-06 0.0005 4.427e-07 1.4792000000000002e-05 1.029e-06 1.303e-05 2.894e-05 0.003 0.0007267999999999997 0.0009201999999999995 0.0 0.0
53 0.0 1.226e-09 0.0 0.0 0.0 0.1391 0.0 0.4929 0.0 0.09466 0.0007617 0.09657 0.0 0.0001 0.0001293 0.0001 1.874e-05 0.0007108 8.727e-06 0.0005 4.708e-07 1.4632e-05 1.009e-06 1.372e-05 2.984e-05 0.003 0.0007464000000000012 0.0008838000000000006 0.0 0.0
54 0.0 1.308e-09 0.0 0.0 0.0 0.14795 0.0 0.49060000000000004 0.0 0.0944 0.0007669 0.088 0.0 0.0001 0.0001209 0.0001 1.779e-05 0.0005807 9.096e-06 0.0005 4.972e-07 1.4392000000000002e-05 9.76e-07 1.439e-05 3.065e-05 0.003 0.0007620999999999982 0.0008519999999999986 0.0 0.0
