#PI: Shappee 
#OBJECT: ASASSN-14lp 
#JD: 2457012.04051 
# 
#Angstrom    Flux(erg/s/cm**2/Angstrom) 
3460.9 1.0825094e-13 
3462.4 1.1135773e-13 
3463.8 1.0973579e-13 
3465.3 1.0829696e-13 
3466.8 1.0902089e-13 
3468.2 1.0729588e-13 
3469.7 1.047633e-13 
3471.2 1.0345557e-13 
3472.6 1.0227373e-13 
3474.1 1.0296153e-13 
3475.6 1.0539279e-13 
3477.0 1.0203578e-13 
3478.5 1.0383721e-13 
3479.9 1.0416808e-13 
3481.4 1.0160758e-13 
3482.9 1.0267853e-13 
3484.3 1.0357086e-13 
3485.8 1.045567e-13 
3487.3 1.0187688e-13 
3488.7 1.0285045e-13 
3490.2 1.0351123e-13 
3491.7 1.0404268e-13 
3493.1 1.0468606e-13 
3494.6 1.0443196e-13 
3496.0 1.0475534e-13 
3497.5 1.0492001e-13 
3499.0 1.0432978e-13 
3500.4 1.0400425e-13 
3501.9 1.0427336e-13 
3503.4 1.0636216e-13 
3504.8 1.034394e-13 
3506.3 9.8975944e-14 
3507.8 1.0665888e-13 
3509.2 9.9383074e-14 
3510.7 1.0014617e-13 
3512.1 9.8105514e-14 
3513.6 1.013487e-13 
3515.1 9.9063081e-14 
3516.5 1.0015049e-13 
3518.0 1.0090627e-13 
3519.5 9.843362e-14 
3520.9 1.007764e-13 
3522.4 1.0132066e-13 
3523.8 9.9682424e-14 
3525.3 1.0519825e-13 
3526.8 1.0351593e-13 
3528.2 9.9519346e-14 
3529.7 1.0099048e-13 
3531.2 1.0034171e-13 
3532.6 1.0285491e-13 
3534.1 1.0309005e-13 
3535.6 9.7907871e-14 
3537.0 1.0085754e-13 
3538.5 9.9637183e-14 
3539.9 1.0390224e-13 
3541.4 1.0387924e-13 
3542.9 1.02961e-13 
3544.3 1.0249105e-13 
3545.8 1.0295445e-13 
3547.3 1.0382497e-13 
3548.7 1.0677584e-13 
3550.2 1.0162119e-13 
3551.7 1.0240314e-13 
3553.1 1.0169795e-13 
3554.6 1.0636224e-13 
3556.0 1.0503666e-13 
3557.5 1.0548183e-13 
3559.0 1.0968652e-13 
3560.4 1.0881127e-13 
3561.9 1.0143863e-13 
3563.4 1.0557832e-13 
3564.8 1.0421288e-13 
3566.3 1.0577959e-13 
3567.8 1.0279654e-13 
3569.2 1.0541552e-13 
3570.7 1.0807542e-13 
3572.1 1.0339529e-13 
3573.6 1.0324238e-13 
3575.1 1.0438373e-13 
3576.5 1.0767233e-13 
3578.0 1.0445895e-13 
3579.5 1.049211e-13 
3580.9 1.0586832e-13 
3582.4 1.0249167e-13 
3583.9 9.9513321e-14 
3585.3 1.0435371e-13 
3586.8 9.9539648e-14 
3588.2 1.0047607e-13 
3589.7 1.0022323e-13 
3591.2 9.973566e-14 
3592.6 1.0397316e-13 
3594.1 1.0157135e-13 
3595.6 1.0282925e-13 
3597.0 1.0275237e-13 
3598.5 1.0217471e-13 
3600.0 1.0177298e-13 
3601.4 1.0168913e-13 
3602.9 1.023638e-13 
3604.3 9.9123865e-14 
3605.8 9.7790134e-14 
3607.3 9.7770607e-14 
3608.7 9.6035288e-14 
3610.2 9.3495265e-14 
3611.7 9.4215107e-14 
3613.1 9.2266811e-14 
3614.6 8.7814793e-14 
3616.1 8.8679794e-14 
3617.5 8.6936966e-14 
3619.0 8.5361114e-14 
3620.4 8.2585402e-14 
3621.9 7.940768e-14 
3623.4 8.0418894e-14 
3624.8 7.5064533e-14 
3626.3 7.3341613e-14 
3627.8 7.1432295e-14 
3629.2 7.040005e-14 
3630.7 6.8738441e-14 
3632.1 6.6457074e-14 
3633.6 6.3993017e-14 
3635.1 6.2989079e-14 
3636.5 6.0236432e-14 
3638.0 5.8370772e-14 
3639.5 5.8809701e-14 
3640.9 5.6990543e-14 
3642.4 5.4646676e-14 
3643.9 5.846462e-14 
3645.3 5.3257506e-14 
3646.8 5.3456531e-14 
3648.2 5.1800307e-14 
3649.7 5.0855244e-14 
3651.2 5.0277614e-14 
3652.6 4.948661e-14 
3654.1 4.7694167e-14 
3655.6 4.7028313e-14 
3657.0 4.5285764e-14 
3658.5 4.5929444e-14 
3660.0 4.4607505e-14 
3661.4 4.5290588e-14 
3662.9 4.0778742e-14 
3664.3 4.1756867e-14 
3665.8 4.188609e-14 
3667.3 4.219714e-14 
3668.7 4.0878545e-14 
3670.2 3.9518574e-14 
3671.7 3.9522592e-14 
3673.1 3.9030581e-14 
3674.6 3.9740653e-14 
3676.1 3.8491134e-14 
3677.5 3.8899605e-14 
3679.0 3.9951571e-14 
3680.4 3.914823e-14 
3681.9 3.7767713e-14 
3683.4 4.0248539e-14 
3684.8 3.9996541e-14 
3686.3 3.9716004e-14 
3687.8 4.1379681e-14 
3689.2 4.1091384e-14 
3690.7 4.0340757e-14 
3692.2 4.0652433e-14 
3693.6 4.1544451e-14 
3695.1 3.9800255e-14 
3696.5 3.9629685e-14 
3698.0 3.8744606e-14 
3699.5 3.6959085e-14 
3700.9 4.0046546e-14 
3702.4 3.8607197e-14 
3703.9 3.9625802e-14 
3705.3 3.9970218e-14 
3706.8 3.7619992e-14 
3708.3 3.8693737e-14 
3709.7 3.862744e-14 
3711.2 4.0040968e-14 
3712.6 4.2367089e-14 
3714.1 4.1796064e-14 
3715.6 4.3017672e-14 
3717.0 4.3532971e-14 
3718.5 4.5312597e-14 
3720.0 4.2991357e-14 
3721.4 4.4520089e-14 
3722.9 4.461142e-14 
3724.4 4.5016399e-14 
3725.8 4.6814072e-14 
3727.3 4.8073997e-14 
3728.7 4.6132584e-14 
3730.2 4.8564505e-14 
3731.7 5.0952581e-14 
3733.1 5.0450974e-14 
3734.6 5.2702874e-14 
3736.1 5.3042732e-14 
3737.5 5.2094705e-14 
3739.0 5.3780132e-14 
3740.4 5.730384e-14 
3741.9 5.7287845e-14 
3743.4 6.0216715e-14 
3744.8 5.8967127e-14 
3746.3 6.0654885e-14 
3747.8 6.0607533e-14 
3749.2 6.2948646e-14 
3750.7 6.2446707e-14 
3752.2 6.361453e-14 
3753.6 6.3380521e-14 
3755.1 6.4967009e-14 
3756.5 6.2398005e-14 
3758.0 6.4586402e-14 
3759.5 6.6066741e-14 
3760.9 6.4334581e-14 
3762.4 6.4960765e-14 
3763.9 6.6313208e-14 
3765.3 6.7176012e-14 
3766.8 6.6927728e-14 
3768.3 6.642061e-14 
3769.7 6.7168904e-14 
3771.2 6.5452649e-14 
3772.6 6.659426e-14 
3774.1 6.6728273e-14 
3775.6 6.5650377e-14 
3777.0 6.5029607e-14 
3778.5 6.6164183e-14 
3780.0 6.4722225e-14 
3781.4 6.5162524e-14 
3782.9 6.5153389e-14 
3784.4 6.5095674e-14 
3785.8 6.4707344e-14 
3787.3 6.6196023e-14 
3788.7 6.7124654e-14 
3790.2 6.7634539e-14 
3791.7 6.7318577e-14 
3793.1 6.8380782e-14 
3794.6 6.943664e-14 
3796.1 6.8080964e-14 
3797.5 6.8186846e-14 
3799.0 7.0921172e-14 
3800.5 6.9901465e-14 
3801.9 6.763915e-14 
3803.4 6.8243196e-14 
3804.8 6.9535527e-14 
3806.3 7.0152816e-14 
3807.8 6.9648968e-14 
3809.2 7.1217628e-14 
3810.7 6.8916956e-14 
3812.2 7.1781861e-14 
3813.6 7.26366e-14 
3815.1 7.1026876e-14 
3816.6 7.196923e-14 
3818.0 7.3728544e-14 
3819.5 7.1727646e-14 
3820.9 7.535648e-14 
3822.4 7.2753932e-14 
3823.9 7.4968147e-14 
3825.3 7.6651699e-14 
3826.8 7.7338877e-14 
3828.3 7.8239642e-14 
3829.7 7.8719635e-14 
3831.2 8.085641e-14 
3832.7 8.0329889e-14 
3834.1 7.9443058e-14 
3835.6 8.2071028e-14 
3837.0 8.4807985e-14 
3838.5 8.4787715e-14 
3840.0 8.5760644e-14 
3841.4 8.6000672e-14 
3842.9 8.7217941e-14 
3844.4 8.7490323e-14 
3845.8 8.759241e-14 
3847.3 8.6316938e-14 
3848.7 8.6998741e-14 
3850.2 8.9081463e-14 
3851.7 8.927704e-14 
3853.1 8.9582703e-14 
3854.6 9.0985542e-14 
3856.1 9.2304743e-14 
3857.5 9.0430109e-14 
3859.0 9.1335528e-14 
3860.5 8.9453599e-14 
3861.9 9.0068171e-14 
3863.4 9.4248735e-14 
3864.8 9.2900042e-14 
3866.3 9.201906e-14 
3867.8 9.1950252e-14 
3869.2 9.4344993e-14 
3870.7 9.328327e-14 
3872.2 9.3610417e-14 
3873.6 9.5661149e-14 
3875.1 9.5124347e-14 
3876.6 9.3364071e-14 
3878.0 9.4002014e-14 
3879.5 9.3896414e-14 
3880.9 9.5454521e-14 
3882.4 9.7185984e-14 
3883.9 9.6381977e-14 
3885.3 9.5234697e-14 
3886.8 9.5686336e-14 
3888.3 9.7359534e-14 
3889.7 9.6314525e-14 
3891.2 9.559415e-14 
3892.7 9.6246981e-14 
3894.1 9.6958438e-14 
3895.6 9.8893039e-14 
3897.0 9.9051285e-14 
3898.5 9.8443762e-14 
3900.0 1.0016389e-13 
3901.4 9.9942035e-14 
3902.9 1.002903e-13 
3904.4 1.0084277e-13 
3905.8 9.9980569e-14 
3907.3 1.0160199e-13 
3908.8 1.0261044e-13 
3910.2 1.0172908e-13 
3911.7 9.9777715e-14 
3913.1 1.0201037e-13 
3914.6 1.017378e-13 
3916.1 1.0225431e-13 
3917.5 1.0559997e-13 
3919.0 1.066404e-13 
3920.5 1.0662258e-13 
3921.9 1.0736909e-13 
3923.4 1.0737666e-13 
3924.9 1.0901276e-13 
3926.3 1.0629639e-13 
3927.8 1.0399247e-13 
3929.2 9.8818566e-14 
3930.7 9.4369275e-14 
3932.2 9.2726613e-14 
3933.6 9.7553383e-14 
3935.1 1.0342482e-13 
3936.6 1.0756344e-13 
3938.0 1.0609681e-13 
3939.5 1.0754732e-13 
3941.0 1.0643979e-13 
3942.4 1.0699254e-13 
3943.9 1.0770992e-13 
3945.3 1.083936e-13 
3946.8 1.0354394e-13 
3948.3 1.0363345e-13 
3949.7 1.0344276e-13 
3951.2 1.0250607e-13 
3952.7 1.0235832e-13 
3954.1 1.0241658e-13 
3955.6 1.0247109e-13 
3957.0 1.0066441e-13 
3958.5 1.0281955e-13 
3960.0 1.0071166e-13 
3961.4 1.0041317e-13 
3962.9 9.8134497e-14 
3964.4 9.3249854e-14 
3965.8 9.0642166e-14 
3967.3 9.1882346e-14 
3968.8 9.1396775e-14 
3970.2 9.476293e-14 
3971.7 9.4502832e-14 
3973.1 9.6338666e-14 
3974.6 9.5949761e-14 
3976.1 9.5190879e-14 
3977.5 9.569815e-14 
3979.0 9.4283785e-14 
3980.5 9.6847565e-14 
3981.9 9.6027e-14 
3983.4 9.5060204e-14 
3984.9 9.7675077e-14 
3986.3 9.6747098e-14 
3987.8 9.4761258e-14 
3989.2 9.6350782e-14 
3990.7 9.4936034e-14 
3992.2 9.5787521e-14 
3993.6 9.6597169e-14 
3995.1 9.8114589e-14 
3996.6 9.7454716e-14 
3998.0 9.7070628e-14 
3999.5 9.9040577e-14 
4001.0 9.8915735e-14 
4002.4 9.8261269e-14 
4003.9 1.0087854e-13 
4005.3 1.0029023e-13 
4006.8 9.9395149e-14 
4008.3 9.7909467e-14 
4009.7 9.7828227e-14 
4011.2 1.0192586e-13 
4012.7 1.0417888e-13 
4014.1 1.0242413e-13 
4015.6 1.0198992e-13 
4017.1 1.0099309e-13 
4018.5 1.0028546e-13 
4020.0 1.0392537e-13 
4021.4 1.0461682e-13 
4022.9 1.0621346e-13 
4024.4 1.0442089e-13 
4025.8 1.0530605e-13 
4027.3 1.0780806e-13 
4028.8 1.0599869e-13 
4030.2 1.0511602e-13 
4031.7 1.0376028e-13 
4033.2 1.0699538e-13 
4034.6 1.0721535e-13 
4036.1 1.0881051e-13 
4037.5 1.1022017e-13 
4039.0 1.1023773e-13 
4040.5 1.097425e-13 
4041.9 1.1173002e-13 
4043.4 1.1113521e-13 
4044.9 1.1032733e-13 
4046.3 1.0977405e-13 
4047.8 1.1122543e-13 
4049.3 1.1224069e-13 
4050.7 1.109802e-13 
4052.2 1.1256942e-13 
4053.6 1.1051866e-13 
4055.1 1.0882612e-13 
4056.6 1.1074711e-13 
4058.0 1.1126375e-13 
4059.5 1.1039222e-13 
4061.0 1.0770862e-13 
4062.4 1.0860192e-13 
4063.9 1.0843048e-13 
4065.3 1.104691e-13 
4066.8 1.0895143e-13 
4068.3 1.0795591e-13 
4069.7 1.098916e-13 
4071.2 1.1139314e-13 
4072.7 1.121151e-13 
4074.1 1.0899772e-13 
4075.6 1.0929884e-13 
4077.1 1.0842073e-13 
4078.5 1.0956418e-13 
4080.0 1.1093248e-13 
4081.4 1.1111152e-13 
4082.9 1.0664666e-13 
4084.4 1.0869247e-13 
4085.8 1.0742188e-13 
4087.3 1.0566564e-13 
4088.8 1.0914392e-13 
4090.2 1.0869928e-13 
4091.7 1.0632786e-13 
4093.2 1.02792e-13 
4094.6 1.0513736e-13 
4096.1 1.0360958e-13 
4097.5 1.0190079e-13 
4099.0 1.0138897e-13 
4100.5 1.0144256e-13 
4101.9 1.0023966e-13 
4103.4 1.0096391e-13 
4104.9 9.9615434e-14 
4106.3 1.0073452e-13 
4107.8 9.821575e-14 
4109.3 9.7235739e-14 
4110.7 9.9794705e-14 
4112.2 9.9983155e-14 
4113.6 9.899329e-14 
4115.1 9.8675389e-14 
4116.6 9.9264942e-14 
4118.0 9.8412596e-14 
4119.5 9.7074101e-14 
4121.0 9.6924818e-14 
4122.4 9.6360742e-14 
4123.9 9.6845578e-14 
4125.4 9.8436594e-14 
4126.8 9.5886897e-14 
4128.3 9.4474169e-14 
4129.7 9.3989382e-14 
4131.2 9.3864927e-14 
4132.7 9.3377965e-14 
4134.1 9.2479776e-14 
4135.6 9.2491676e-14 
4137.1 9.2976282e-14 
4138.5 9.4609543e-14 
4140.0 9.4731299e-14 
4141.5 9.4590581e-14 
4142.9 9.4018605e-14 
4144.4 9.4491679e-14 
4145.8 9.4255819e-14 
4147.3 9.2805533e-14 
4148.8 9.3517368e-14 
4150.2 9.3836893e-14 
4151.7 9.4244116e-14 
4153.2 9.3978427e-14 
4154.6 9.3188505e-14 
4156.1 9.1951051e-14 
4157.6 9.2986213e-14 
4159.0 9.2564729e-14 
4160.5 9.0445345e-14 
4161.9 8.9619073e-14 
4163.4 8.9310207e-14 
4164.9 8.9849025e-14 
4166.3 8.996536e-14 
4167.8 8.994267e-14 
4169.3 8.7692016e-14 
4170.7 8.6687554e-14 
4172.2 8.8457591e-14 
4173.6 8.7081919e-14 
4175.1 8.3889288e-14 
4176.6 8.3770159e-14 
4178.0 8.2069226e-14 
4179.5 8.0046865e-14 
4181.0 8.0998982e-14 
4182.4 8.0253029e-14 
4183.9 8.0564733e-14 
4185.4 7.9267149e-14 
4186.8 7.6451045e-14 
4188.3 7.6692901e-14 
4189.7 7.6721352e-14 
4191.2 7.756465e-14 
4192.7 7.6433562e-14 
4194.1 7.4780757e-14 
4195.6 7.3932e-14 
4197.1 7.5257971e-14 
4198.5 7.4837391e-14 
4200.0 7.3056622e-14 
4201.5 7.1498012e-14 
4202.9 7.1606013e-14 
4204.4 7.0524036e-14 
4205.8 6.9033133e-14 
4207.3 6.817015e-14 
4208.8 6.9354888e-14 
4210.2 6.739474e-14 
4211.7 6.6243792e-14 
4213.2 6.8279459e-14 
4214.6 6.5811458e-14 
4216.1 6.660465e-14 
4217.6 6.3932229e-14 
4219.0 6.3013696e-14 
4220.5 6.3418836e-14 
4221.9 6.3477329e-14 
4223.4 6.1314449e-14 
4224.9 5.9625486e-14 
4226.3 5.9461852e-14 
4227.8 5.8350479e-14 
4229.3 5.9414895e-14 
4230.7 5.8484396e-14 
4232.2 5.8561585e-14 
4233.7 5.7262855e-14 
4235.1 5.7236065e-14 
4236.6 5.604204e-14 
4238.0 5.447655e-14 
4239.5 5.6903051e-14 
4241.0 5.4593322e-14 
4242.4 5.5797864e-14 
4243.9 5.3853311e-14 
4245.4 5.3076542e-14 
4246.8 5.2328091e-14 
4248.3 5.2666441e-14 
4249.8 5.2323134e-14 
4251.2 5.2204475e-14 
4252.7 5.2458629e-14 
4254.1 5.1374178e-14 
4255.6 5.12661e-14 
4257.1 5.1495052e-14 
4258.5 5.1509458e-14 
4260.0 4.9785493e-14 
4261.5 4.9758893e-14 
4262.9 4.8409995e-14 
4264.4 4.8912982e-14 
4265.9 5.1556088e-14 
4267.3 4.9468374e-14 
4268.8 5.0514005e-14 
4270.2 5.1634025e-14 
4271.7 5.014625e-14 
4273.2 5.0704898e-14 
4274.6 5.0790669e-14 
4276.1 5.0653047e-14 
4277.6 5.0311837e-14 
4279.0 5.1208752e-14 
4280.5 5.1462809e-14 
4281.9 5.2691991e-14 
4283.4 5.1145388e-14 
4284.9 5.2301703e-14 
4286.3 5.4332862e-14 
4287.8 5.3655327e-14 
4289.3 5.2745622e-14 
4290.7 5.3889417e-14 
4292.2 5.4424868e-14 
4293.7 5.3608113e-14 
4295.1 5.5250887e-14 
4296.6 5.5939671e-14 
4298.0 5.6492416e-14 
4299.5 5.6551305e-14 
4301.0 5.7715449e-14 
4302.4 5.7923906e-14 
4303.9 5.7998361e-14 
4305.4 5.9025802e-14 
4306.8 5.8582548e-14 
4308.3 5.8084182e-14 
4309.8 6.157882e-14 
4311.2 6.0610259e-14 
4312.7 6.0296691e-14 
4314.1 6.2105474e-14 
4315.6 6.2166539e-14 
4317.1 6.2429126e-14 
4318.5 6.3329369e-14 
4320.0 6.3380194e-14 
4321.5 6.4319069e-14 
4322.9 6.5058252e-14 
4324.4 6.5990477e-14 
4325.9 6.6427255e-14 
4327.3 6.6853418e-14 
4328.8 6.6908617e-14 
4330.2 6.7744277e-14 
4331.7 6.8784489e-14 
4333.2 7.0056045e-14 
4334.6 7.1767609e-14 
4336.1 7.09048e-14 
4337.6 7.0512255e-14 
4339.0 7.0544415e-14 
4340.5 7.0474765e-14 
4342.0 7.2174092e-14 
4343.4 7.3465686e-14 
4344.9 7.3296477e-14 
4346.3 7.3605886e-14 
4347.8 7.4883512e-14 
4349.3 7.455016e-14 
4350.7 7.3118817e-14 
4352.2 7.5854198e-14 
4353.7 7.7025979e-14 
4355.1 7.6301858e-14 
4356.6 7.7299057e-14 
4358.1 7.7531486e-14 
4359.5 7.6221627e-14 
4361.0 7.8678874e-14 
4362.4 7.6605128e-14 
4363.9 7.8431958e-14 
4365.4 7.6869672e-14 
4366.8 7.6108147e-14 
4368.3 7.8051967e-14 
4369.8 7.4757016e-14 
4371.2 7.4647367e-14 
4372.7 7.3103707e-14 
4374.2 7.4303138e-14 
4375.6 7.2572239e-14 
4377.1 7.232405e-14 
4378.5 7.1026125e-14 
4380.0 6.9478767e-14 
4381.5 7.0708601e-14 
4382.9 7.004592e-14 
4384.4 6.8979787e-14 
4385.9 6.9730562e-14 
4387.3 6.8751531e-14 
4388.8 6.7516095e-14 
4390.2 6.7704279e-14 
4391.7 6.4860038e-14 
4393.2 6.5674633e-14 
4394.6 6.6171958e-14 
4396.1 6.6571634e-14 
4397.6 6.5249903e-14 
4399.0 6.4402039e-14 
4400.5 6.4652398e-14 
4402.0 6.302506e-14 
4403.4 6.3470482e-14 
4404.9 6.2983388e-14 
4406.3 6.2597893e-14 
4407.8 6.3372998e-14 
4409.3 6.3058918e-14 
4410.7 6.2765508e-14 
4412.2 6.2704242e-14 
4413.7 6.3166006e-14 
4415.1 6.3119688e-14 
4416.6 6.2435382e-14 
4418.1 6.4194068e-14 
4419.5 6.4000042e-14 
4421.0 6.6545475e-14 
4422.4 6.6229625e-14 
4423.9 6.6358276e-14 
4425.4 6.532147e-14 
4426.8 6.7223966e-14 
4428.3 6.6864618e-14 
4429.8 6.6459955e-14 
4431.2 6.9570343e-14 
4432.7 7.0706293e-14 
4434.2 6.9892058e-14 
4435.6 7.039423e-14 
4437.1 7.2213574e-14 
4438.5 7.1743422e-14 
4440.0 7.3488627e-14 
4441.5 7.1542081e-14 
4442.9 7.2623474e-14 
4444.4 7.4254066e-14 
4445.9 7.3126161e-14 
4447.3 7.4420368e-14 
4448.8 7.4400804e-14 
4450.3 7.6539722e-14 
4451.7 7.5552955e-14 
4453.2 7.7572626e-14 
4454.6 7.6468022e-14 
4456.1 7.6793486e-14 
4457.6 7.7499488e-14 
4459.0 7.6176413e-14 
4460.5 7.495006e-14 
4462.0 7.7663672e-14 
4463.4 7.7342792e-14 
4464.9 7.6603705e-14 
4466.4 7.6744433e-14 
4467.8 7.6746829e-14 
4469.3 7.918313e-14 
4470.7 7.7675266e-14 
4472.2 7.9399818e-14 
4473.7 7.8122992e-14 
4475.1 7.8988534e-14 
4476.6 7.9657225e-14 
4478.1 8.0407683e-14 
4479.5 7.9001487e-14 
4481.0 7.8419094e-14 
4482.5 8.0642391e-14 
4483.9 8.0541162e-14 
4485.4 7.939979e-14 
4486.8 7.9726152e-14 
4488.3 8.2553057e-14 
4489.8 8.1888474e-14 
4491.2 8.0132461e-14 
4492.7 8.0239218e-14 
4494.2 8.2397491e-14 
4495.6 8.200857e-14 
4497.1 7.962625e-14 
4498.5 7.987459e-14 
4500.0 8.0857023e-14 
4501.5 7.8977415e-14 
4502.9 7.9611531e-14 
4504.4 8.1204018e-14 
4505.9 8.1122367e-14 
4507.3 7.8978306e-14 
4508.8 8.1033977e-14 
4510.3 8.0346895e-14 
4511.7 8.0017145e-14 
4513.2 8.0551642e-14 
4514.6 7.7808599e-14 
4516.1 7.9300942e-14 
4517.6 7.9818474e-14 
4519.0 7.9431752e-14 
4520.5 8.1526193e-14 
4522.0 7.9730689e-14 
4523.4 7.9127627e-14 
4524.9 7.8282075e-14 
4526.4 8.0945459e-14 
4527.8 7.9437314e-14 
4529.3 7.8795701e-14 
4530.7 7.8868402e-14 
4532.2 7.9091863e-14 
4533.7 7.8885484e-14 
4535.1 7.9457501e-14 
4536.6 7.957972e-14 
4538.1 8.0597926e-14 
4539.5 7.8390794e-14 
4541.0 7.8730565e-14 
4542.5 7.9042966e-14 
4543.9 7.8947505e-14 
4545.4 7.9518908e-14 
4546.8 7.8592601e-14 
4548.3 7.8885913e-14 
4549.8 7.6919245e-14 
4551.2 7.5431197e-14 
4552.7 7.8434708e-14 
4554.2 7.8928989e-14 
4555.6 7.6651435e-14 
4557.1 7.7967853e-14 
4558.6 7.7336302e-14 
4560.0 7.6716493e-14 
4561.5 7.6524259e-14 
4562.9 7.7266724e-14 
4564.4 7.7192389e-14 
4565.9 7.8187913e-14 
4567.3 7.7070579e-14 
4568.8 7.6532131e-14 
4570.3 7.5835342e-14 
4571.7 7.5718128e-14 
4573.2 7.7052711e-14 
4574.7 7.7466808e-14 
4576.1 7.536903e-14 
4577.6 7.5823455e-14 
4579.0 7.6723264e-14 
4580.5 7.6091817e-14 
4582.0 7.616379e-14 
4583.4 7.3825731e-14 
4584.9 7.5186535e-14 
4586.4 7.4487939e-14 
4587.8 7.6461681e-14 
4589.3 7.646769e-14 
4590.8 7.6039867e-14 
4592.2 7.5799006e-14 
4593.7 7.5758911e-14 
4595.1 7.4849118e-14 
4596.6 7.5396972e-14 
4598.1 7.5589204e-14 
4599.5 7.6111027e-14 
4601.0 7.4511376e-14 
4602.5 7.4025049e-14 
4603.9 7.4133699e-14 
4605.4 7.3908354e-14 
4606.8 7.3572261e-14 
4608.3 7.1589599e-14 
4609.8 7.3203318e-14 
4611.2 7.2338864e-14 
4612.7 7.0544757e-14 
4614.2 7.0525068e-14 
4615.6 6.9615291e-14 
4617.1 6.9392131e-14 
4618.6 6.967413e-14 
4620.0 6.9438404e-14 
4621.5 6.8813884e-14 
4622.9 6.6518697e-14 
4624.4 6.6322482e-14 
4625.9 6.6192098e-14 
4627.3 6.5470714e-14 
4628.8 6.4693054e-14 
4630.3 6.4714857e-14 
4631.7 6.4833253e-14 
4633.2 6.4239787e-14 
4634.7 6.3485121e-14 
4636.1 6.4010724e-14 
4637.6 6.3174624e-14 
4639.0 6.21607e-14 
4640.5 6.2775322e-14 
4642.0 6.1990177e-14 
4643.4 6.1386642e-14 
4644.9 6.0834372e-14 
4646.4 6.1325175e-14 
4647.8 6.2281046e-14 
4649.3 6.1555248e-14 
4650.8 6.0803312e-14 
4652.2 6.0811274e-14 
4653.7 6.0877621e-14 
4655.1 5.9405355e-14 
4656.6 6.0177342e-14 
4658.1 6.0744667e-14 
4659.5 6.0027722e-14 
4661.0 6.0079929e-14 
4662.5 6.0272784e-14 
4663.9 6.0086331e-14 
4665.4 6.004386e-14 
4666.9 6.0025254e-14 
4668.3 6.0924266e-14 
4669.8 6.1490548e-14 
4671.2 6.1642848e-14 
4672.7 6.1367394e-14 
4674.2 6.0806076e-14 
4675.6 6.1764725e-14 
4677.1 6.1813494e-14 
4678.6 6.1534963e-14 
4680.0 6.1921909e-14 
4681.5 6.1570525e-14 
4683.0 6.0073608e-14 
4684.4 6.1012848e-14 
4685.9 6.1908491e-14 
4687.3 6.0248758e-14 
4688.8 6.0223638e-14 
4690.3 6.073117e-14 
4691.7 6.0963126e-14 
4693.2 6.0314413e-14 
4694.7 6.0591107e-14 
4696.1 6.0724887e-14 
4697.6 6.0614513e-14 
4699.1 5.9655712e-14 
4700.5 5.8681946e-14 
4702.0 5.8896156e-14 
4703.4 5.9787136e-14 
4704.9 5.9337846e-14 
4706.4 5.9342373e-14 
4707.8 5.8064055e-14 
4709.3 5.7019026e-14 
4710.8 5.7684189e-14 
4712.2 5.7814068e-14 
4713.7 5.6883817e-14 
4715.1 5.7380636e-14 
4716.6 5.6910836e-14 
4718.1 5.6304607e-14 
4719.5 5.6797445e-14 
4721.0 5.6850526e-14 
4722.5 5.6205691e-14 
4723.9 5.5210783e-14 
4725.4 5.5532006e-14 
4726.9 5.5612644e-14 
4728.3 5.5247655e-14 
4729.8 5.5197716e-14 
4731.2 5.5630102e-14 
4732.7 5.5775902e-14 
4734.2 5.5903624e-14 
4735.6 5.6766163e-14 
4737.1 5.6892698e-14 
4738.6 5.6973288e-14 
4740.0 5.725415e-14 
4741.5 5.7446265e-14 
4743.0 5.7658113e-14 
4744.4 5.6519389e-14 
4745.9 5.8312439e-14 
4747.3 5.8015958e-14 
4748.8 5.7688266e-14 
4750.3 5.7669559e-14 
4751.7 5.9290423e-14 
4753.2 6.0203694e-14 
4754.7 5.9827804e-14 
4756.1 5.9253008e-14 
4757.6 5.9982382e-14 
4759.1 6.0551056e-14 
4760.5 6.0515332e-14 
4762.0 6.0135041e-14 
4763.4 6.0505617e-14 
4764.9 6.0977683e-14 
4766.4 6.0438821e-14 
4767.8 6.1545573e-14 
4769.3 6.154334e-14 
4770.8 6.0842623e-14 
4772.2 6.1209148e-14 
4773.7 6.1389094e-14 
4775.2 6.1855655e-14 
4776.6 6.0740188e-14 
4778.1 6.1207439e-14 
4779.5 6.0134313e-14 
4781.0 6.1488168e-14 
4782.5 5.9754897e-14 
4783.9 5.9278653e-14 
4785.4 6.0010638e-14 
4786.9 5.9604718e-14 
4788.3 5.8493782e-14 
4789.8 5.8627224e-14 
4791.3 5.7733035e-14 
4792.7 5.7674028e-14 
4794.2 5.8848927e-14 
4795.6 5.6795477e-14 
4797.1 5.6242353e-14 
4798.6 5.5692266e-14 
4800.0 5.5667497e-14 
4801.5 5.5801312e-14 
4803.0 5.5729811e-14 
4804.4 5.569166e-14 
4805.9 5.5592906e-14 
4807.4 5.4854268e-14 
4808.8 5.497952e-14 
4810.3 5.4509029e-14 
4811.7 5.3649322e-14 
4813.2 5.2963998e-14 
4814.7 5.2835756e-14 
4816.1 5.2035609e-14 
4817.6 5.2789354e-14 
4819.1 5.2378878e-14 
4820.5 5.1138297e-14 
4822.0 5.1298313e-14 
4823.4 5.0347915e-14 
4824.9 4.9373125e-14 
4826.4 4.8903675e-14 
4827.8 4.9403987e-14 
4829.3 4.8692282e-14 
4830.8 4.7798084e-14 
4832.2 4.7662986e-14 
4833.7 4.7882174e-14 
4835.2 4.808256e-14 
4836.6 4.7919535e-14 
4838.1 4.6136343e-14 
4839.5 4.6735353e-14 
4841.0 4.6548758e-14 
4842.5 4.6590662e-14 
4843.9 4.7268363e-14 
4845.4 4.6415138e-14 
4846.9 4.6637691e-14 
4848.3 4.6527677e-14 
4849.8 4.5863926e-14 
4851.3 4.6461991e-14 
4852.7 4.609942e-14 
4854.2 4.539172e-14 
4855.6 4.6358159e-14 
4857.1 4.6031908e-14 
4858.6 4.6416539e-14 
4860.0 4.5798524e-14 
4861.5 4.6220519e-14 
4863.0 4.5622125e-14 
4864.4 4.4664932e-14 
4865.9 4.5363342e-14 
4867.4 4.5264675e-14 
4868.8 4.4967735e-14 
4870.3 4.5312048e-14 
4871.7 4.4879842e-14 
4873.2 4.4694201e-14 
4874.7 4.4288254e-14 
4876.1 4.4249035e-14 
4877.6 4.3975403e-14 
4879.1 4.4302334e-14 
4880.5 4.412832e-14 
4882.0 4.3803725e-14 
4883.5 4.3200385e-14 
4884.9 4.341028e-14 
4886.4 4.302445e-14 
4887.8 4.3440113e-14 
4889.3 4.3248632e-14 
4890.8 4.372487e-14 
4892.2 4.3944306e-14 
4893.7 4.3436805e-14 
4895.2 4.3446434e-14 
4896.6 4.3161922e-14 
4898.1 4.4002365e-14 
4899.6 4.4183562e-14 
4901.0 4.4102863e-14 
4902.5 4.4681077e-14 
4903.9 4.4301812e-14 
4905.4 4.5406104e-14 
4906.9 4.4946499e-14 
4908.3 4.5389532e-14 
4909.8 4.5773697e-14 
4911.3 4.5382219e-14 
4912.7 4.6032585e-14 
4914.2 4.5799784e-14 
4915.7 4.60548e-14 
4917.1 4.6298329e-14 
4918.6 4.5829929e-14 
4920.0 4.5014122e-14 
4921.5 4.557197e-14 
4923.0 4.6044577e-14 
4924.4 4.5368157e-14 
4925.9 4.4717257e-14 
4927.4 4.4411379e-14 
4928.8 4.5211284e-14 
4930.3 4.5374519e-14 
4931.7 4.4463585e-14 
4933.2 4.443388e-14 
4934.7 4.4977328e-14 
4936.1 4.4846032e-14 
4937.6 4.4170232e-14 
4939.1 4.51831e-14 
4940.5 4.6054944e-14 
4942.0 4.5525632e-14 
4943.5 4.5421265e-14 
4944.9 4.6301965e-14 
4946.4 4.5724514e-14 
4947.8 4.4147724e-14 
4949.3 4.5425374e-14 
4950.8 4.6012635e-14 
4952.2 4.523941e-14 
4953.7 4.5385475e-14 
4955.2 4.4431236e-14 
4956.6 4.4519503e-14 
4958.1 4.4952164e-14 
4959.6 4.5064641e-14 
4961.0 4.5484041e-14 
4962.5 4.5717543e-14 
4963.9 4.4989986e-14 
4965.4 4.5114939e-14 
4966.9 4.5995712e-14 
4968.3 4.6184028e-14 
4969.8 4.6941657e-14 
4971.3 4.7171686e-14 
4972.7 4.7219776e-14 
4974.2 4.7837731e-14 
4975.7 4.74882e-14 
4977.1 4.7676015e-14 
4978.6 4.7750003e-14 
4980.0 4.7821282e-14 
4981.5 4.9365786e-14 
4983.0 4.9151248e-14 
4984.4 4.9044142e-14 
4985.9 4.9068543e-14 
4987.4 4.8644068e-14 
4988.8 4.9815866e-14 
4990.3 4.9222943e-14 
4991.8 4.9468085e-14 
4993.2 5.0481583e-14 
4994.7 4.9774481e-14 
4996.1 4.935364e-14 
4997.6 4.9586526e-14 
4999.1 5.0184993e-14 
5000.5 5.0071768e-14 
5002.0 4.9737408e-14 
5003.5 5.0331949e-14 
5004.9 5.0828255e-14 
5006.4 5.076786e-14 
5007.9 5.1042818e-14 
5009.3 5.1704184e-14 
5010.8 5.1942499e-14 
5012.2 5.2776123e-14 
5013.7 5.2328368e-14 
5015.2 5.2300467e-14 
5016.6 5.4074032e-14 
5018.1 5.4160755e-14 
5019.6 5.3282893e-14 
5021.0 5.5135723e-14 
5022.5 5.5067812e-14 
5024.0 5.4835974e-14 
5025.4 5.5513503e-14 
5026.9 5.6116005e-14 
5028.3 5.6247737e-14 
5029.8 5.6130895e-14 
5031.3 5.6225632e-14 
5032.7 5.5933295e-14 
5034.2 5.6061994e-14 
5035.7 5.6058795e-14 
5037.1 5.7204999e-14 
5038.6 5.753173e-14 
5040.0 5.7138451e-14 
5041.5 5.7098818e-14 
5043.0 5.6940482e-14 
5044.4 5.8081488e-14 
5045.9 5.914985e-14 
5047.4 5.8804055e-14 
5048.8 5.8812532e-14 
5050.3 5.8928597e-14 
5051.8 5.991813e-14 
5053.2 6.0591637e-14 
5054.7 6.0524468e-14 
5056.1 6.0807597e-14 
5057.6 6.1087435e-14 
5059.1 6.1541726e-14 
5060.5 6.2097729e-14 
5062.0 6.2436772e-14 
5063.5 6.2133669e-14 
5064.9 6.2058259e-14 
5066.4 6.2751424e-14 
5067.9 6.291632e-14 
5069.3 6.2907273e-14 
5070.8 6.3788949e-14 
5072.2 6.4277993e-14 
5073.7 6.4491361e-14 
5075.2 6.4645492e-14 
5076.6 6.3672485e-14 
5078.1 6.4669376e-14 
5079.6 6.5416885e-14 
5081.0 6.5062617e-14 
5082.5 6.5558682e-14 
5084.0 6.4748639e-14 
5085.4 6.3868084e-14 
5086.9 6.4737812e-14 
5088.3 6.4128564e-14 
5089.8 6.4408896e-14 
5091.3 6.493795e-14 
5092.7 6.4513968e-14 
5094.2 6.5254564e-14 
5095.7 6.4039058e-14 
5097.1 6.3720544e-14 
5098.6 6.4116905e-14 
5100.1 6.3839924e-14 
5101.5 6.4269936e-14 
5103.0 6.396001e-14 
5104.4 6.376388e-14 
5105.9 6.3180422e-14 
5107.4 6.3084815e-14 
5108.8 6.269822e-14 
5110.3 6.3065744e-14 
5111.8 6.3379645e-14 
5113.2 6.2935709e-14 
5114.7 6.3196256e-14 
5116.2 6.2466648e-14 
5117.6 6.3504085e-14 
5119.1 6.2879087e-14 
5120.5 6.1906661e-14 
5122.0 6.2531781e-14 
5123.5 6.248696e-14 
5124.9 6.268845e-14 
5126.4 6.2307366e-14 
5127.9 6.3125965e-14 
5129.3 6.219899e-14 
5130.8 6.2453754e-14 
5132.3 6.2749439e-14 
5133.7 6.2292587e-14 
5135.2 6.2526419e-14 
5136.6 6.3041044e-14 
5138.1 6.3405272e-14 
5139.6 6.3055822e-14 
5141.0 6.303226e-14 
5142.5 6.3634705e-14 
5144.0 6.381133e-14 
5145.4 6.2794923e-14 
5146.9 6.356134e-14 
5148.3 6.3353828e-14 
5149.8 6.3668214e-14 
5151.3 6.4097946e-14 
5152.7 6.3265167e-14 
5154.2 6.3736097e-14 
5155.7 6.4583615e-14 
5157.1 6.4609307e-14 
5158.6 6.4535809e-14 
5160.1 6.3845075e-14 
5161.5 6.4005485e-14 
5163.0 6.424206e-14 
5164.4 6.39916e-14 
5165.9 6.4074929e-14 
5167.4 6.3641905e-14 
5168.8 6.43018e-14 
5170.3 6.4116806e-14 
5171.8 6.3934839e-14 
5173.2 6.4743265e-14 
5174.7 6.4617937e-14 
5176.2 6.5200208e-14 
5177.6 6.5103184e-14 
5179.1 6.4870721e-14 
5180.5 6.531071e-14 
5182.0 6.4917939e-14 
5183.5 6.3497094e-14 
5184.9 6.4567278e-14 
5186.4 6.3840648e-14 
5187.9 6.250526e-14 
5189.3 6.3358226e-14 
5190.8 6.2991986e-14 
5192.3 6.2165344e-14 
5193.7 6.2092639e-14 
5195.2 6.1087329e-14 
5196.6 6.0733037e-14 
5198.1 6.1019437e-14 
5199.6 6.0028639e-14 
5201.0 6.0615743e-14 
5202.5 6.0519156e-14 
5204.0 5.9827435e-14 
5205.4 5.8574312e-14 
5206.9 5.8170532e-14 
5208.4 5.8028495e-14 
5209.8 5.7434002e-14 
5211.3 5.6462624e-14 
5212.7 5.6098109e-14 
5214.2 5.5757709e-14 
5215.7 5.557788e-14 
5217.1 5.4641096e-14 
5218.6 5.443001e-14 
5220.1 5.4390946e-14 
5221.5 5.3770859e-14 
5223.0 5.2609284e-14 
5224.5 5.312858e-14 
5225.9 5.2286052e-14 
5227.4 5.2060278e-14 
5228.8 5.2026092e-14 
5230.3 5.1150068e-14 
5231.8 5.0769885e-14 
5233.2 4.9949164e-14 
5234.7 4.8434198e-14 
5236.2 4.8789245e-14 
5237.6 4.873178e-14 
5239.1 4.8237305e-14 
5240.6 4.8648554e-14 
5242.0 4.8350401e-14 
5243.5 4.7961363e-14 
5244.9 4.7468022e-14 
5246.4 4.7262205e-14 
5247.9 4.7092575e-14 
5249.3 4.7562953e-14 
5250.8 4.6502186e-14 
5252.3 4.6791373e-14 
5253.7 4.7668585e-14 
5255.2 4.6775977e-14 
5256.6 4.6845672e-14 
5258.1 4.6765991e-14 
5259.6 4.5951353e-14 
5261.0 4.6665032e-14 
5262.5 4.6152353e-14 
5264.0 4.6499963e-14 
5265.4 4.6133439e-14 
5266.9 4.6145357e-14 
5268.4 4.6754708e-14 
5269.8 4.649184e-14 
5271.3 4.6436388e-14 
5272.7 4.5854422e-14 
5274.2 4.6043984e-14 
5275.7 4.6305672e-14 
5277.1 4.5509018e-14 
5278.6 4.5910906e-14 
5280.1 4.5814823e-14 
5281.5 4.6425226e-14 
5283.0 4.5770009e-14 
5284.5 4.5415618e-14 
5285.9 4.5949627e-14 
5287.4 4.5249637e-14 
5288.8 4.4890263e-14 
5290.3 4.5574257e-14 
5291.8 4.5538366e-14 
5293.2 4.5271431e-14 
5294.7 4.5718725e-14 
5296.2 4.5903683e-14 
5297.6 4.6116955e-14 
5299.1 4.6131241e-14 
5300.6 4.703695e-14 
5302.0 4.6551827e-14 
5303.5 4.667463e-14 
5304.9 4.7165028e-14 
5306.4 4.6645261e-14 
5307.9 4.7915495e-14 
5309.3 4.7510837e-14 
5310.8 4.7377094e-14 
5312.3 4.8263896e-14 
5313.7 4.8881381e-14 
5315.2 4.8748574e-14 
5316.7 4.8025693e-14 
5318.1 4.9132009e-14 
5319.6 4.7979285e-14 
5321.0 4.9689519e-14 
5322.5 4.9817338e-14 
5324.0 4.8890442e-14 
5325.4 4.9892481e-14 
5326.9 4.9396729e-14 
5328.4 4.9175905e-14 
5329.8 5.0070334e-14 
5331.3 5.0504558e-14 
5332.8 5.0587633e-14 
5334.2 4.9475387e-14 
5335.7 5.0093406e-14 
5337.1 4.9167205e-14 
5338.6 4.9538993e-14 
5340.1 4.9761455e-14 
5341.5 5.0135202e-14 
5343.0 4.8742572e-14 
5344.5 4.9601202e-14 
5345.9 5.0057311e-14 
5347.4 5.0817612e-14 
5348.9 5.0129325e-14 
5350.3 5.0647609e-14 
5351.8 5.084037e-14 
5353.2 5.0768911e-14 
5354.7 5.0329696e-14 
5356.2 5.1309977e-14 
5357.6 5.1087822e-14 
5359.1 5.0740166e-14 
5360.6 5.0245369e-14 
5362.0 4.9905872e-14 
5363.5 5.0706473e-14 
5364.9 5.0356904e-14 
5366.4 5.0152349e-14 
5367.9 5.0332505e-14 
5369.3 5.0546552e-14 
5370.8 4.9950131e-14 
5372.3 4.9923526e-14 
5373.7 5.0140056e-14 
5375.2 5.0987667e-14 
5376.7 5.0057209e-14 
5378.1 4.989012e-14 
5379.6 4.9503395e-14 
5381.0 4.9942375e-14 
5382.5 4.9689362e-14 
5384.0 4.8589456e-14 
5385.4 4.9076208e-14 
5386.9 4.8411867e-14 
5388.4 4.8552061e-14 
5389.8 4.9418047e-14 
5391.3 4.7890065e-14 
5392.8 4.7904652e-14 
5394.2 4.8046937e-14 
5395.7 4.8137077e-14 
5397.1 4.7085765e-14 
5398.6 4.6655655e-14 
5400.1 4.6863897e-14 
5401.5 4.6430865e-14 
5403.0 4.6935048e-14 
5404.5 4.6633636e-14 
5405.9 4.6110511e-14 
5407.4 4.6347384e-14 
5408.9 4.6078471e-14 
5410.3 4.5348981e-14 
5411.8 4.498156e-14 
5413.2 4.5410445e-14 
5414.7 4.4416411e-14 
5416.2 4.4262277e-14 
5417.6 4.4784103e-14 
5419.1 4.4028569e-14 
5420.6 4.2598127e-14 
5422.0 4.2594861e-14 
5423.5 4.3027038e-14 
5425.0 4.3310733e-14 
5426.4 4.2859603e-14 
5427.9 4.2837373e-14 
5429.3 4.3013917e-14 
5430.8 4.3617039e-14 
5432.3 4.290638e-14 
5433.7 4.3450485e-14 
5435.2 4.3049311e-14 
5436.7 4.2585853e-14 
5438.1 4.3259841e-14 
5439.6 4.4281019e-14 
5441.1 4.4097284e-14 
5442.5 4.3670685e-14 
5444.0 4.322231e-14 
5445.4 4.4203428e-14 
5446.9 4.4861418e-14 
5448.4 4.4489667e-14 
5449.8 4.5499261e-14 
5451.3 4.5472882e-14 
5452.8 4.5374062e-14 
5454.2 4.5893637e-14 
5455.7 4.6008827e-14 
5457.2 4.6734048e-14 
5458.6 4.6687624e-14 
5460.1 4.7490153e-14 
5461.5 4.7477021e-14 
5463.0 4.7183356e-14 
5464.5 4.813662e-14 
5465.9 4.8400718e-14 
5467.4 4.8343756e-14 
5468.9 4.8325744e-14 
5470.3 4.8919358e-14 
5471.8 4.9137425e-14 
5473.2 4.9556007e-14 
5474.7 5.0136749e-14 
5476.2 5.0155066e-14 
5477.6 5.0034401e-14 
5479.1 5.0650354e-14 
5480.6 5.0194333e-14 
5482.0 5.046948e-14 
5483.5 5.1632983e-14 
5485.0 5.1275739e-14 
5486.4 5.0740729e-14 
5487.9 5.1379992e-14 
5489.3 5.2656211e-14 
5490.8 5.232731e-14 
5492.3 5.2173659e-14 
5493.7 5.2882564e-14 
5495.2 5.3106786e-14 
5496.7 5.3155064e-14 
5498.1 5.3036994e-14 
5499.6 5.387632e-14 
5501.1 5.4278125e-14 
5502.5 5.3795132e-14 
5504.0 5.3934871e-14 
5505.4 5.3709663e-14 
5506.9 5.3882036e-14 
5508.4 5.4466738e-14 
5509.8 5.3308846e-14 
5511.3 5.37154e-14 
5512.8 5.3795265e-14 
5514.2 5.3640534e-14 
5515.7 5.4054536e-14 
5517.2 5.4114089e-14 
5518.6 5.3513286e-14 
5520.1 5.3417038e-14 
5521.5 5.3358769e-14 
5523.0 5.2971546e-14 
5524.5 5.1968873e-14 
5525.9 5.1438405e-14 
5527.4 5.1474985e-14 
5528.9 5.2212258e-14 
5530.3 5.2586774e-14 
5531.8 5.2388876e-14 
5533.3 5.1298012e-14 
5534.7 5.1324623e-14 
5536.2 5.1493556e-14 
5537.6 5.1824488e-14 
5539.1 5.1522138e-14 
5540.6 5.2306423e-14 
5542.0 5.1810898e-14 
5543.5 5.2255269e-14 
5545.0 5.3043139e-14 
5546.4 5.2423951e-14 
5547.9 5.1962541e-14 
5549.4 5.2810527e-14 
5550.8 5.3256566e-14 
5552.3 5.3126416e-14 
5553.7 5.345246e-14 
5555.2 5.4345945e-14 
5556.7 5.3607327e-14 
5558.1 5.3683712e-14 
5559.6 5.383026e-14 
5561.1 5.4568867e-14 
5562.5 5.4498198e-14 
5564.0 5.4417631e-14 
5565.5 5.4483215e-14 
5566.9 5.5755132e-14 
5568.4 5.5077756e-14 
5569.8 5.5418029e-14 
5571.3 5.415499e-14 
5572.8 5.5065945e-14 
5574.2 5.4969688e-14 
5575.7 5.580464e-14 
5577.2 5.4917633e-14 
5578.6 5.5552259e-14 
5580.1 5.5340924e-14 
5581.5 5.4984661e-14 
5583.0 5.5070127e-14 
5584.5 5.4550279e-14 
5585.9 5.5026853e-14 
5587.4 5.5163741e-14 
5588.9 5.5086339e-14 
5590.3 5.4839562e-14 
5591.8 5.4979857e-14 
5593.3 5.4827272e-14 
5594.7 5.5328972e-14 
5596.2 5.5899499e-14 
5597.6 5.5222059e-14 
5599.1 5.4709112e-14 
5600.6 5.5122748e-14 
5602.0 5.5556546e-14 
5603.5 5.4899918e-14 
5605.0 5.5497949e-14 
5606.4 5.5550382e-14 
5607.9 5.5678201e-14 
5609.4 5.3960805e-14 
5610.8 5.4806366e-14 
5612.3 5.5157328e-14 
5613.7 5.5599545e-14 
5615.2 5.5578065e-14 
5616.7 5.5010214e-14 
5618.1 5.5238444e-14 
5619.6 5.4623214e-14 
5621.1 5.5197721e-14 
5622.5 5.4669115e-14 
5624.0 5.4811008e-14 
5625.5 5.4683583e-14 
5626.9 5.4275024e-14 
5628.4 5.4277222e-14 
5629.8 5.5157432e-14 
5631.3 5.5003345e-14 
5632.8 5.4224142e-14 
5634.2 5.4306526e-14 
5635.7 5.5652008e-14 
5637.2 5.5783643e-14 
5638.6 5.5039836e-14 
5640.1 5.5859679e-14 
5641.6 5.5939163e-14 
5643.0 5.5867248e-14 
5644.5 5.630877e-14 
5645.9 5.5513069e-14 
5647.4 5.5634981e-14 
5648.9 5.5315503e-14 
5650.3 5.5499222e-14 
5651.8 5.5748125e-14 
5653.3 5.4962529e-14 
5654.7 5.565492e-14 
5656.2 5.5577445e-14 
5657.7 5.5683606e-14 
5659.1 5.4750573e-14 
5660.6 5.5554822e-14 
5662.0 5.5310884e-14 
5663.5 5.6135135e-14 
5665.0 5.5336806e-14 
5666.4 5.5508536e-14 
5667.9 5.5273669e-14 
5669.4 5.4757501e-14 
5670.8 5.4176781e-14 
5672.3 5.4734415e-14 
5673.8 5.4669475e-14 
5675.2 5.4647492e-14 
5676.7 5.4105031e-14 
5678.1 5.3587897e-14 
5679.6 5.3663464e-14 
5681.1 5.3897343e-14 
5682.5 5.4160264e-14 
5684.0 5.4029762e-14 
5685.5 5.3603548e-14 
5686.9 5.3477155e-14 
5688.4 5.3225971e-14 
5689.8 5.3749979e-14 
5691.3 5.322922e-14 
5692.8 5.2950616e-14 
5694.2 5.3132784e-14 
5695.7 5.3424353e-14 
5697.2 5.2823298e-14 
5698.6 5.2564225e-14 
5700.1 5.3030311e-14 
5701.6 5.2511248e-14 
5703.0 5.2208253e-14 
5704.5 5.203789e-14 
5705.9 5.1599639e-14 
5707.4 5.1491788e-14 
5708.9 5.1987204e-14 
5710.3 5.18539e-14 
5711.8 5.1729162e-14 
5713.3 5.1195875e-14 
5714.7 5.0307054e-14 
5716.2 5.0750524e-14 
5717.7 5.100836e-14 
5719.1 5.0870251e-14 
5720.6 5.0279714e-14 
5722.0 5.0169138e-14 
5723.5 5.014564e-14 
5725.0 5.0473968e-14 
5726.4 5.0348358e-14 
5727.9 4.9703778e-14 
5729.4 4.9694732e-14 
5730.8 4.9629585e-14 
5732.3 4.9874379e-14 
5733.8 4.9524e-14 
5735.2 4.9526825e-14 
5736.7 4.9312355e-14 
5738.1 4.955091e-14 
5739.6 4.8910808e-14 
5741.1 4.8622455e-14 
5742.5 4.9604498e-14 
5744.0 4.9653058e-14 
5745.5 4.9736292e-14 
5746.9 4.9422396e-14 
5748.4 4.951135e-14 
5749.9 4.9180677e-14 
5751.3 4.894604e-14 
5752.8 4.9218369e-14 
5754.2 4.9547839e-14 
5755.7 4.9661538e-14 
5757.2 4.9755154e-14 
5758.6 4.9009764e-14 
5760.1 4.9287142e-14 
5761.6 5.0151871e-14 
5763.0 5.054916e-14 
5764.5 4.9711679e-14 
5766.0 4.9473394e-14 
5767.4 4.98676e-14 
5768.9 4.9382894e-14 
5770.3 5.0057116e-14 
5771.8 5.0378715e-14 
5773.3 4.9872353e-14 
5774.7 5.0090378e-14 
5776.2 4.9433749e-14 
5777.7 4.8817554e-14 
5779.1 4.8889989e-14 
5780.6 4.9438652e-14 
5782.1 4.9750941e-14 
5783.5 5.0288558e-14 
5785.0 5.0501467e-14 
5786.4 5.0105398e-14 
5787.9 4.9814739e-14 
5789.4 5.0569291e-14 
5790.8 5.0261707e-14 
5792.3 5.0523348e-14 
5793.8 4.9682229e-14 
5795.2 5.0217993e-14 
5796.7 5.0452781e-14 
5798.1 5.084919e-14 
5799.6 5.0012701e-14 
5801.1 5.0198788e-14 
5802.5 5.0659173e-14 
5804.0 5.0189102e-14 
5805.5 5.0527158e-14 
5806.9 5.0540839e-14 
5808.4 5.0580859e-14 
5809.9 5.0267117e-14 
5811.3 5.0061185e-14 
5812.8 4.9754885e-14 
5814.2 4.9942129e-14 
5815.7 5.0604584e-14 
5817.2 5.0621303e-14 
5818.6 5.0455977e-14 
5820.1 5.0317801e-14 
5821.6 5.0414873e-14 
5823.0 5.0333198e-14 
5824.5 5.016709e-14 
5826.0 5.0118117e-14 
5827.4 5.0415954e-14 
5828.9 5.0888343e-14 
5830.3 5.0972308e-14 
5831.8 5.0725114e-14 
5833.3 5.0459829e-14 
5834.7 5.0710155e-14 
5836.2 5.0965436e-14 
5837.7 5.0900513e-14 
5839.1 5.1280597e-14 
5840.6 5.1336358e-14 
5842.1 5.1115351e-14 
5843.5 5.1299676e-14 
5845.0 5.1008751e-14 
5846.4 5.1802149e-14 
5847.9 5.145321e-14 
5849.4 5.1845879e-14 
5850.8 5.1926544e-14 
5852.3 5.1376053e-14 
5853.8 5.1743896e-14 
5855.2 5.1695994e-14 
5856.7 5.1379117e-14 
5858.2 5.096299e-14 
5859.6 5.1122661e-14 
5861.1 5.0652398e-14 
5862.5 5.138236e-14 
5864.0 5.16798e-14 
5865.5 5.176416e-14 
5866.9 5.125782e-14 
5868.4 5.2070952e-14 
5869.9 5.1642273e-14 
5871.3 5.1635395e-14 
5872.8 5.1823808e-14 
5874.3 5.2329325e-14 
5875.7 5.2537169e-14 
5877.2 5.299267e-14 
5878.6 5.242132e-14 
5880.1 5.1821214e-14 
5881.6 5.2492357e-14 
5883.0 4.9575004e-14 
5884.5 4.7316253e-14 
5886.0 4.1417861e-14 
5887.4 3.8674941e-14 
5888.9 3.9359121e-14 
5890.4 4.150121e-14 
5891.8 4.2491662e-14 
5893.3 4.2601712e-14 
5894.7 4.3635558e-14 
5896.2 4.5889105e-14 
5897.7 4.9858427e-14 
5899.1 5.1576073e-14 
5900.6 5.1872175e-14 
5902.1 5.1462685e-14 
5903.5 5.1738336e-14 
5905.0 5.1761126e-14 
5906.4 5.1962888e-14 
5907.9 5.1797048e-14 
5909.4 5.1449504e-14 
5910.8 5.1085101e-14 
5912.3 5.1049359e-14 
5913.8 5.1343605e-14 
5915.2 5.2027581e-14 
5916.7 5.1852233e-14 
5918.2 5.1571414e-14 
5919.6 5.1070961e-14 
5921.1 5.146213e-14 
5922.5 5.189898e-14 
5924.0 5.1599916e-14 
5925.5 5.1492252e-14 
5926.9 5.1921435e-14 
5928.4 5.1542269e-14 
5929.9 5.1672524e-14 
5931.3 5.115818e-14 
5932.8 5.0738112e-14 
5934.3 5.0896985e-14 
5935.7 5.1038608e-14 
5937.2 5.0765983e-14 
5938.6 5.0484921e-14 
5940.1 5.0931505e-14 
5941.6 5.0454346e-14 
5943.0 5.063229e-14 
5944.5 5.0635973e-14 
5946.0 5.0556213e-14 
5947.4 5.0493975e-14 
5948.9 4.9911245e-14 
5950.4 4.9731216e-14 
5951.8 4.9499659e-14 
5953.3 4.9312531e-14 
5954.7 4.985981e-14 
5956.2 4.9788649e-14 
5957.7 4.938096e-14 
5959.1 4.9452922e-14 
5960.6 4.9279606e-14 
5962.1 4.8790822e-14 
5963.5 4.847561e-14 
5965.0 4.8623466e-14 
5966.5 4.8634678e-14 
5967.9 4.8092529e-14 
5969.4 4.7824078e-14 
5970.8 4.8352236e-14 
5972.3 4.8179904e-14 
5973.8 4.8165657e-14 
5975.2 4.7905587e-14 
5976.7 4.7402145e-14 
5978.2 4.7606165e-14 
5979.6 4.6968717e-14 
5981.1 4.7114009e-14 
5982.6 4.6378181e-14 
5984.0 4.6159755e-14 
5985.5 4.6927613e-14 
5986.9 4.6718971e-14 
5988.4 4.601078e-14 
5989.9 4.6500796e-14 
5991.3 4.6641521e-14 
5992.8 4.6141622e-14 
5994.3 4.6195513e-14 
5995.7 4.5983164e-14 
5997.2 4.5981835e-14 
5998.7 4.5623299e-14 
6000.1 4.5563662e-14 
6001.6 4.543861e-14 
6003.0 4.5139015e-14 
6004.5 4.5145716e-14 
6006.0 4.5299483e-14 
6007.4 4.4381374e-14 
6008.9 4.45857e-14 
6010.4 4.4138951e-14 
6011.8 4.4482739e-14 
6013.3 4.4718861e-14 
6014.7 4.4086348e-14 
6016.2 4.3916022e-14 
6017.7 4.3588315e-14 
6019.1 4.3041192e-14 
6020.6 4.3561699e-14 
6022.1 4.3103217e-14 
6023.5 4.2726257e-14 
6025.0 4.3066571e-14 
6026.5 4.3020004e-14 
6027.9 4.2685609e-14 
6029.4 4.2572639e-14 
6030.8 4.3069335e-14 
6032.3 4.1961097e-14 
6033.8 4.1524806e-14 
6035.2 4.113884e-14 
6036.7 4.0517479e-14 
6038.2 4.0941733e-14 
6039.6 4.102565e-14 
6041.1 4.0504748e-14 
6042.6 3.9857633e-14 
6044.0 3.9801757e-14 
6045.5 3.9703762e-14 
6046.9 3.9230867e-14 
6048.4 3.9402334e-14 
6049.9 3.9294641e-14 
6051.3 3.9229192e-14 
6052.8 3.8935705e-14 
6054.3 3.8796043e-14 
6055.7 3.7875459e-14 
6057.2 3.7915137e-14 
6058.7 3.7712198e-14 
6060.1 3.6918076e-14 
6061.6 3.7074545e-14 
6063.0 3.7485339e-14 
6064.5 3.603616e-14 
6066.0 3.631802e-14 
6067.4 3.5920752e-14 
6068.9 3.6107315e-14 
6070.4 3.5026114e-14 
6071.8 3.4992927e-14 
6073.3 3.4635382e-14 
6074.8 3.4327705e-14 
6076.2 3.4630953e-14 
6077.7 3.3907988e-14 
6079.1 3.3437403e-14 
6080.6 3.3257567e-14 
6082.1 3.2851959e-14 
6083.5 3.2931537e-14 
6085.0 3.2497383e-14 
6086.5 3.1800332e-14 
6087.9 3.2222902e-14 
6089.4 3.0952945e-14 
6090.9 3.0716059e-14 
6092.3 3.0704236e-14 
6093.8 2.9735123e-14 
6095.2 2.9689051e-14 
6096.7 2.9383924e-14 
6098.2 2.8922941e-14 
6099.6 2.9231081e-14 
6101.1 2.8597955e-14 
6102.6 2.8956451e-14 
6104.0 2.9118319e-14 
6105.5 2.8795967e-14 
6107.0 2.8761529e-14 
6108.4 2.8403526e-14 
6109.9 2.8672577e-14 
6111.3 2.8532609e-14 
6112.8 2.8351247e-14 
6114.3 2.8095095e-14 
6115.7 2.8116214e-14 
6117.2 2.7794155e-14 
6118.7 2.7639966e-14 
6120.1 2.7669822e-14 
6121.6 2.7733669e-14 
6123.0 2.8023244e-14 
6124.5 2.7844859e-14 
6126.0 2.8000439e-14 
6127.4 2.8101549e-14 
6128.9 2.8382966e-14 
6130.4 2.8042609e-14 
6131.8 2.8397503e-14 
6133.3 2.8607093e-14 
6134.8 2.9056056e-14 
6136.2 2.9283873e-14 
6137.7 2.9305598e-14 
6139.1 2.9445017e-14 
6140.6 2.9427511e-14 
6142.1 3.0072869e-14 
6143.5 2.9833801e-14 
6145.0 3.0137847e-14 
6146.5 3.094605e-14 
6147.9 3.0955809e-14 
6149.4 3.0863305e-14 
6150.9 3.1145491e-14 
6152.3 3.1902549e-14 
6153.8 3.2174341e-14 
6155.2 3.2368089e-14 
6156.7 3.2472924e-14 
6158.2 3.2502093e-14 
6159.6 3.290718e-14 
6161.1 3.3172047e-14 
6162.6 3.3299577e-14 
6164.0 3.3429935e-14 
6165.5 3.3748035e-14 
6167.0 3.3919754e-14 
6168.4 3.3767333e-14 
6169.9 3.4663476e-14 
6171.3 3.4744659e-14 
6172.8 3.5225467e-14 
6174.3 3.51176e-14 
6175.7 3.5116754e-14 
6177.2 3.5683005e-14 
6178.7 3.5803014e-14 
6180.1 3.5659773e-14 
6181.6 3.5646689e-14 
6183.1 3.6471836e-14 
6184.5 3.669414e-14 
6186.0 3.6467605e-14 
6187.4 3.6926837e-14 
6188.9 3.7186091e-14 
6190.4 3.6886888e-14 
6191.8 3.728318e-14 
6193.3 3.7565157e-14 
6194.8 3.7683046e-14 
6196.2 3.8068356e-14 
6197.7 3.8011737e-14 
6199.2 3.8559191e-14 
6200.6 3.8406046e-14 
6202.1 3.873278e-14 
6203.5 3.8678856e-14 
6205.0 3.9387876e-14 
6206.5 3.9424389e-14 
6207.9 3.948505e-14 
6209.4 3.9329345e-14 
6210.9 3.9884583e-14 
6212.3 3.9995777e-14 
6213.8 4.0199282e-14 
6215.3 4.0955667e-14 
6216.7 4.1215432e-14 
6218.2 4.0972345e-14 
6219.6 4.1009532e-14 
6221.1 4.1548235e-14 
6222.6 4.1468646e-14 
6224.0 4.1943513e-14 
6225.5 4.2384638e-14 
6227.0 4.2251836e-14 
6228.4 4.2765208e-14 
6229.9 4.2403947e-14 
6231.3 4.2776356e-14 
6232.8 4.2167929e-14 
6234.3 4.2563816e-14 
6235.7 4.2115466e-14 
6237.2 4.2450625e-14 
6238.7 4.2663143e-14 
6240.1 4.2632374e-14 
6241.6 4.2428294e-14 
6243.1 4.2327873e-14 
6244.5 4.1603248e-14 
6246.0 4.1501421e-14 
6247.4 4.0827915e-14 
6248.9 4.1266917e-14 
6250.4 4.3024094e-14 
6251.8 4.3071114e-14 
6253.3 4.3094804e-14 
6254.8 4.3010777e-14 
6256.2 4.4420573e-14 
6257.7 4.3907725e-14 
6259.2 4.3472919e-14 
6260.6 4.3954645e-14 
6262.1 4.3350767e-14 
6263.5 4.3402397e-14 
6265.0 4.3484822e-14 
6266.5 4.3465829e-14 
6267.9 4.355736e-14 
6269.4 4.3720377e-14 
6270.9 4.3581893e-14 
6272.3 4.4146023e-14 
6273.8 4.4427197e-14 
6275.3 4.4503119e-14 
6276.7 4.3793938e-14 
6278.2 4.3914589e-14 
6279.6 4.3323909e-14 
6281.1 4.3928263e-14 
6282.6 4.3423814e-14 
6284.0 4.2935095e-14 
6285.5 4.4062624e-14 
6287.0 4.3889101e-14 
6288.4 4.5105434e-14 
6289.9 4.4927245e-14 
6291.4 4.5171574e-14 
6292.8 4.5028817e-14 
6294.3 4.5020491e-14 
6295.7 4.4875155e-14 
6297.2 4.4826939e-14 
6298.7 4.461913e-14 
6300.1 4.4134904e-14 
6301.6 4.4385264e-14 
6303.1 4.4729341e-14 
6304.5 4.4488775e-14 
6306.0 4.4940399e-14 
6307.5 4.4824908e-14 
6308.9 4.4758068e-14 
6310.4 4.4983466e-14 
6311.8 4.4104004e-14 
6313.3 4.4866223e-14 
6314.8 4.4868783e-14 
6316.2 4.5410972e-14 
6317.7 4.4106063e-14 
6319.2 4.3808401e-14 
6320.6 4.3966178e-14 
6322.1 4.4286103e-14 
6323.6 4.4520144e-14 
6325.0 4.4598862e-14 
6326.5 4.4001366e-14 
6327.9 4.4147209e-14 
6329.4 4.3993016e-14 
6330.9 4.4316962e-14 
6332.3 4.4288547e-14 
6333.8 4.3830352e-14 
6335.3 4.4138693e-14 
6336.7 4.4430834e-14 
6338.2 4.4137258e-14 
6339.6 4.3821455e-14 
6341.1 4.3375762e-14 
6342.6 4.3952209e-14 
6344.0 4.3986811e-14 
6345.5 4.3971381e-14 
6347.0 4.3632649e-14 
6348.4 4.3770379e-14 
6349.9 4.4189987e-14 
6351.4 4.3855862e-14 
6352.8 4.3629875e-14 
6354.3 4.374781e-14 
6355.7 4.3708057e-14 
6357.2 4.3487245e-14 
6358.7 4.3360571e-14 
6360.1 4.3532102e-14 
6361.6 4.3156264e-14 
6363.1 4.3328469e-14 
6364.5 4.3049019e-14 
6366.0 4.283886e-14 
6367.5 4.2763417e-14 
6368.9 4.242166e-14 
6370.4 4.2246065e-14 
6371.8 4.2873068e-14 
6373.3 4.2727555e-14 
6374.8 4.2487007e-14 
6376.2 4.2310451e-14 
6377.7 4.2060878e-14 
6379.2 4.2233065e-14 
6380.6 4.2185422e-14 
6382.1 4.3054253e-14 
6383.6 4.2292255e-14 
6385.0 4.2049782e-14 
6386.5 4.2250003e-14 
6387.9 4.1465669e-14 
6389.4 4.1409171e-14 
6390.9 4.1412927e-14 
6392.3 4.1464528e-14 
6393.8 4.1285022e-14 
6395.3 4.0936272e-14 
6396.7 4.0921749e-14 
6398.2 4.1246281e-14 
6399.7 4.1193664e-14 
6401.1 4.0969958e-14 
6402.6 4.0842691e-14 
6404.0 4.0614076e-14 
6405.5 4.1018729e-14 
6407.0 4.0777387e-14 
6408.4 4.039546e-14 
6409.9 4.0378328e-14 
6411.4 4.0076449e-14 
6412.8 4.047948e-14 
6414.3 4.0844117e-14 
6415.8 4.0676357e-14 
6417.2 4.0110082e-14 
6418.7 4.0361843e-14 
6420.1 4.0219873e-14 
6421.6 4.0328872e-14 
6423.1 4.0230032e-14 
6424.5 4.0157421e-14 
6426.0 3.9741864e-14 
6427.5 3.969947e-14 
6428.9 3.9222577e-14 
6430.4 3.9094857e-14 
6431.9 3.904653e-14 
6433.3 3.953585e-14 
6434.8 3.9544692e-14 
6436.2 3.8856295e-14 
6437.7 3.9020571e-14 
6439.2 3.8433552e-14 
6440.6 3.8273158e-14 
6442.1 3.817168e-14 
6443.6 3.8300778e-14 
6445.0 3.8764025e-14 
6446.5 3.8610511e-14 
6447.9 3.8237285e-14 
6449.4 3.8263967e-14 
6450.9 3.8056581e-14 
6452.3 3.8105148e-14 
6453.8 3.8046801e-14 
6455.3 3.8244055e-14 
6456.7 3.7892093e-14 
6458.2 3.7861768e-14 
6459.7 3.7212418e-14 
6461.1 3.7672512e-14 
6462.6 3.7924246e-14 
6464.0 3.761402e-14 
6465.5 3.7317943e-14 
6467.0 3.7520994e-14 
6468.4 3.7581049e-14 
6469.9 3.7292543e-14 
6471.4 3.7861083e-14 
6472.8 3.8039303e-14 
6474.3 3.7313357e-14 
6475.8 3.7548271e-14 
6477.2 3.7142651e-14 
6478.7 3.7110403e-14 
6480.1 3.6966088e-14 
6481.6 3.6306335e-14 
6483.1 3.651947e-14 
6484.5 3.6897962e-14 
6486.0 3.6424649e-14 
6487.5 3.6360421e-14 
6488.9 3.6974239e-14 
6490.4 3.6380779e-14 
6491.9 3.6285015e-14 
6493.3 3.5812911e-14 
6494.8 3.666438e-14 
6496.2 3.6158981e-14 
6497.7 3.5642795e-14 
6499.2 3.6065669e-14 
6500.6 3.6307009e-14 
6502.1 3.5830058e-14 
6503.6 3.650498e-14 
6505.0 3.5861532e-14 
6506.5 3.5919303e-14 
6508.0 3.6753602e-14 
6509.4 3.6169396e-14 
6510.9 3.5728263e-14 
6512.3 3.580662e-14 
6513.8 3.6032497e-14 
6515.3 3.5964617e-14 
6516.7 3.5311878e-14 
6518.2 3.5922801e-14 
6519.7 3.6105364e-14 
6521.1 3.5596776e-14 
6522.6 3.5789399e-14 
6524.1 3.5639717e-14 
6525.5 3.5311049e-14 
6527.0 3.4893776e-14 
6528.4 3.5420084e-14 
6529.9 3.5419966e-14 
6531.4 3.4617884e-14 
6532.8 3.4545851e-14 
6534.3 3.4922871e-14 
6535.8 3.4479928e-14 
6537.2 3.4614566e-14 
6538.7 3.4594073e-14 
6540.2 3.5200408e-14 
6541.6 3.5409337e-14 
6543.1 3.560921e-14 
6544.5 3.5084975e-14 
6546.0 3.5325943e-14 
6547.5 3.5038773e-14 
6548.9 3.4387047e-14 
6550.4 3.5041394e-14 
6551.9 3.4236123e-14 
6553.3 3.5030633e-14 
6554.8 3.6355288e-14 
6556.2 3.9432672e-14 
6557.7 3.9874491e-14 
6559.2 3.895512e-14 
6560.6 3.7923419e-14 
6562.1 3.609555e-14 
6563.6 3.3054898e-14 
6565.0 3.2524765e-14 
6566.5 3.3455436e-14 
6568.0 3.363916e-14 
6569.4 3.3850925e-14 
6570.9 3.3556447e-14 
6572.3 3.3737522e-14 
6573.8 3.4179354e-14 
6575.3 3.3917848e-14 
6576.7 3.4632362e-14 
6578.2 3.5559662e-14 
6579.7 3.5315258e-14 
6581.1 3.4623504e-14 
6582.6 3.3645108e-14 
6584.1 3.3392608e-14 
6585.5 3.293843e-14 
6587.0 3.3493012e-14 
6588.4 3.3785583e-14 
6589.9 3.2917167e-14 
6591.4 3.3605106e-14 
6592.8 3.3615323e-14 
6594.3 3.2644776e-14 
6595.8 3.3114749e-14 
6597.2 3.3226146e-14 
6598.7 3.2981391e-14 
6600.2 3.2854954e-14 
6601.6 3.2846761e-14 
6603.1 3.261502e-14 
6604.5 3.2602641e-14 
6606.0 3.2625911e-14 
6607.5 3.2677549e-14 
6608.9 3.2490187e-14 
6610.4 3.2167654e-14 
6611.9 3.2084201e-14 
6613.3 3.2269297e-14 
6614.8 3.2378468e-14 
6616.3 3.2526459e-14 
6617.7 3.259907e-14 
6619.2 3.2063043e-14 
6620.6 3.2123383e-14 
6622.1 3.246066e-14 
6623.6 3.2932459e-14 
6625.0 3.3181489e-14 
6626.5 3.3078577e-14 
6628.0 3.1968525e-14 
6629.4 3.2325558e-14 
6630.9 3.2200374e-14 
6632.4 3.1713498e-14 
6633.8 3.2018175e-14 
6635.3 3.1754913e-14 
6636.7 3.2198246e-14 
6638.2 3.1878214e-14 
6639.7 3.1641028e-14 
6641.1 3.1371143e-14 
6642.6 3.2089431e-14 
6644.1 3.2207343e-14 
6645.5 3.1685896e-14 
6647.0 3.157963e-14 
6648.5 3.151214e-14 
6649.9 3.1461673e-14 
6651.4 3.1864642e-14 
6652.8 3.1668113e-14 
6654.3 3.1602317e-14 
6655.8 3.1749854e-14 
6657.2 3.1506587e-14 
6658.7 3.1613103e-14 
6660.2 3.1343561e-14 
6661.6 3.1715369e-14 
6663.1 3.137352e-14 
6664.5 3.1236418e-14 
6666.0 3.1533338e-14 
6667.5 3.1364592e-14 
6668.9 3.1127303e-14 
6670.4 3.1162794e-14 
6671.9 3.1600587e-14 
6673.3 3.0716566e-14 
6674.8 3.0899485e-14 
6676.3 3.1003351e-14 
6677.7 3.0817023e-14 
6679.2 3.1244756e-14 
6680.6 3.0961573e-14 
6682.1 3.083297e-14 
6683.6 3.0650365e-14 
6685.0 3.0204578e-14 
6686.5 3.0681709e-14 
6688.0 3.0488593e-14 
6689.4 3.0270502e-14 
6690.9 3.0520656e-14 
6692.4 3.1394151e-14 
6693.8 2.9942882e-14 
6695.3 3.0574824e-14 
6696.7 3.0523669e-14 
6698.2 3.0255524e-14 
6699.7 3.0108808e-14 
6701.1 3.0202199e-14 
6702.6 2.9902876e-14 
6704.1 3.0122244e-14 
6705.5 3.0302192e-14 
6707.0 3.0257019e-14 
6708.5 3.0060745e-14 
6709.9 3.0288318e-14 
6711.4 3.040831e-14 
6712.8 2.9918029e-14 
6714.3 3.0332726e-14 
6715.8 2.959447e-14 
6717.2 2.9852384e-14 
6718.7 2.910155e-14 
6720.2 2.9646856e-14 
6721.6 2.9267709e-14 
6723.1 2.9924185e-14 
6724.6 2.9762866e-14 
6726.0 3.0083559e-14 
6727.5 2.9381909e-14 
6728.9 2.9461851e-14 
6730.4 2.9407719e-14 
6731.9 2.9696688e-14 
6733.3 2.9516941e-14 
6734.8 2.888305e-14 
6736.3 2.915471e-14 
6737.7 2.9128515e-14 
6739.2 2.9375352e-14 
6740.7 2.8978177e-14 
6742.1 2.9241087e-14 
6743.6 2.9029435e-14 
6745.0 2.9188207e-14 
6746.5 2.9341102e-14 
6748.0 2.8637038e-14 
6749.4 2.8703028e-14 
6750.9 2.8602921e-14 
6752.4 2.9285605e-14 
6753.8 2.8674974e-14 
6755.3 2.8659349e-14 
6756.8 2.8688034e-14 
6758.2 2.8488365e-14 
6759.7 2.872483e-14 
6761.1 2.8004612e-14 
6762.6 2.850416e-14 
6764.1 2.8380218e-14 
6765.5 2.8119793e-14 
6767.0 2.835103e-14 
6768.5 2.8370532e-14 
6769.9 2.8658072e-14 
6771.4 2.8502986e-14 
6772.8 2.8723477e-14 
6774.3 2.8034144e-14 
6775.8 2.8691687e-14 
6777.2 2.8669978e-14 
6778.7 2.8256375e-14 
6780.2 2.8128927e-14 
6781.6 2.868959e-14 
6783.1 2.8497389e-14 
6784.6 2.8611708e-14 
6786.0 2.8968526e-14 
6787.5 2.873792e-14 
6788.9 2.8604375e-14 
6790.4 2.8391367e-14 
6791.9 2.8260144e-14 
6793.3 2.8081509e-14 
6794.8 2.8132002e-14 
6796.3 2.8292295e-14 
6797.7 2.799387e-14 
6799.2 2.7879096e-14 
6800.7 2.8207897e-14 
6802.1 2.781718e-14 
6803.6 2.7684151e-14 
6805.0 2.7769977e-14 
6806.5 2.7725148e-14 
6808.0 2.7874085e-14 
6809.4 2.7661059e-14 
6810.9 2.7349709e-14 
6812.4 2.7747036e-14 
6813.8 2.7344589e-14 
6815.3 2.7203083e-14 
6816.8 2.7712038e-14 
6818.2 2.7843031e-14 
6819.7 2.8302681e-14 
6821.1 2.7706725e-14 
6822.6 2.7351122e-14 
6824.1 2.7896494e-14 
6825.5 2.7667597e-14 
6827.0 2.7187412e-14 
6828.5 2.7410334e-14 
6829.9 2.6826901e-14 
6831.4 2.4783533e-14 
6832.9 2.1958561e-14 
6834.3 1.9552057e-14 
6835.8 1.8636762e-14 
6837.2 1.9192373e-14 
6838.7 2.020294e-14 
6840.2 2.0957253e-14 
6841.6 2.2125717e-14 
6843.1 2.2650813e-14 
6844.6 2.3422508e-14 
6846.0 2.4815735e-14 
6847.5 2.5184799e-14 
6849.0 2.4502826e-14 
6850.4 2.418924e-14 
6851.9 2.3366057e-14 
6853.3 2.2592286e-14 
6854.8 2.2706892e-14 
6856.3 2.3252914e-14 
6857.7 2.3028031e-14 
6859.2 2.3409947e-14 
6860.7 2.3515416e-14 
6862.1 2.3867784e-14 
6863.6 2.4387579e-14 
6865.1 2.4458785e-14 
6866.5 2.4645358e-14 
6868.0 2.4470766e-14 
6869.4 2.4610805e-14 
6870.9 2.4559651e-14 
6872.4 2.4362816e-14 
6873.8 2.529127e-14 
6875.3 2.547231e-14 
6876.8 2.5096954e-14 
6878.2 2.5018876e-14 
6879.7 2.528743e-14 
6881.1 2.5288868e-14 
6882.6 2.4959794e-14 
6884.1 2.5109305e-14 
6885.5 2.5755316e-14 
6887.0 2.5638873e-14 
6888.5 2.5366399e-14 
6889.9 2.5316294e-14 
6891.4 2.5133627e-14 
6892.9 2.55208e-14 
6894.3 2.5263222e-14 
6895.8 2.5291699e-14 
6897.2 2.5680824e-14 
6898.7 2.5830465e-14 
6900.2 2.577806e-14 
6901.6 2.6068215e-14 
6903.1 2.5674301e-14 
6904.6 2.5461799e-14 
6906.0 2.55425e-14 
6907.5 2.5091422e-14 
6909.0 2.5866483e-14 
6910.4 2.5844724e-14 
6911.9 2.6022746e-14 
6913.3 2.5342343e-14 
6914.8 2.581809e-14 
6916.3 2.5803782e-14 
6917.7 2.5903634e-14 
6919.2 2.5754743e-14 
6920.7 2.4853874e-14 
6922.1 2.4824223e-14 
6923.6 2.51662e-14 
6925.1 2.5424541e-14 
6926.5 2.5252882e-14 
6928.0 2.541485e-14 
6929.4 2.5273983e-14 
6930.9 2.5634234e-14 
6932.4 2.6092964e-14 
6933.8 2.6225511e-14 
6935.3 2.6054355e-14 
6936.8 2.6320239e-14 
6938.2 2.6204043e-14 
6939.7 2.6007696e-14 
6941.2 2.6248907e-14 
6942.6 2.6256097e-14 
6944.1 2.6062914e-14 
6945.5 2.5908766e-14 
6947.0 2.6190303e-14 
6948.5 2.6393395e-14 
6949.9 2.5550784e-14 
6951.4 2.5412683e-14 
6952.9 2.5102922e-14 
6954.3 2.5368909e-14 
6955.8 2.5783106e-14 
6957.3 2.5119401e-14 
6958.7 2.5902357e-14 
6960.2 2.5205098e-14 
6961.6 2.5126887e-14 
6963.1 2.5259354e-14 
6964.6 2.5653975e-14 
6966.0 2.5792061e-14 
6967.5 2.5549578e-14 
6969.0 2.5264127e-14 
6970.4 2.5461143e-14 
6971.9 2.5727614e-14 
6973.4 2.5494505e-14 
6974.8 2.560003e-14 
6976.3 2.5908957e-14 
6977.7 2.5842001e-14 
6979.2 2.5455478e-14 
6980.7 2.5573178e-14 
6982.1 2.51787e-14 
6983.6 2.5609597e-14 
6985.1 2.5723896e-14 
6986.5 2.5076462e-14 
6988.0 2.5067081e-14 
6989.4 2.5702182e-14 
6990.9 2.5141446e-14 
6992.4 2.4670174e-14 
6993.8 2.5366204e-14 
6995.3 2.5143973e-14 
6996.8 2.4975072e-14 
6998.2 2.5537111e-14 
6999.7 2.5710081e-14 
7001.2 2.5299651e-14 
7002.6 2.5254375e-14 
7004.1 2.5477404e-14 
7005.5 2.5216882e-14 
7007.0 2.5783406e-14 
7008.5 2.6043455e-14 
7009.9 2.6064638e-14 
7011.4 2.5643534e-14 
7012.9 2.5489098e-14 
7014.3 2.5567131e-14 
7015.8 2.5159517e-14 
7017.3 2.4776429e-14 
7018.7 2.5293098e-14 
7020.2 2.5594816e-14 
7021.6 2.4907768e-14 
7023.1 2.5247933e-14 
7024.6 2.5079873e-14 
7026.0 2.508257e-14 
7027.5 2.5212976e-14 
7029.0 2.5371489e-14 
7030.4 2.5731867e-14 
7031.9 2.5265609e-14 
7033.4 2.6161553e-14 
7034.8 2.5597061e-14 
7036.3 2.5924722e-14 
7037.7 2.5830114e-14 
7039.2 2.5253025e-14 
7040.7 2.5513017e-14 
7042.1 2.5726594e-14 
7043.6 2.5923279e-14 
7045.1 2.5702436e-14 
7046.5 2.5469076e-14 
7048.0 2.5263686e-14 
7049.5 2.5377422e-14 
7050.9 2.4994451e-14 
7052.4 2.5331815e-14 
7053.8 2.5891218e-14 
7055.3 2.5217446e-14 
7056.8 2.5075827e-14 
7058.2 2.517307e-14 
7059.7 2.504403e-14 
7061.2 2.5266191e-14 
7062.6 2.5170028e-14 
7064.1 2.5485636e-14 
7065.6 2.5504372e-14 
7067.0 2.5562893e-14 
7068.5 2.593399e-14 
7069.9 2.5972555e-14 
7071.4 2.5520916e-14 
7072.9 2.5439436e-14 
7074.3 2.5291628e-14 
7075.8 2.56414e-14 
7077.3 2.569173e-14 
7078.7 2.5333972e-14 
7080.2 2.5379574e-14 
7081.7 2.5269222e-14 
7083.1 2.537905e-14 
7084.6 2.4991165e-14 
7086.0 2.5191003e-14 
7087.5 2.4896443e-14 
7089.0 2.5232941e-14 
7090.4 2.5174841e-14 
7091.9 2.489182e-14 
7093.4 2.4889217e-14 
7094.8 2.5165121e-14 
7096.3 2.5803017e-14 
7097.7 2.5780659e-14 
7099.2 2.5360364e-14 
7100.7 2.5511837e-14 
7102.1 2.547991e-14 
7103.6 2.5730556e-14 
7105.1 2.5801581e-14 
7106.5 2.5566431e-14 
7108.0 2.586012e-14 
7109.5 2.5801938e-14 
7110.9 2.5046986e-14 
7112.4 2.4835813e-14 
7113.8 2.4991936e-14 
7115.3 2.483285e-14 
7116.8 2.4908416e-14 
7118.2 2.471196e-14 
7119.7 2.4784347e-14 
7121.2 2.492928e-14 
7122.6 2.5107803e-14 
7124.1 2.4922958e-14 
7125.6 2.5115763e-14 
7127.0 2.4906815e-14 
7128.5 2.4274888e-14 
7129.9 2.4446735e-14 
7131.4 2.441506e-14 
7132.9 2.3968945e-14 
7134.3 2.3818445e-14 
7135.8 2.3871803e-14 
7137.3 2.2994541e-14 
7138.7 2.349613e-14 
7140.2 2.3487656e-14 
7141.7 2.3484749e-14 
7143.1 2.3526467e-14 
7144.6 2.3184866e-14 
7146.0 2.2627833e-14 
7147.5 2.2080769e-14 
7149.0 2.1834278e-14 
7150.4 2.1804267e-14 
7151.9 2.2024697e-14 
7153.4 2.280082e-14 
7154.8 2.2334332e-14 
7156.3 2.2041773e-14 
7157.8 2.2480001e-14 
7159.2 2.2879035e-14 
7160.7 2.3002159e-14 
7162.1 2.2665435e-14 
7163.6 2.2715823e-14 
7165.1 2.2528452e-14 
7166.5 2.2672985e-14 
7168.0 2.269382e-14 
7169.5 2.303361e-14 
7170.9 2.3659837e-14 
7172.4 2.377718e-14 
7173.9 2.4222578e-14 
7175.3 2.4140278e-14 
7176.8 2.4280393e-14 
7178.2 2.454831e-14 
7179.7 2.3965439e-14 
7181.2 2.3674651e-14 
7182.6 2.384226e-14 
7184.1 2.4293083e-14 
7185.6 2.3906456e-14 
7187.0 2.3223442e-14 
7188.5 2.3106238e-14 
7190.0 2.3049445e-14 
7191.4 2.3936538e-14 
7192.9 2.4135796e-14 
7194.3 2.3246915e-14 
7195.8 2.2630229e-14 
7197.3 2.1908509e-14 
7198.7 2.2448901e-14 
7200.2 2.2994402e-14 
7201.7 2.3007199e-14 
7203.1 2.3157794e-14 
7204.6 2.2514444e-14 
7206.0 2.2405883e-14 
7207.5 2.2650219e-14 
7209.0 2.3101616e-14 
7210.4 2.3575506e-14 
7211.9 2.358482e-14 
7213.4 2.319783e-14 
7214.8 2.2352994e-14 
7216.3 2.1733616e-14 
7217.8 2.1961671e-14 
7219.2 2.2299043e-14 
7220.7 2.2642493e-14 
7222.1 2.2618169e-14 
7223.6 2.2730048e-14 
7225.1 2.2212497e-14 
7226.5 2.1802486e-14 
7228.0 2.1711986e-14 
7229.5 2.1929604e-14 
7230.9 2.2237081e-14 
7232.4 2.2831916e-14 
7233.9 2.311408e-14 
7235.3 2.237417e-14 
7236.8 2.2294887e-14 
7238.2 2.1986074e-14 
7239.7 2.1543807e-14 
7241.2 2.2037399e-14 
7242.6 2.3113229e-14 
7244.1 2.3119856e-14 
7245.6 2.3023297e-14 
7247.0 2.3035155e-14 
7248.5 2.2843998e-14 
7250.0 2.2960693e-14 
7251.4 2.1941691e-14 
7252.9 2.1746234e-14 
7254.3 2.163851e-14 
7255.8 2.1688563e-14 
7257.3 2.1666301e-14 
7258.7 2.192218e-14 
7260.2 2.2270139e-14 
7261.7 2.1848656e-14 
7263.1 2.1638228e-14 
7264.6 2.1362093e-14 
7266.1 2.085256e-14 
7267.5 2.0894293e-14 
7269.0 2.1422052e-14 
7270.4 2.1351751e-14 
7271.9 2.1263258e-14 
7273.4 2.1367704e-14 
7274.8 2.146602e-14 
7276.3 2.1353851e-14 
7277.8 2.1704297e-14 
7279.2 2.177204e-14 
7280.7 2.1214147e-14 
7282.2 2.1875416e-14 
7283.6 2.2052191e-14 
7285.1 2.2173669e-14 
7286.5 2.2214687e-14 
7288.0 2.1775911e-14 
7289.5 2.2222975e-14 
7290.9 2.2090761e-14 
7292.4 2.1916033e-14 
7293.9 2.1994969e-14 
7295.3 2.1328547e-14 
7296.8 2.1008077e-14 
7298.3 2.0998302e-14 
7299.7 2.1070638e-14 
7301.2 2.1131518e-14 
7302.6 2.117988e-14 
7304.1 2.1127622e-14 
7305.6 2.1053546e-14 
7307.0 2.0948938e-14 
7308.5 2.1082671e-14 
7310.0 2.1062015e-14 
7311.4 2.1096475e-14 
7312.9 2.0738056e-14 
7314.3 2.0926034e-14 
7315.8 2.0621062e-14 
7317.3 2.1243545e-14 
7318.7 2.118148e-14 
7320.2 2.1274789e-14 
7321.7 2.1320748e-14 
7323.1 2.0649872e-14 
7324.6 2.0773294e-14 
7326.1 2.1059476e-14 
7327.5 2.1033615e-14 
7329.0 2.1546401e-14 
7330.4 2.0790483e-14 
7331.9 1.9965384e-14 
7333.4 2.0633933e-14 
7334.8 2.0878467e-14 
7336.3 2.0431324e-14 
7337.8 2.0601294e-14 
7339.2 2.0376137e-14 
7340.7 2.0290765e-14 
7342.2 2.0429865e-14 
7343.6 1.9719728e-14 
7345.1 1.9626987e-14 
7346.5 2.0360386e-14 
7348.0 2.0643328e-14 
7349.5 2.1148472e-14 
7350.9 2.1348338e-14 
7352.4 2.0578687e-14 
7353.9 2.0406652e-14 
7355.3 2.0475181e-14 
7356.8 2.0542106e-14 
7358.3 2.0337095e-14 
7359.7 2.0192547e-14 
7361.2 1.9952566e-14 
7362.6 1.9987372e-14 
7364.1 2.0144651e-14 
7365.6 1.9388433e-14 
7367.0 1.9444206e-14 
7368.5 1.9677995e-14 
7370.0 2.0012115e-14 
7371.4 1.9980792e-14 
7372.9 2.0641938e-14 
7374.4 2.0097131e-14 
7375.8 2.0132945e-14 
7377.3 2.0085296e-14 
7378.7 2.0011409e-14 
7380.2 1.9827313e-14 
7381.7 1.9898667e-14 
7383.1 1.9740767e-14 
