#PI: Shappee 
#OBJECT: ASASSN-14lp 
#JD: 2457013.04269 
# 
#Angstrom    Flux(erg/s/cm**2/Angstrom) 
3959.8 1.0306036e-13 
3961.3 9.3379673e-14 
3962.8 9.41614e-14 
3964.3 9.400908e-14 
3965.8 9.3951511e-14 
3967.3 7.7271323e-14 
3968.8 7.2485454e-14 
3970.2 9.9960826e-14 
3971.7 9.8309944e-14 
3973.2 9.1354548e-14 
3974.7 9.5980974e-14 
3976.2 8.9385463e-14 
3977.7 9.4341901e-14 
3979.2 9.0686679e-14 
3980.7 8.2928934e-14 
3982.2 9.4953022e-14 
3983.7 8.6424017e-14 
3985.2 8.9239458e-14 
3986.7 9.2533515e-14 
3988.2 8.6681716e-14 
3989.6 9.1862029e-14 
3991.1 8.8367953e-14 
3992.6 9.3211913e-14 
3994.1 8.8737721e-14 
3995.6 8.6105739e-14 
3997.1 9.5762346e-14 
3998.6 9.9373698e-14 
4000.1 9.1659176e-14 
4001.6 9.5589912e-14 
4003.1 9.3162263e-14 
4004.6 9.6755565e-14 
4006.1 9.1414753e-14 
4007.6 1.002555e-13 
4009.0 9.6564136e-14 
4010.5 9.8885013e-14 
4012.0 9.7096865e-14 
4013.5 9.8576246e-14 
4015.0 1.0077055e-13 
4016.5 1.0287297e-13 
4018.0 9.8817685e-14 
4019.5 9.9563573e-14 
4021.0 9.606665e-14 
4022.5 1.009528e-13 
4024.0 1.0255004e-13 
4025.5 9.8189186e-14 
4027.0 1.0127173e-13 
4028.5 1.0300392e-13 
4029.9 1.016937e-13 
4031.4 9.7028468e-14 
4032.9 1.0741885e-13 
4034.4 1.0146593e-13 
4035.9 1.0022075e-13 
4037.4 1.0042424e-13 
4038.9 1.0422382e-13 
4040.4 1.0545143e-13 
4041.9 9.9358035e-14 
4043.4 1.0480645e-13 
4044.9 1.0539457e-13 
4046.4 1.0395083e-13 
4047.9 1.0381685e-13 
4049.3 1.0525327e-13 
4050.8 1.060876e-13 
4052.3 1.0793545e-13 
4053.8 1.0842074e-13 
4055.3 1.0268201e-13 
4056.8 1.0595209e-13 
4058.3 1.0926559e-13 
4059.8 1.0292086e-13 
4061.3 1.0376788e-13 
4062.8 1.1119729e-13 
4064.3 1.0144288e-13 
4065.8 1.0579479e-13 
4067.3 1.0535217e-13 
4068.7 1.009463e-13 
4070.2 9.4056318e-14 
4071.7 1.0995891e-13 
4073.2 1.0623554e-13 
4074.7 9.5169251e-14 
4076.2 1.0070773e-13 
4077.7 1.0433392e-13 
4079.2 1.0434085e-13 
4080.7 1.0717381e-13 
4082.2 9.9899925e-14 
4083.7 1.023944e-13 
4085.2 1.0362179e-13 
4086.7 1.060603e-13 
4088.1 1.0191964e-13 
4089.6 1.0841935e-13 
4091.1 1.0183313e-13 
4092.6 1.0235818e-13 
4094.1 1.0126805e-13 
4095.6 9.6083308e-14 
4097.1 9.8886617e-14 
4098.6 9.6779731e-14 
4100.1 9.5894589e-14 
4101.6 9.8822608e-14 
4103.1 9.6227946e-14 
4104.6 9.851711e-14 
4106.1 9.6105025e-14 
4107.5 9.5833428e-14 
4109.0 9.6451447e-14 
4110.5 9.0340929e-14 
4112.0 9.0374307e-14 
4113.5 8.896515e-14 
4115.0 9.864831e-14 
4116.5 9.2222697e-14 
4118.0 8.7746888e-14 
4119.5 9.0656608e-14 
4121.0 9.2327492e-14 
4122.5 9.2455857e-14 
4124.0 9.359988e-14 
4125.5 8.8827947e-14 
4126.9 8.9771976e-14 
4128.4 9.1447136e-14 
4129.9 8.792821e-14 
4131.4 9.1252662e-14 
4132.9 8.9320348e-14 
4134.4 9.1368086e-14 
4135.9 8.838527e-14 
4137.4 9.153418e-14 
4138.9 9.3523565e-14 
4140.4 9.304071e-14 
4141.9 8.9993053e-14 
4143.4 8.6725599e-14 
4144.9 9.1005155e-14 
4146.3 8.8682588e-14 
4147.8 9.1603757e-14 
4149.3 9.140702e-14 
4150.8 9.3383228e-14 
4152.3 9.1272601e-14 
4153.8 9.5398421e-14 
4155.3 8.9474023e-14 
4156.8 9.2029428e-14 
4158.3 8.9295312e-14 
4159.8 8.9335216e-14 
4161.3 9.0445177e-14 
4162.8 8.5036428e-14 
4164.3 8.7468241e-14 
4165.8 8.7626442e-14 
4167.2 8.7411232e-14 
4168.7 8.7868341e-14 
4170.2 8.5179102e-14 
4171.7 8.7691246e-14 
4173.2 8.230665e-14 
4174.7 8.3433518e-14 
4176.2 8.1675155e-14 
4177.7 7.8816254e-14 
4179.2 8.2236849e-14 
4180.7 8.3795168e-14 
4182.2 7.9619599e-14 
4183.7 7.5701878e-14 
4185.2 7.7206905e-14 
4186.6 7.7072635e-14 
4188.1 7.7138234e-14 
4189.6 7.4916459e-14 
4191.1 7.6973247e-14 
4192.6 7.1618524e-14 
4194.1 7.3169882e-14 
4195.6 7.2704878e-14 
4197.1 7.2135502e-14 
4198.6 7.3529356e-14 
4200.1 7.4850425e-14 
4201.6 6.9343108e-14 
4203.1 6.8703147e-14 
4204.6 7.0729528e-14 
4206.0 6.8062627e-14 
4207.5 6.5179162e-14 
4209.0 6.7910444e-14 
4210.5 6.592679e-14 
4212.0 6.7465169e-14 
4213.5 6.6061805e-14 
4215.0 6.3596552e-14 
4216.5 6.5248155e-14 
4218.0 6.1768525e-14 
4219.5 6.1905977e-14 
4221.0 6.1829711e-14 
4222.5 6.2325942e-14 
4224.0 6.363356e-14 
4225.4 6.0925201e-14 
4226.9 5.8843439e-14 
4228.4 5.9954147e-14 
4229.9 6.0353165e-14 
4231.4 5.8833631e-14 
4232.9 5.7000457e-14 
4234.4 5.80188e-14 
4235.9 5.5585495e-14 
4237.4 5.8376559e-14 
4238.9 5.7284847e-14 
4240.4 5.5004831e-14 
4241.9 5.5006286e-14 
4243.4 5.4555218e-14 
4244.8 5.5701926e-14 
4246.3 5.3361992e-14 
4247.8 5.0954581e-14 
4249.3 5.5060362e-14 
4250.8 5.2364757e-14 
4252.3 5.221383e-14 
4253.8 4.8729003e-14 
4255.3 5.0150093e-14 
4256.8 5.1693557e-14 
4258.3 4.948849e-14 
4259.8 4.6987969e-14 
4261.3 5.0021194e-14 
4262.8 4.73778e-14 
4264.2 4.8011981e-14 
4265.7 4.9537618e-14 
4267.2 4.8941167e-14 
4268.7 5.082685e-14 
4270.2 5.0413499e-14 
4271.7 4.9997661e-14 
4273.2 5.1613798e-14 
4274.7 4.9927611e-14 
4276.2 4.8917112e-14 
4277.7 5.0484009e-14 
4279.2 5.0614226e-14 
4280.7 4.9865791e-14 
4282.2 4.9586436e-14 
4283.6 5.2087528e-14 
4285.1 4.8026538e-14 
4286.6 4.9322843e-14 
4288.1 5.1840532e-14 
4289.6 5.147468e-14 
4291.1 5.2737148e-14 
4292.6 5.209541e-14 
4294.1 5.8235526e-14 
4295.6 5.4821296e-14 
4297.1 5.4968408e-14 
4298.6 5.2789073e-14 
4300.1 5.6647907e-14 
4301.6 5.3739368e-14 
4303.1 5.7633394e-14 
4304.5 5.8376596e-14 
4306.0 5.8660165e-14 
4307.5 5.7146897e-14 
4309.0 6.0332604e-14 
4310.5 6.0955297e-14 
4312.0 5.837636e-14 
4313.5 5.9231419e-14 
4315.0 5.9549994e-14 
4316.5 6.1883166e-14 
4318.0 6.2116811e-14 
4319.5 6.2869026e-14 
4321.0 6.3057794e-14 
4322.5 6.4959464e-14 
4323.9 6.7192987e-14 
4325.4 6.6131943e-14 
4326.9 6.7120252e-14 
4328.4 6.7496123e-14 
4329.9 6.6061134e-14 
4331.4 6.5844346e-14 
4332.9 7.0763552e-14 
4334.4 7.0195643e-14 
4335.9 7.0661902e-14 
4337.4 7.1652847e-14 
4338.9 7.0661827e-14 
4340.4 7.1268261e-14 
4341.9 7.4457498e-14 
4343.3 7.5534119e-14 
4344.8 7.5633805e-14 
4346.3 7.089863e-14 
4347.8 7.5131247e-14 
4349.3 7.517411e-14 
4350.8 7.6430325e-14 
4352.3 7.6677147e-14 
4353.8 7.4494941e-14 
4355.3 7.7175914e-14 
4356.8 7.8433396e-14 
4358.3 8.0045804e-14 
4359.8 8.1816001e-14 
4361.3 8.1503629e-14 
4362.7 7.9324941e-14 
4364.2 8.1100906e-14 
4365.7 8.4312358e-14 
4367.2 8.1757313e-14 
4368.7 7.9532505e-14 
4370.2 7.8769537e-14 
4371.7 8.025803e-14 
4373.2 7.727417e-14 
4374.7 7.7338029e-14 
4376.2 7.9557418e-14 
4377.7 8.0188651e-14 
4379.2 7.7814942e-14 
4380.7 7.5437403e-14 
4382.1 7.7107318e-14 
4383.6 7.5734386e-14 
4385.1 7.4904277e-14 
4386.6 7.2576948e-14 
4388.1 7.4290161e-14 
4389.6 7.1593239e-14 
4391.1 7.2499427e-14 
4392.6 7.2117315e-14 
4394.1 7.2843686e-14 
4395.6 7.219056e-14 
4397.1 7.2163808e-14 
4398.6 7.1002444e-14 
4400.1 6.9365982e-14 
4401.5 6.9982397e-14 
4403.0 7.0129447e-14 
4404.5 6.8601621e-14 
4406.0 6.9448823e-14 
4407.5 7.0527881e-14 
4409.0 6.875828e-14 
4410.5 6.8717978e-14 
4412.0 6.9558877e-14 
4413.5 6.8170941e-14 
4415.0 7.0079361e-14 
4416.5 7.0039979e-14 
4418.0 6.740489e-14 
4419.5 7.0824267e-14 
4420.9 6.9351238e-14 
4422.4 7.1317141e-14 
4423.9 7.2562143e-14 
4425.4 7.0377848e-14 
4426.9 7.239135e-14 
4428.4 7.227595e-14 
4429.9 7.4577335e-14 
4431.4 7.4159036e-14 
4432.9 7.6036229e-14 
4434.4 7.668872e-14 
4435.9 7.5816121e-14 
4437.4 7.7564949e-14 
4438.9 7.906202e-14 
4440.3 8.075262e-14 
4441.8 7.9990584e-14 
4443.3 8.0961527e-14 
4444.8 8.1671936e-14 
4446.3 8.2029483e-14 
4447.8 8.0510496e-14 
4449.3 8.4291423e-14 
4450.8 8.1675764e-14 
4452.3 8.5014611e-14 
4453.8 8.2959888e-14 
4455.3 8.6882158e-14 
4456.8 8.3706869e-14 
4458.3 8.2727436e-14 
4459.8 8.5293345e-14 
4461.2 8.5888528e-14 
4462.7 8.6286403e-14 
4464.2 8.6390974e-14 
4465.7 8.6519203e-14 
4467.2 8.4035141e-14 
4468.7 8.4408563e-14 
4470.2 8.3451829e-14 
4471.7 8.7239705e-14 
4473.2 8.7205072e-14 
4474.7 8.6528228e-14 
4476.2 8.7162433e-14 
4477.7 8.463741e-14 
4479.2 8.6833539e-14 
4480.6 8.6507331e-14 
4482.1 8.7095217e-14 
4483.6 8.6731019e-14 
4485.1 8.8397975e-14 
4486.6 8.791655e-14 
4488.1 8.7363931e-14 
4489.6 8.6305224e-14 
4491.1 8.7987184e-14 
4492.6 8.8540859e-14 
4494.1 8.7828884e-14 
4495.6 8.886171e-14 
4497.1 8.8703211e-14 
4498.6 8.8897611e-14 
4500.0 8.5808085e-14 
4501.5 8.6391012e-14 
4503.0 8.6090424e-14 
4504.5 8.8381615e-14 
4506.0 8.6623687e-14 
4507.5 8.4859668e-14 
4509.0 8.3779268e-14 
4510.5 8.6139378e-14 
4512.0 8.5704198e-14 
4513.5 8.4568417e-14 
4515.0 8.5816352e-14 
4516.5 8.6669223e-14 
4518.0 8.6355147e-14 
4519.4 8.5301139e-14 
4520.9 8.5882561e-14 
4522.4 8.5691729e-14 
4523.9 8.5719016e-14 
4525.4 8.3448436e-14 
4526.9 8.4616476e-14 
4528.4 8.0902678e-14 
4529.9 8.4693264e-14 
4531.4 8.4496651e-14 
4532.9 8.3893922e-14 
4534.4 8.3934858e-14 
4535.9 8.3040964e-14 
4537.4 8.3490006e-14 
4538.8 8.2767439e-14 
4540.3 8.2222553e-14 
4541.8 8.4843719e-14 
4543.3 8.3754431e-14 
4544.8 8.4459046e-14 
4546.3 8.4977504e-14 
4547.8 8.4367938e-14 
4549.3 8.3725914e-14 
4550.8 8.5105049e-14 
4552.3 8.3427576e-14 
4553.8 8.1396534e-14 
4555.3 8.2909044e-14 
4556.8 8.2993688e-14 
4558.2 8.43929e-14 
4559.7 8.3904799e-14 
4561.2 8.3290969e-14 
4562.7 8.2489651e-14 
4564.2 8.1016684e-14 
4565.7 8.1675416e-14 
4567.2 8.1983749e-14 
4568.7 8.3334665e-14 
4570.2 8.2942434e-14 
4571.7 8.3066945e-14 
4573.2 8.1292136e-14 
4574.7 8.2563903e-14 
4576.2 8.1491322e-14 
4577.6 8.0801276e-14 
4579.1 7.9575319e-14 
4580.6 7.9200032e-14 
4582.1 8.1442045e-14 
4583.6 8.237992e-14 
4585.1 8.0661188e-14 
4586.6 8.0647824e-14 
4588.1 8.0977315e-14 
4589.6 7.9400088e-14 
4591.1 7.9471629e-14 
4592.6 8.0971571e-14 
4594.1 7.9559866e-14 
4595.6 8.2007691e-14 
4597.1 8.0634386e-14 
4598.5 7.8462498e-14 
4600.0 8.1151738e-14 
4601.5 7.953897e-14 
4603.0 7.741115e-14 
4604.5 7.9723325e-14 
4606.0 7.7500754e-14 
4607.5 7.8522665e-14 
4609.0 7.7408017e-14 
4610.5 7.4804814e-14 
4612.0 7.4922054e-14 
4613.5 7.4898099e-14 
4615.0 7.4725217e-14 
4616.5 7.5618241e-14 
4617.9 7.5396069e-14 
4619.4 7.4038813e-14 
4620.9 7.2760583e-14 
4622.4 7.1740263e-14 
4623.9 6.998067e-14 
4625.4 7.0640334e-14 
4626.9 6.9749013e-14 
4628.4 6.8321185e-14 
4629.9 6.7859028e-14 
4631.4 6.7096794e-14 
4632.9 6.6080142e-14 
4634.4 6.6644669e-14 
4635.9 6.6311089e-14 
4637.3 6.6811708e-14 
4638.8 6.7011267e-14 
4640.3 6.5005895e-14 
4641.8 6.5066062e-14 
4643.3 6.3642834e-14 
4644.8 6.4100527e-14 
4646.3 6.4402942e-14 
4647.8 6.3794047e-14 
4649.3 6.4169645e-14 
4650.8 6.3514978e-14 
4652.3 6.3362422e-14 
4653.8 6.3118148e-14 
4655.3 6.2383946e-14 
4656.7 6.3359215e-14 
4658.2 6.2985444e-14 
4659.7 6.1952955e-14 
4661.2 6.3559967e-14 
4662.7 6.3054463e-14 
4664.2 6.2999144e-14 
4665.7 6.2179825e-14 
4667.2 6.4380715e-14 
4668.7 6.313759e-14 
4670.2 6.2545428e-14 
4671.7 6.4210034e-14 
4673.2 6.4495953e-14 
4674.7 6.320595e-14 
4676.1 6.3117004e-14 
4677.6 6.4304599e-14 
4679.1 6.3991195e-14 
4680.6 6.3505257e-14 
4682.1 6.3397702e-14 
4683.6 6.3342743e-14 
4685.1 6.2614993e-14 
4686.6 6.3169999e-14 
4688.1 6.3677964e-14 
4689.6 6.3615659e-14 
4691.1 6.3390877e-14 
4692.6 6.2960868e-14 
4694.1 6.1654095e-14 
4695.5 6.1233397e-14 
4697.0 6.3100869e-14 
4698.5 6.3161434e-14 
4700.0 6.2156491e-14 
4701.5 6.1053392e-14 
4703.0 6.0835e-14 
4704.5 6.1515337e-14 
4706.0 6.0343916e-14 
4707.5 6.1928353e-14 
4709.0 6.1608373e-14 
4710.5 5.8345158e-14 
4712.0 5.8531514e-14 
4713.5 5.8373899e-14 
4714.9 5.8233015e-14 
4716.4 5.847811e-14 
4717.9 5.8250469e-14 
4719.4 5.872042e-14 
4720.9 5.8296551e-14 
4722.4 5.7398294e-14 
4723.9 5.7257137e-14 
4725.4 5.8092679e-14 
4726.9 5.6644115e-14 
4728.4 5.5315439e-14 
4729.9 5.7289558e-14 
4731.4 5.481252e-14 
4732.9 5.667262e-14 
4734.4 5.5306314e-14 
4735.8 5.6758533e-14 
4737.3 5.6340209e-14 
4738.8 5.6833655e-14 
4740.3 5.6229769e-14 
4741.8 5.7170579e-14 
4743.3 5.7453651e-14 
4744.8 5.8287725e-14 
4746.3 5.7903028e-14 
4747.8 5.7713153e-14 
4749.3 5.8224264e-14 
4750.8 5.8914123e-14 
4752.3 5.909066e-14 
4753.8 5.9029809e-14 
4755.2 5.9466394e-14 
4756.7 5.9517636e-14 
4758.2 6.0423289e-14 
4759.7 6.0902328e-14 
4761.2 6.0716679e-14 
4762.7 6.1622855e-14 
4764.2 6.2243299e-14 
4765.7 6.3630116e-14 
4767.2 6.146882e-14 
4768.7 6.1123393e-14 
4770.2 6.0471249e-14 
4771.7 6.0310463e-14 
4773.2 6.070032e-14 
4774.6 6.2791604e-14 
4776.1 6.2325084e-14 
4777.6 6.1166927e-14 
4779.1 6.1463437e-14 
4780.6 6.0912447e-14 
4782.1 6.2335041e-14 
4783.6 6.127565e-14 
4785.1 6.0854293e-14 
4786.6 5.9369952e-14 
4788.1 5.965612e-14 
4789.6 5.8821113e-14 
4791.1 6.023789e-14 
4792.6 5.838541e-14 
4794.0 5.7980089e-14 
4795.5 5.7586043e-14 
4797.0 5.6176924e-14 
4798.5 5.8192278e-14 
4800.0 5.7944573e-14 
4801.5 5.6145038e-14 
4803.0 5.6195633e-14 
4804.5 5.5169409e-14 
4806.0 5.5726602e-14 
4807.5 5.5148114e-14 
4809.0 5.4416324e-14 
4810.5 5.4327826e-14 
4812.0 5.3785425e-14 
4813.4 5.3849508e-14 
4814.9 5.3746926e-14 
4816.4 5.2219983e-14 
4817.9 5.224896e-14 
4819.4 5.2482606e-14 
4820.9 5.1513204e-14 
4822.4 5.0200577e-14 
4823.9 5.0016047e-14 
4825.4 5.0019776e-14 
4826.9 4.9072553e-14 
4828.4 4.8598313e-14 
4829.9 4.9905061e-14 
4831.4 4.8918828e-14 
4832.8 4.7934161e-14 
4834.3 4.9562717e-14 
4835.8 4.8394503e-14 
4837.3 4.785485e-14 
4838.8 4.8305383e-14 
4840.3 4.6550004e-14 
4841.8 4.7798412e-14 
4843.3 4.8023753e-14 
4844.8 4.6337815e-14 
4846.3 4.7078344e-14 
4847.8 4.8055366e-14 
4849.3 4.7436352e-14 
4850.8 4.7201003e-14 
4852.2 4.6407827e-14 
4853.7 4.7092876e-14 
4855.2 4.6966587e-14 
4856.7 4.5743986e-14 
4858.2 4.7797952e-14 
4859.7 4.6550377e-14 
4861.2 4.5915376e-14 
4862.7 4.7079836e-14 
4864.2 4.6325893e-14 
4865.7 4.5882508e-14 
4867.2 4.6058659e-14 
4868.7 4.5641031e-14 
4870.2 4.5580491e-14 
4871.6 4.5639328e-14 
4873.1 4.6776725e-14 
4874.6 4.6002283e-14 
4876.1 4.4693521e-14 
4877.6 4.5234753e-14 
4879.1 4.5090264e-14 
4880.6 4.5192412e-14 
4882.1 4.5042242e-14 
4883.6 4.5509284e-14 
4885.1 4.4552849e-14 
4886.6 4.4932574e-14 
4888.1 4.5412321e-14 
4889.6 4.4496598e-14 
4891.1 4.536313e-14 
4892.5 4.5050919e-14 
4894.0 4.4208143e-14 
4895.5 4.5620556e-14 
4897.0 4.4769277e-14 
4898.5 4.5257999e-14 
4900.0 4.5451666e-14 
4901.5 4.4733724e-14 
4903.0 4.5059509e-14 
4904.5 4.6099247e-14 
4906.0 4.6328491e-14 
4907.5 4.69169e-14 
4909.0 4.6958631e-14 
4910.5 4.767405e-14 
4911.9 4.8045309e-14 
4913.4 4.7202445e-14 
4914.9 4.8048031e-14 
4916.4 4.5305685e-14 
4917.9 4.8429099e-14 
4919.4 4.6633032e-14 
4920.9 4.7571939e-14 
4922.4 4.6976383e-14 
4923.9 4.7862234e-14 
4925.4 4.6723494e-14 
4926.9 4.6823628e-14 
4928.4 4.5845065e-14 
4929.9 4.6713673e-14 
4931.3 4.5873159e-14 
4932.8 4.5826679e-14 
4934.3 4.8068804e-14 
4935.8 4.6387987e-14 
4937.3 4.650816e-14 
4938.8 4.7364064e-14 
4940.3 4.6912076e-14 
4941.8 4.6487686e-14 
4943.3 4.6582636e-14 
4944.8 4.5913263e-14 
4946.3 4.5153776e-14 
4947.8 4.5929187e-14 
4949.3 4.6926882e-14 
4950.7 4.6130772e-14 
4952.2 4.5517924e-14 
4953.7 4.5784127e-14 
4955.2 4.5327627e-14 
4956.7 4.669842e-14 
4958.2 4.5270654e-14 
4959.7 4.5713082e-14 
4961.2 4.6063842e-14 
4962.7 4.6851872e-14 
4964.2 4.5864296e-14 
4965.7 4.6425045e-14 
4967.2 4.7006554e-14 
4968.7 4.828732e-14 
4970.1 4.8617233e-14 
4971.6 4.8496774e-14 
4973.1 4.8557675e-14 
4974.6 4.7801843e-14 
4976.1 4.7945822e-14 
4977.6 4.8520618e-14 
4979.1 4.8538046e-14 
4980.6 4.9088241e-14 
4982.1 5.0126511e-14 
4983.6 5.0962326e-14 
4985.1 4.9207457e-14 
4986.6 5.0247803e-14 
4988.1 5.0235906e-14 
4989.5 4.9641792e-14 
4991.0 4.9522502e-14 
4992.5 5.0630859e-14 
4994.0 5.1980968e-14 
4995.5 5.0227366e-14 
4997.0 5.0770164e-14 
4998.5 5.1865531e-14 
5000.0 5.1402479e-14 
5001.5 5.1811405e-14 
5003.0 5.1810684e-14 
5004.5 5.1737004e-14 
5006.0 5.2631321e-14 
5007.5 5.2295578e-14 
5008.9 5.1520042e-14 
5010.4 5.243661e-14 
5011.9 5.4052946e-14 
5013.4 5.37064e-14 
5014.9 5.3896001e-14 
5016.4 5.4600331e-14 
5017.9 5.5308216e-14 
5019.4 5.670918e-14 
5020.9 5.6186285e-14 
5022.4 5.637437e-14 
5023.9 5.6820502e-14 
5025.4 5.6183513e-14 
5026.9 5.7587883e-14 
5028.4 5.7051288e-14 
5029.8 5.8141646e-14 
5031.3 5.7721134e-14 
5032.8 5.7946699e-14 
5034.3 5.7853464e-14 
5035.8 5.872768e-14 
5037.3 5.8973657e-14 
5038.8 5.9116293e-14 
5040.3 5.924784e-14 
5041.8 6.1305846e-14 
5043.3 6.0938329e-14 
5044.8 6.0151965e-14 
5046.3 6.0683388e-14 
5047.8 6.1228113e-14 
5049.2 6.2688188e-14 
5050.7 6.2046264e-14 
5052.2 6.2428276e-14 
5053.7 6.3674968e-14 
5055.2 6.344151e-14 
5056.7 6.331844e-14 
5058.2 6.3759886e-14 
5059.7 6.3652493e-14 
5061.2 6.4611688e-14 
5062.7 6.6039243e-14 
5064.2 6.6600451e-14 
5065.7 6.6767689e-14 
5067.2 6.6966875e-14 
5068.6 6.7854466e-14 
5070.1 6.6577491e-14 
5071.6 6.7958677e-14 
5073.1 6.7328077e-14 
5074.6 6.8234962e-14 
5076.1 6.7578169e-14 
5077.6 6.9733884e-14 
5079.1 6.8777959e-14 
5080.6 6.8689187e-14 
5082.1 6.9308412e-14 
5083.6 6.9344575e-14 
5085.1 6.9159623e-14 
5086.6 7.0047438e-14 
5088.0 6.9188252e-14 
5089.5 6.8962327e-14 
5091.0 7.0434249e-14 
5092.5 6.8914802e-14 
5094.0 6.9905249e-14 
5095.5 6.9994891e-14 
5097.0 6.8769667e-14 
5098.5 6.9320993e-14 
5100.0 6.8974024e-14 
5101.5 6.942416e-14 
5103.0 7.0269162e-14 
5104.5 6.8157664e-14 
5106.0 6.8500866e-14 
5107.4 6.7748639e-14 
5108.9 6.7228254e-14 
5110.4 6.758533e-14 
5111.9 6.7246155e-14 
5113.4 6.671825e-14 
5114.9 6.7340844e-14 
5116.4 6.7279956e-14 
5117.9 6.8711812e-14 
5119.4 6.7438168e-14 
5120.9 6.6718909e-14 
5122.4 6.8238045e-14 
5123.9 6.7437162e-14 
5125.4 6.7149515e-14 
5126.8 6.666589e-14 
5128.3 6.7063242e-14 
5129.8 6.6718399e-14 
5131.3 6.6581792e-14 
5132.8 6.7444894e-14 
5134.3 6.687819e-14 
5135.8 6.79094e-14 
5137.3 6.7331173e-14 
5138.8 6.7293966e-14 
5140.3 6.6882753e-14 
5141.8 6.7150447e-14 
5143.3 6.8064281e-14 
5144.8 6.8054634e-14 
5146.2 6.737462e-14 
5147.7 6.9909588e-14 
5149.2 6.8620654e-14 
5150.7 6.8341945e-14 
5152.2 6.8926848e-14 
5153.7 6.925328e-14 
5155.2 6.8573079e-14 
5156.7 7.0311962e-14 
5158.2 6.8162525e-14 
5159.7 6.8313527e-14 
5161.2 6.9396227e-14 
5162.7 6.9274351e-14 
5164.2 6.9752109e-14 
5165.7 6.8459047e-14 
5167.1 6.931203e-14 
5168.6 6.8923454e-14 
5170.1 6.9381869e-14 
5171.6 6.9718669e-14 
5173.1 6.9128992e-14 
5174.6 6.9481841e-14 
5176.1 7.0510576e-14 
5177.6 7.0182889e-14 
5179.1 6.9966436e-14 
5180.6 7.0126414e-14 
5182.1 6.9964434e-14 
5183.6 6.9644802e-14 
5185.1 6.8828703e-14 
5186.5 7.013841e-14 
5188.0 6.9622811e-14 
5189.5 6.8926922e-14 
5191.0 6.8421977e-14 
5192.5 6.6854621e-14 
5194.0 6.8463697e-14 
5195.5 6.7753761e-14 
5197.0 6.7565216e-14 
5198.5 6.6788536e-14 
5200.0 6.6247193e-14 
5201.5 6.5385185e-14 
5203.0 6.5730562e-14 
5204.5 6.5746002e-14 
5205.9 6.5916981e-14 
5207.4 6.3489793e-14 
5208.9 6.2732406e-14 
5210.4 6.1828431e-14 
5211.9 6.181948e-14 
5213.4 6.2097368e-14 
5214.9 6.0812027e-14 
5216.4 5.9684264e-14 
5217.9 5.9193093e-14 
5219.4 5.8344549e-14 
5220.9 5.7728642e-14 
5222.4 5.7695824e-14 
5223.9 5.7784745e-14 
5225.3 5.5938828e-14 
5226.8 5.6673975e-14 
5228.3 5.6249809e-14 
5229.8 5.6565873e-14 
5231.3 5.562039e-14 
5232.8 5.3860734e-14 
5234.3 5.3627586e-14 
5235.8 5.2528328e-14 
5237.3 5.28068e-14 
5238.8 5.277842e-14 
5240.3 5.1884215e-14 
5241.8 5.214736e-14 
5243.3 5.0854125e-14 
5244.7 5.0260023e-14 
5246.2 5.0783975e-14 
5247.7 4.9963165e-14 
5249.2 5.0836646e-14 
5250.7 4.9897913e-14 
5252.2 5.0073529e-14 
5253.7 4.9539135e-14 
5255.2 4.9366502e-14 
5256.7 5.0239909e-14 
5258.2 4.9577236e-14 
5259.7 4.8873963e-14 
5261.2 4.8927704e-14 
5262.7 4.9425389e-14 
5264.1 4.9319785e-14 
5265.6 4.8224816e-14 
5267.1 4.910685e-14 
5268.6 4.8188629e-14 
5270.1 4.8422983e-14 
5271.6 4.8606791e-14 
5273.1 4.819155e-14 
5274.6 4.7925335e-14 
5276.1 4.8376378e-14 
5277.6 4.81803e-14 
5279.1 4.7798399e-14 
5280.6 4.790675e-14 
5282.1 4.812743e-14 
5283.5 4.8002694e-14 
5285.0 4.7846881e-14 
5286.5 4.8269382e-14 
5288.0 4.7302306e-14 
5289.5 4.729691e-14 
5291.0 4.871273e-14 
5292.5 4.7190163e-14 
5294.0 4.7828769e-14 
5295.5 4.8053302e-14 
5297.0 4.8775968e-14 
5298.5 4.8942298e-14 
5300.0 4.8090633e-14 
5301.5 4.8741372e-14 
5302.9 4.9523223e-14 
5304.4 4.9768877e-14 
5305.9 4.980586e-14 
5307.4 4.9976553e-14 
5308.9 5.0566192e-14 
5310.4 5.0236403e-14 
5311.9 5.103884e-14 
5313.4 5.1152102e-14 
5314.9 5.1814426e-14 
5316.4 5.1890592e-14 
5317.9 5.1491325e-14 
5319.4 5.2145719e-14 
5320.9 5.2003829e-14 
5322.4 5.2386002e-14 
5323.8 5.3390087e-14 
5325.3 5.2737011e-14 
5326.8 5.3587793e-14 
5328.3 5.3722846e-14 
5329.8 5.2861e-14 
5331.3 5.344972e-14 
5332.8 5.3017174e-14 
5334.3 5.3704771e-14 
5335.8 5.3245275e-14 
5337.3 5.3497953e-14 
5338.8 5.3082401e-14 
5340.3 5.2467004e-14 
5341.8 5.3458297e-14 
5343.2 5.3871698e-14 
5344.7 5.3440558e-14 
5346.2 5.3561464e-14 
5347.7 5.3967034e-14 
5349.2 5.3672786e-14 
5350.7 5.4152495e-14 
5352.2 5.3803389e-14 
5353.7 5.3750817e-14 
5355.2 5.3782827e-14 
5356.7 5.2739945e-14 
5358.2 5.3660168e-14 
5359.7 5.3459142e-14 
5361.2 5.344277e-14 
5362.6 5.3597738e-14 
5364.1 5.4378297e-14 
5365.6 5.3229662e-14 
5367.1 5.3933158e-14 
5368.6 5.3590901e-14 
5370.1 5.2676769e-14 
5371.6 5.3166859e-14 
5373.1 5.3423229e-14 
5374.6 5.2726594e-14 
5376.1 5.2685347e-14 
5377.6 5.2544986e-14 
5379.1 5.2343923e-14 
5380.6 5.2839731e-14 
5382.0 5.276078e-14 
5383.5 5.2122323e-14 
5385.0 5.1454206e-14 
5386.5 5.1534673e-14 
5388.0 5.1930621e-14 
5389.5 5.1127189e-14 
5391.0 5.1184647e-14 
5392.5 5.0963619e-14 
5394.0 5.0547446e-14 
5395.5 5.0432171e-14 
5397.0 5.0075294e-14 
5398.5 4.8823915e-14 
5400.0 4.983552e-14 
5401.4 4.9750379e-14 
5402.9 4.8881932e-14 
5404.4 4.9012149e-14 
5405.9 4.8371965e-14 
5407.4 4.7716167e-14 
5408.9 4.7181126e-14 
5410.4 4.7220495e-14 
5411.9 4.6472482e-14 
5413.4 4.5922797e-14 
5414.9 4.6150277e-14 
5416.4 4.5934644e-14 
5417.9 4.4916823e-14 
5419.4 4.4887647e-14 
5420.8 4.4308674e-14 
5422.3 4.4463095e-14 
5423.8 4.4484092e-14 
5425.3 4.4120788e-14 
5426.8 4.4074519e-14 
5428.3 4.436152e-14 
5429.8 4.4165703e-14 
5431.3 4.4258775e-14 
5432.8 4.4757716e-14 
5434.3 4.4716705e-14 
5435.8 4.4126457e-14 
5437.3 4.4340038e-14 
5438.8 4.4636126e-14 
5440.2 4.5274893e-14 
5441.7 4.4918278e-14 
5443.2 4.4547255e-14 
5444.7 4.4907997e-14 
5446.2 4.5980789e-14 
5447.7 4.5846146e-14 
5449.2 4.5884037e-14 
5450.7 4.6350992e-14 
5452.2 4.7080358e-14 
5453.7 4.7269524e-14 
5455.2 4.7563113e-14 
5456.7 4.7860941e-14 
5458.2 4.820607e-14 
5459.7 4.8411509e-14 
5461.1 4.8181655e-14 
5462.6 4.8735007e-14 
5464.1 4.9076804e-14 
5465.6 4.9486874e-14 
5467.1 4.9441624e-14 
5468.6 4.9997114e-14 
5470.1 5.0451016e-14 
5471.6 5.1389787e-14 
5473.1 5.0212473e-14 
5474.6 5.0904372e-14 
5476.1 5.1182558e-14 
5477.6 5.1577648e-14 
5479.1 5.2062989e-14 
5480.5 5.2361948e-14 
5482.0 5.2882208e-14 
5483.5 5.248089e-14 
5485.0 5.3040744e-14 
5486.5 5.3407491e-14 
5488.0 5.3750991e-14 
5489.5 5.4109993e-14 
5491.0 5.4829439e-14 
5492.5 5.3875552e-14 
5494.0 5.5505065e-14 
5495.5 5.5754324e-14 
5497.0 5.5899869e-14 
5498.5 5.6972188e-14 
5499.9 5.5981231e-14 
5501.4 5.6483118e-14 
5502.9 5.60253e-14 
5504.4 5.6224411e-14 
5505.9 5.6111374e-14 
5507.4 5.7490708e-14 
5508.9 5.5822497e-14 
5510.4 5.7645763e-14 
5511.9 5.7900455e-14 
5513.4 5.8617427e-14 
5514.9 5.7671421e-14 
5516.4 5.8152884e-14 
5517.9 5.7524173e-14 
5519.3 5.714497e-14 
5520.8 5.7281043e-14 
5522.3 5.7062825e-14 
5523.8 5.6364897e-14 
5525.3 5.6284069e-14 
5526.8 5.5955449e-14 
5528.3 5.5908074e-14 
5529.8 5.5549643e-14 
5531.3 5.5721195e-14 
5532.8 5.5249217e-14 
5534.3 5.4864682e-14 
5535.8 5.4466708e-14 
5537.3 5.5656602e-14 
5538.7 5.4856315e-14 
5540.2 5.5018381e-14 
5541.7 5.5141078e-14 
5543.2 5.4326955e-14 
5544.7 5.5041267e-14 
5546.2 5.5616523e-14 
5547.7 5.5179391e-14 
5549.2 5.6027239e-14 
5550.7 5.5972716e-14 
5552.2 5.6959409e-14 
5553.7 5.7195304e-14 
5555.2 5.7343336e-14 
5556.7 5.7858512e-14 
5558.1 5.8157583e-14 
5559.6 5.7940521e-14 
5561.1 5.8055957e-14 
5562.6 5.8459314e-14 
5564.1 5.8414014e-14 
5565.6 5.749542e-14 
5567.1 5.7886096e-14 
5568.6 5.8204647e-14 
5570.1 5.9777561e-14 
5571.6 5.9010366e-14 
5573.1 5.827957e-14 
5574.6 5.8770505e-14 
5576.1 5.8734554e-14 
5577.5 5.8380748e-14 
5579.0 5.8715497e-14 
5580.5 5.8191458e-14 
5582.0 5.7814455e-14 
5583.5 5.8382427e-14 
5585.0 5.7685953e-14 
5586.5 5.9070509e-14 
5588.0 5.793341e-14 
5589.5 5.8495961e-14 
5591.0 5.8026681e-14 
5592.5 5.9072846e-14 
5594.0 5.8202161e-14 
5595.5 5.8282765e-14 
5596.9 5.8198345e-14 
5598.4 5.8027738e-14 
5599.9 5.710391e-14 
5601.4 5.8579623e-14 
5602.9 5.8308871e-14 
5604.4 5.8259469e-14 
5605.9 5.887279e-14 
5607.4 5.8233003e-14 
5608.9 5.8360585e-14 
5610.4 5.8012671e-14 
5611.9 5.8045465e-14 
5613.4 5.8270533e-14 
5614.9 5.8562083e-14 
5616.4 5.8371922e-14 
5617.8 5.8353263e-14 
5619.3 5.8237963e-14 
5620.8 5.7661029e-14 
5622.3 5.887903e-14 
5623.8 5.8721352e-14 
5625.3 5.7908808e-14 
5626.8 5.7522035e-14 
5628.3 5.7914651e-14 
5629.8 5.8327915e-14 
5631.3 5.8429442e-14 
5632.8 5.7598052e-14 
5634.3 5.8083082e-14 
5635.8 5.763823e-14 
5637.2 5.8235116e-14 
5638.7 5.8147737e-14 
5640.2 5.7415014e-14 
5641.7 5.7859344e-14 
5643.2 5.8318132e-14 
5644.7 5.8380972e-14 
5646.2 5.8497242e-14 
5647.7 5.8544853e-14 
5649.2 5.8544953e-14 
5650.7 5.8989954e-14 
5652.2 5.8074343e-14 
5653.7 5.8315497e-14 
5655.2 5.8494793e-14 
5656.6 5.7877507e-14 
5658.1 5.7880652e-14 
5659.6 5.8185068e-14 
5661.1 5.8415158e-14 
5662.6 5.8007189e-14 
5664.1 5.8843489e-14 
5665.6 5.8957931e-14 
5667.1 5.8066735e-14 
5668.6 5.7762169e-14 
5670.1 5.7672888e-14 
5671.6 5.8908828e-14 
5673.1 5.8137767e-14 
5674.6 5.8148644e-14 
5676.0 5.798715e-14 
5677.5 5.8567466e-14 
5679.0 5.8327891e-14 
5680.5 5.7563468e-14 
5682.0 5.7438733e-14 
5683.5 5.7436819e-14 
5685.0 5.7433624e-14 
5686.5 5.7413361e-14 
5688.0 5.6281023e-14 
5689.5 5.7881882e-14 
5691.0 5.71237e-14 
5692.5 5.7078413e-14 
5694.0 5.6371573e-14 
5695.4 5.5872085e-14 
5696.9 5.624634e-14 
5698.4 5.55937e-14 
5699.9 5.5957177e-14 
5701.4 5.5884243e-14 
5702.9 5.5756735e-14 
5704.4 5.5259075e-14 
5705.9 5.4995023e-14 
5707.4 5.4816063e-14 
5708.9 5.5402035e-14 
5710.4 5.4793997e-14 
5711.9 5.5258976e-14 
5713.4 5.4460256e-14 
5714.8 5.3950885e-14 
5716.3 5.3773889e-14 
5717.8 5.2911471e-14 
5719.3 5.4197285e-14 
5720.8 5.3695361e-14 
5722.3 5.3679213e-14 
5723.8 5.3362925e-14 
5725.3 5.4041397e-14 
5726.8 5.3565144e-14 
5728.3 5.375482e-14 
5729.8 5.3581155e-14 
5731.3 5.3105449e-14 
5732.8 5.315091e-14 
5734.2 5.261465e-14 
5735.7 5.3214844e-14 
5737.2 5.3063207e-14 
5738.7 5.2557964e-14 
5740.2 5.2355695e-14 
5741.7 5.2134282e-14 
5743.2 5.2548926e-14 
5744.7 5.1840296e-14 
5746.2 5.2163682e-14 
5747.7 5.274493e-14 
5749.2 5.1581278e-14 
5750.7 5.1687105e-14 
5752.2 5.2360829e-14 
5753.7 5.2134531e-14 
5755.1 5.2503565e-14 
5756.6 5.2643267e-14 
5758.1 5.1941573e-14 
5759.6 5.2839693e-14 
5761.1 5.275848e-14 
5762.6 5.2471965e-14 
5764.1 5.2390602e-14 
5765.6 5.2281207e-14 
5767.1 5.3940779e-14 
5768.6 5.2599323e-14 
5770.1 5.2662225e-14 
5771.6 5.1818466e-14 
5773.1 5.2269248e-14 
5774.5 5.1887944e-14 
5776.0 5.1634819e-14 
5777.5 5.0860029e-14 
5779.0 5.2146079e-14 
5780.5 5.3477429e-14 
5782.0 5.2824105e-14 
5783.5 5.2944762e-14 
5785.0 5.3321578e-14 
5786.5 5.2257302e-14 
5788.0 5.3020618e-14 
5789.5 5.3053088e-14 
5791.0 5.3009144e-14 
5792.5 5.2511372e-14 
5793.9 5.2704765e-14 
5795.4 5.2397613e-14 
5796.9 5.2660982e-14 
5798.4 5.3247911e-14 
5799.9 5.1935109e-14 
5801.4 5.312816e-14 
5802.9 5.3321814e-14 
5804.4 5.2661031e-14 
5805.9 5.2620232e-14 
5807.4 5.2242981e-14 
5808.9 5.2760506e-14 
5810.4 5.3151295e-14 
5811.9 5.2899475e-14 
5813.3 5.2447276e-14 
5814.8 5.2928751e-14 
5816.3 5.2486335e-14 
5817.8 5.2631147e-14 
5819.3 5.2529733e-14 
5820.8 5.2869441e-14 
5822.3 5.3197291e-14 
5823.8 5.2619287e-14 
5825.3 5.2053715e-14 
5826.8 5.2448656e-14 
5828.3 5.2609156e-14 
5829.8 5.3101433e-14 
5831.3 5.2610561e-14 
5832.7 5.2467514e-14 
5834.2 5.2952271e-14 
5835.7 5.3230482e-14 
5837.2 5.3171918e-14 
5838.7 5.2541343e-14 
5840.2 5.2791435e-14 
5841.7 5.2709004e-14 
5843.2 5.2750275e-14 
5844.7 5.2372353e-14 
5846.2 5.2981509e-14 
5847.7 5.3623608e-14 
5849.2 5.3160482e-14 
5850.7 5.3718968e-14 
5852.1 5.3021923e-14 
5853.6 5.2761153e-14 
5855.1 5.3022806e-14 
5856.6 5.1968051e-14 
5858.1 5.1725965e-14 
5859.6 5.187872e-14 
5861.1 5.3328204e-14 
5862.6 5.319928e-14 
5864.1 5.2609218e-14 
5865.6 5.3535769e-14 
5867.1 5.2896342e-14 
5868.6 5.363998e-14 
5870.1 5.3645897e-14 
5871.5 5.408109e-14 
5873.0 5.4360047e-14 
5874.5 5.4233522e-14 
5876.0 5.3760637e-14 
5877.5 5.3107599e-14 
5879.0 5.3805415e-14 
5880.5 5.4296735e-14 
5882.0 5.3680779e-14 
5883.5 4.9106018e-14 
5885.0 3.8554647e-14 
5886.5 3.2766384e-14 
5888.0 4.2856891e-14 
5889.5 4.9525821e-14 
5891.0 4.342127e-14 
5892.4 3.9138555e-14 
5893.9 4.6944857e-14 
5895.4 5.2872176e-14 
5896.9 5.3366032e-14 
5898.4 5.4007858e-14 
5899.9 5.4017355e-14 
5901.4 5.4142712e-14 
5902.9 5.4360644e-14 
5904.4 5.4486051e-14 
5905.9 5.4993432e-14 
5907.4 5.4494069e-14 
5908.9 5.372803e-14 
5910.4 5.2651907e-14 
5911.8 5.3156566e-14 
5913.3 5.3567033e-14 
5914.8 5.4391163e-14 
5916.3 5.4124053e-14 
5917.8 5.3582846e-14 
5919.3 5.4241876e-14 
5920.8 5.4633684e-14 
5922.3 5.5054532e-14 
5923.8 5.532107e-14 
5925.3 5.4155218e-14 
5926.8 5.4266453e-14 
5928.3 5.4329827e-14 
5929.8 5.4364187e-14 
5931.2 5.4653872e-14 
5932.7 5.4768078e-14 
5934.2 5.3719341e-14 
5935.7 5.3833224e-14 
5937.2 5.3770607e-14 
5938.7 5.3910533e-14 
5940.2 5.4355908e-14 
5941.7 5.4136521e-14 
5943.2 5.4834523e-14 
5944.7 5.3390224e-14 
5946.2 5.3360476e-14 
5947.7 5.4109545e-14 
5949.2 5.3144644e-14 
5950.6 5.4375338e-14 
5952.1 5.3165777e-14 
5953.6 5.3075439e-14 
5955.1 5.3406198e-14 
5956.6 5.2911683e-14 
5958.1 5.2201846e-14 
5959.6 5.1849694e-14 
5961.1 5.2137452e-14 
5962.6 5.2669348e-14 
5964.1 5.2085129e-14 
5965.6 5.1950784e-14 
5967.1 5.1755875e-14 
5968.6 5.178029e-14 
5970.0 5.201079e-14 
5971.5 5.1893601e-14 
5973.0 5.1169804e-14 
5974.5 5.1354781e-14 
5976.0 5.1114994e-14 
5977.5 5.0861919e-14 
5979.0 5.0929371e-14 
5980.5 5.086673e-14 
5982.0 5.1460471e-14 
5983.5 4.9641021e-14 
5985.0 5.0126076e-14 
5986.5 4.9771089e-14 
5988.0 5.0074051e-14 
5989.4 4.9002005e-14 
5990.9 4.9547178e-14 
5992.4 4.9263845e-14 
5993.9 4.9345083e-14 
5995.4 4.9340744e-14 
5996.9 4.8259338e-14 
5998.4 4.8532564e-14 
5999.9 4.8804137e-14 
6001.4 4.8080477e-14 
6002.9 4.8091304e-14 
6004.4 4.7725142e-14 
6005.9 4.7801408e-14 
6007.4 4.7929599e-14 
6008.8 4.7550781e-14 
6010.3 4.7733981e-14 
6011.8 4.7166444e-14 
6013.3 4.7195285e-14 
6014.8 4.7335373e-14 
6016.3 4.6611799e-14 
6017.8 4.6367923e-14 
6019.3 4.6612707e-14 
6020.8 4.5325824e-14 
6022.3 4.619815e-14 
6023.8 4.5906425e-14 
6025.3 4.5603923e-14 
6026.8 4.4117096e-14 
6028.2 4.4044324e-14 
6029.7 4.4521995e-14 
6031.2 4.3983423e-14 
6032.7 4.395549e-14 
6034.2 4.3266264e-14 
6035.7 4.32305e-14 
6037.2 4.331272e-14 
6038.7 4.3132057e-14 
6040.2 4.2389787e-14 
6041.7 4.1537103e-14 
6043.2 4.1982738e-14 
6044.7 4.1445609e-14 
6046.2 4.2051918e-14 
6047.7 4.1228882e-14 
6049.1 4.0472366e-14 
6050.6 4.0562319e-14 
6052.1 4.081205e-14 
6053.6 4.0537183e-14 
6055.1 3.932894e-14 
6056.6 3.937138e-14 
6058.1 3.8730624e-14 
6059.6 3.8883988e-14 
6061.1 3.7798144e-14 
6062.6 3.7800033e-14 
6064.1 3.7588528e-14 
6065.6 3.6452237e-14 
6067.1 3.6359537e-14 
6068.5 3.611044e-14 
6070.0 3.6003133e-14 
6071.5 3.4943432e-14 
6073.0 3.480092e-14 
6074.5 3.4743177e-14 
6076.0 3.4532057e-14 
6077.5 3.4301681e-14 
6079.0 3.3952549e-14 
6080.5 3.3638238e-14 
6082.0 3.349048e-14 
6083.5 3.3134996e-14 
6085.0 3.2444813e-14 
6086.5 3.1441288e-14 
6087.9 3.1718641e-14 
6089.4 3.0942298e-14 
6090.9 2.9974649e-14 
6092.4 2.9849653e-14 
6093.9 2.9432075e-14 
6095.4 2.9131189e-14 
6096.9 2.8883944e-14 
6098.4 2.8668921e-14 
6099.9 2.8905462e-14 
6101.4 2.7811997e-14 
6102.9 2.7878641e-14 
6104.4 2.7754204e-14 
6105.9 2.7820202e-14 
6107.3 2.7481077e-14 
6108.8 2.7779316e-14 
6110.3 2.7356206e-14 
6111.8 2.7341164e-14 
6113.3 2.7563522e-14 
6114.8 2.7136794e-14 
6116.3 2.7000175e-14 
6117.8 2.6569506e-14 
6119.3 2.6771887e-14 
6120.8 2.6684135e-14 
6122.3 2.7050733e-14 
6123.8 2.7310769e-14 
6125.3 2.7132257e-14 
6126.7 2.7223775e-14 
6128.2 2.7515176e-14 
6129.7 2.7119452e-14 
6131.2 2.7452013e-14 
6132.7 2.7982703e-14 
6134.2 2.753938e-14 
6135.7 2.8107177e-14 
6137.2 2.8048378e-14 
6138.7 2.8256029e-14 
6140.2 2.8468206e-14 
6141.7 2.8526247e-14 
6143.2 2.911468e-14 
6144.7 2.9192587e-14 
6146.1 2.9367072e-14 
6147.6 3.0038384e-14 
6149.1 3.083422e-14 
6150.6 3.0498204e-14 
6152.1 3.1248566e-14 
6153.6 3.1107608e-14 
6155.1 3.1637167e-14 
6156.6 3.1847951e-14 
6158.1 3.1907037e-14 
6159.6 3.2036235e-14 
6161.1 3.2446342e-14 
6162.6 3.2729737e-14 
6164.1 3.2979555e-14 
6165.5 3.307545e-14 
6167.0 3.2847647e-14 
6168.5 3.3879491e-14 
6170.0 3.4282201e-14 
6171.5 3.4476464e-14 
6173.0 3.4880517e-14 
6174.5 3.4969276e-14 
6176.0 3.4893035e-14 
6177.5 3.58171e-14 
6179.0 3.5637568e-14 
6180.5 3.5984586e-14 
6182.0 3.6599684e-14 
6183.5 3.6703485e-14 
6185.0 3.6543657e-14 
6186.4 3.6484944e-14 
6187.9 3.6864743e-14 
6189.4 3.7909043e-14 
6190.9 3.7852605e-14 
6192.4 3.8134048e-14 
6193.9 3.9023529e-14 
6195.4 3.8325216e-14 
6196.9 3.8353534e-14 
6198.4 3.8631485e-14 
6199.9 3.8485791e-14 
6201.4 3.8661979e-14 
6202.9 3.8694909e-14 
6204.4 3.9958533e-14 
6205.8 3.9724428e-14 
6207.3 4.0653974e-14 
6208.8 3.9868406e-14 
6210.3 4.0354841e-14 
6211.8 4.0574974e-14 
6213.3 4.0486824e-14 
6214.8 4.1158298e-14 
6216.3 4.0811404e-14 
6217.8 4.1332149e-14 
6219.3 4.183191e-14 
6220.8 4.1519587e-14 
6222.3 4.1377958e-14 
6223.8 4.1270838e-14 
6225.2 4.2372023e-14 
6226.7 4.1657599e-14 
6228.2 4.2151206e-14 
6229.7 4.2801945e-14 
6231.2 4.2425713e-14 
6232.7 4.2133492e-14 
6234.2 4.3289101e-14 
6235.7 4.3309376e-14 
6237.2 4.2557323e-14 
6238.7 4.3483662e-14 
6240.2 4.3315082e-14 
6241.7 4.355958e-14 
6243.2 4.2006283e-14 
6244.6 4.0221901e-14 
6246.1 4.0232294e-14 
6247.6 4.1351517e-14 
6249.1 4.1683717e-14 
6250.6 4.2965341e-14 
6252.1 4.3904758e-14 
6253.6 4.4085857e-14 
6255.1 4.3716276e-14 
6256.6 4.3880517e-14 
6258.1 4.376564e-14 
6259.6 4.3984728e-14 
6261.1 4.4038369e-14 
6262.6 4.3877335e-14 
6264.0 4.4322846e-14 
6265.5 4.3497486e-14 
6267.0 4.3632153e-14 
6268.5 4.3548466e-14 
6270.0 4.3481163e-14 
6271.5 4.3775448e-14 
6273.0 4.3454735e-14 
6274.5 4.4474495e-14 
6276.0 4.3826454e-14 
6277.5 4.3962564e-14 
6279.0 4.3985263e-14 
6280.5 4.3144351e-14 
6282.0 4.3145706e-14 
6283.4 4.4229898e-14 
6284.9 4.3750723e-14 
6286.4 4.472813e-14 
6287.9 4.4211238e-14 
6289.4 4.5455867e-14 
6290.9 4.4527875e-14 
6292.4 4.5480891e-14 
6293.9 4.4546907e-14 
6295.4 4.3901787e-14 
6296.9 4.455536e-14 
6298.4 4.4152911e-14 
6299.9 4.4421488e-14 
6301.4 4.5131934e-14 
6302.8 4.4349325e-14 
6304.3 4.4702198e-14 
6305.8 4.3596637e-14 
6307.3 4.4389701e-14 
6308.8 4.4478734e-14 
6310.3 4.5192909e-14 
6311.8 4.46409e-14 
6313.3 4.4465184e-14 
6314.8 4.4737528e-14 
6316.3 4.4731834e-14 
6317.8 4.5025212e-14 
6319.3 4.4159661e-14 
6320.8 4.3973739e-14 
6322.3 4.3594126e-14 
6323.7 4.3822215e-14 
6325.2 4.4341145e-14 
6326.7 4.3718526e-14 
6328.2 4.3581521e-14 
6329.7 4.4219045e-14 
6331.2 4.3683606e-14 
6332.7 4.3244932e-14 
6334.2 4.3784735e-14 
6335.7 4.3844715e-14 
6337.2 4.3355222e-14 
6338.7 4.3400248e-14 
6340.2 4.3439407e-14 
6341.7 4.3697405e-14 
6343.1 4.3197756e-14 
6344.6 4.2845492e-14 
6346.1 4.3061982e-14 
6347.6 4.306003e-14 
6349.1 4.3328868e-14 
6350.6 4.3603077e-14 
6352.1 4.301611e-14 
6353.6 4.3203611e-14 
6355.1 4.3970718e-14 
6356.6 4.3594872e-14 
6358.1 4.3319371e-14 
6359.6 4.3614538e-14 
6361.1 4.2912608e-14 
6362.5 4.2695869e-14 
6364.0 4.2712602e-14 
6365.5 4.2866563e-14 
6367.0 4.2833943e-14 
6368.5 4.300491e-14 
6370.0 4.3054088e-14 
6371.5 4.2904677e-14 
6373.0 4.2584833e-14 
6374.5 4.2454715e-14 
6376.0 4.2277359e-14 
6377.5 4.278924e-14 
6379.0 4.2769276e-14 
6380.5 4.2331758e-14 
6381.9 4.2119022e-14 
6383.4 4.1924249e-14 
6384.9 4.1947694e-14 
6386.4 4.1709648e-14 
6387.9 4.1723211e-14 
6389.4 4.2071858e-14 
6390.9 4.1508996e-14 
6392.4 4.1370511e-14 
6393.9 4.1511084e-14 
6395.4 4.0762288e-14 
6396.9 4.0859003e-14 
6398.4 4.1254292e-14 
6399.9 4.0846534e-14 
6401.3 4.1213542e-14 
6402.8 4.1156781e-14 
6404.3 4.0898087e-14 
6405.8 4.0338507e-14 
6407.3 4.0376571e-14 
6408.8 3.9956494e-14 
6410.3 4.0395703e-14 
6411.8 3.9730544e-14 
6413.3 3.9979368e-14 
6414.8 3.9472384e-14 
6416.3 4.0469234e-14 
6417.8 3.9598462e-14 
6419.3 3.9673808e-14 
6420.7 3.9950341e-14 
6422.2 3.9654353e-14 
6423.7 3.9828987e-14 
6425.2 3.9361622e-14 
6426.7 3.911383e-14 
6428.2 3.9447957e-14 
6429.7 3.9283044e-14 
6431.2 3.9391693e-14 
6432.7 3.8698439e-14 
6434.2 3.8305699e-14 
6435.7 3.8258299e-14 
6437.2 3.8435108e-14 
6438.7 3.8158961e-14 
6440.1 3.8246787e-14 
6441.6 3.7887785e-14 
6443.1 3.8437184e-14 
6444.6 3.8238309e-14 
6446.1 3.8237315e-14 
6447.6 3.7474595e-14 
6449.1 3.7557325e-14 
6450.6 3.7757667e-14 
6452.1 3.7377893e-14 
6453.6 3.7441789e-14 
6455.1 3.7254102e-14 
6456.6 3.715152e-14 
6458.1 3.6898631e-14 
6459.5 3.7037761e-14 
6461.0 3.7713263e-14 
6462.5 3.7082688e-14 
6464.0 3.778294e-14 
6465.5 3.789558e-14 
6467.0 3.7544248e-14 
6468.5 3.7949022e-14 
6470.0 3.7290128e-14 
6471.5 3.7628644e-14 
6473.0 3.7562584e-14 
6474.5 3.6728596e-14 
6476.0 3.7071985e-14 
6477.5 3.6545434e-14 
6479.0 3.6192312e-14 
6480.4 3.5680965e-14 
6481.9 3.5174305e-14 
6483.4 3.5194767e-14 
6484.9 3.5502627e-14 
6486.4 3.5503348e-14 
6487.9 3.5534674e-14 
6489.4 3.5537335e-14 
6490.9 3.5512659e-14 
6492.4 3.6202332e-14 
6493.9 3.5870815e-14 
6495.4 3.6149188e-14 
6496.9 3.5676602e-14 
6498.4 3.5093676e-14 
6499.8 3.5007477e-14 
6501.3 3.5021413e-14 
6502.8 3.5175324e-14 
6504.3 3.5354334e-14 
6505.8 3.5341269e-14 
6507.3 3.4778817e-14 
6508.8 3.4720079e-14 
6510.3 3.4261354e-14 
6511.8 3.4855679e-14 
6513.3 3.4459694e-14 
6514.8 3.4500805e-14 
6516.3 3.5304584e-14 
6517.8 3.4522336e-14 
6519.2 3.4088062e-14 
6520.7 3.4657463e-14 
6522.2 3.4262348e-14 
6523.7 3.4031102e-14 
6525.2 3.3809031e-14 
6526.7 3.4005854e-14 
6528.2 3.3207433e-14 
6529.7 3.3269527e-14 
6531.2 3.3453087e-14 
6532.7 3.4021829e-14 
6534.2 3.2770151e-14 
6535.7 3.4022761e-14 
6537.2 3.4129148e-14 
6538.6 3.3621493e-14 
6540.1 3.3237069e-14 
6541.6 3.3819684e-14 
6543.1 3.35365e-14 
6544.6 3.335294e-14 
6546.1 3.3105882e-14 
6547.6 3.3002044e-14 
6549.1 3.2876985e-14 
6550.6 3.3161325e-14 
6552.1 3.3157459e-14 
6553.6 3.3276352e-14 
6555.1 3.3546358e-14 
6556.6 3.4980278e-14 
6558.0 3.4416794e-14 
6559.5 3.4185585e-14 
6561.0 3.3184273e-14 
6562.5 3.3434315e-14 
6564.0 3.2803541e-14 
6565.5 3.3160343e-14 
6567.0 3.2218166e-14 
6568.5 3.2719158e-14 
6570.0 3.300233e-14 
6571.5 3.237848e-14 
6573.0 3.2555476e-14 
6574.5 3.2455715e-14 
6576.0 3.2728593e-14 
6577.4 3.327307e-14 
6578.9 3.3761667e-14 
6580.4 3.2761822e-14 
6581.9 3.2439306e-14 
6583.4 3.2335169e-14 
6584.9 3.2828068e-14 
6586.4 3.1948918e-14 
6587.9 3.218229e-14 
6589.4 3.1875623e-14 
6590.9 3.2002248e-14 
6592.4 3.1782488e-14 
6593.9 3.1746885e-14 
6595.4 3.2250338e-14 
6596.8 3.1856106e-14 
6598.3 3.1792856e-14 
6599.8 3.2053179e-14 
6601.3 3.2313763e-14 
6602.8 3.2252626e-14 
6604.3 3.2184602e-14 
6605.8 3.1925373e-14 
6607.3 3.1650556e-14 
6608.8 3.1152709e-14 
6610.3 3.0915409e-14 
6611.8 3.080446e-14 
6613.3 3.1275368e-14 
6614.8 3.1727194e-14 
6616.3 3.1729419e-14 
6617.7 3.1350664e-14 
6619.2 3.1880223e-14 
6620.7 3.1672807e-14 
6622.2 3.1735759e-14 
6623.7 3.1523645e-14 
6625.2 3.184186e-14 
6626.7 3.1613461e-14 
6628.2 3.1123757e-14 
6629.7 3.0873167e-14 
6631.2 3.1346052e-14 
6632.7 3.0960733e-14 
6634.2 3.0670091e-14 
6635.7 3.0197268e-14 
6637.1 3.0361261e-14 
6638.6 3.071636e-14 
6640.1 3.0760118e-14 
6641.6 3.079219e-14 
6643.1 3.1093337e-14 
6644.6 3.056987e-14 
6646.1 3.0419414e-14 
6647.6 3.0827831e-14 
6649.1 3.0368857e-14 
6650.6 3.0106172e-14 
6652.1 2.9756046e-14 
6653.6 2.9457721e-14 
6655.1 2.9718988e-14 
6656.5 3.0138468e-14 
6658.0 2.9803011e-14 
6659.5 3.0227986e-14 
6661.0 2.996315e-14 
6662.5 3.0079246e-14 
6664.0 2.9972275e-14 
6665.5 3.0004012e-14 
6667.0 2.9832958e-14 
6668.5 2.9327541e-14 
6670.0 2.9701659e-14 
6671.5 2.9514432e-14 
6673.0 2.9099924e-14 
6674.5 2.9238781e-14 
6675.9 2.9451691e-14 
6677.4 2.9455732e-14 
6678.9 2.9035655e-14 
6680.4 2.9388963e-14 
6681.9 2.9569415e-14 
6683.4 2.963765e-14 
6684.9 2.9654669e-14 
6686.4 2.9318801e-14 
6687.9 2.9306606e-14 
6689.4 2.8685491e-14 
6690.9 2.8823739e-14 
6692.4 2.8368669e-14 
6693.9 2.8389541e-14 
6695.3 2.8551532e-14 
6696.8 2.8762963e-14 
6698.3 2.8880587e-14 
6699.8 2.8252934e-14 
6701.3 2.8605248e-14 
6702.8 2.8802718e-14 
6704.3 2.8830166e-14 
6705.8 2.8406708e-14 
6707.3 2.8054432e-14 
6708.8 2.7712784e-14 
6710.3 2.8484242e-14 
6711.8 2.8092036e-14 
6713.3 2.7786513e-14 
6714.7 2.7841894e-14 
6716.2 2.794173e-14 
6717.7 2.830016e-14 
6719.2 2.8108495e-14 
6720.7 2.8160681e-14 
6722.2 2.8128385e-14 
6723.7 2.8033572e-14 
6725.2 2.7799827e-14 
6726.7 2.7595258e-14 
6728.2 2.7371595e-14 
6729.7 2.7614788e-14 
6731.2 2.7155578e-14 
6732.7 2.7369557e-14 
6734.1 2.7649297e-14 
6735.6 2.7276472e-14 
6737.1 2.7531884e-14 
6738.6 2.7902335e-14 
6740.1 2.7204482e-14 
6741.6 2.6638873e-14 
6743.1 2.6936514e-14 
6744.6 2.670262e-14 
6746.1 2.6608416e-14 
6747.6 2.6350232e-14 
6749.1 2.6665898e-14 
6750.6 2.6423439e-14 
6752.1 2.6781683e-14 
6753.6 2.6664146e-14 
6755.0 2.6930684e-14 
6756.5 2.7263879e-14 
6758.0 2.7110154e-14 
6759.5 2.675278e-14 
6761.0 2.682748e-14 
6762.5 2.6751699e-14 
6764.0 2.6406906e-14 
6765.5 2.5967163e-14 
6767.0 2.5503962e-14 
6768.5 2.5959194e-14 
6770.0 2.6538043e-14 
6771.5 2.6494931e-14 
6773.0 2.6630705e-14 
6774.4 2.6811692e-14 
6775.9 2.6870256e-14 
6777.4 2.6605197e-14 
6778.9 2.6093278e-14 
6780.4 2.6044299e-14 
6781.9 2.5898157e-14 
6783.4 2.5476041e-14 
6784.9 2.5639898e-14 
6786.4 2.5503166e-14 
6787.9 2.5317456e-14 
6789.4 2.6011219e-14 
6790.9 2.5696224e-14 
6792.4 2.6238624e-14 
6793.8 2.5915784e-14 
6795.3 2.5731466e-14 
6796.8 2.5557901e-14 
6798.3 2.5390862e-14 
6799.8 2.478341e-14 
6801.3 2.5128215e-14 
6802.8 2.5094253e-14 
6804.3 2.5136594e-14 
6805.8 2.5552854e-14 
6807.3 2.5761811e-14 
6808.8 2.5302066e-14 
6810.3 2.5465674e-14 
6811.8 2.5184491e-14 
6813.2 2.5429213e-14 
6814.7 2.4992242e-14 
6816.2 2.4941199e-14 
6817.7 2.4620585e-14 
6819.2 2.4762301e-14 
6820.7 2.5148913e-14 
6822.2 2.5181694e-14 
6823.7 2.5139702e-14 
6825.2 2.5402548e-14 
