# index Z=1 - Z=30
0 0.0 0.003199 0.0 0.0 0.0 1.033e-07 0.0 0.005000000913 0.0 5.944e-10 5.756e-13 0.0001 0.0 7.673966286638198e-10 7.363e-10 0.0001 8.378e-09 2.519e-07 4.828e-08 1.1002975118064027e-06 6.875e-12 1.9051183934810756e-05 5.410941748411487e-06 6.029e-05 0.002099666511120398 0.10823741837356371 0.3196281564371972 0.46761432451225465 0.0 0.0
1 0.0 0.00604 0.0 0.0 0.0 2.338e-07 0.0 0.005000002228 0.0 1.723e-09 1.392e-12 0.0001 0.0 2.015672804110426e-09 1.952e-09 0.0001 2.327e-08 4.326e-07 1.462e-07 7.685700981972764e-07 1.128e-12 7.981036256122096e-05 9.316899698752508e-06 5.042e-08 2.8557276561171497e-06 0.11757286212755064 0.3462680924533542 0.3954157328018678 0.0 0.0
2 0.0 0.007337 0.0 0.0 0.0 2.974e-07 0.0 0.005000002964 0.0 2.509e-09 1.919e-12 0.0001 0.0 3.1466612852197676e-09 2.622e-09 0.0001 2.937e-08 5.827e-07 1.965e-07 1.0534279321057991e-06 1.647e-12 0.00011928511434232197 1.879946428070347e-05 1.053e-07 3.43738284495827e-06 0.11539683063381558 0.33999756109404644 0.4111804440255216 0.0 0.0
3 0.0 0.01002 0.0 0.0 0.0 9.013e-07 0.0 0.005000002494 0.0 3.476e-09 8.874e-13 0.0001 0.0 7.2567572024956416e-09 4.428e-09 0.0001 4.119e-08 7.127e-07 2.239e-07 1.1899412710395962e-06 2.091e-12 0.00017067465371854037 4.2419543331660555e-05 3.064e-07 8.783718155474545e-06 0.11665946619190878 0.34467688618736453 0.39668664434133905 0.0 0.0
4 0.0 8.706e-14 0.0 0.0 0.0 1.797e-07 0.0 0.0050008288 0.0 2.85e-11 6.568e-12 0.0001 0.0 0.031064483614469913 8.593e-06 0.0001 1.091e-06 0.04362 5.117e-07 0.02481812501816427 1.002e-09 0.0002934406327090694 0.003285297965400334 7.003e-05 0.012892450681011117 0.06878677332973689 0.21294465188521475 0.14240022986354076 0.0 0.0
5 0.0 1.775e-14 0.0 0.0 0.0 4.019e-07 0.0 0.00500202 0.0 6.728e-11 3.214e-11 0.0001 0.0 0.06102311182518847 6.907e-06 0.0001 6.824e-07 0.05708 5.428e-07 0.02652454175483673 1.029e-09 0.0002527681640597681 0.0023473080633471134 7.141e-05 0.00738394048139428 0.0314181337274467 0.09682784796374722 0.06553306629592605 0.0 0.0
6 0.0 4.358e-13 0.0 0.0 0.0 2.93e-08 0.0 0.0050001496 0.0 6.145e-12 1.864e-13 0.0001 0.0 0.006306726878363794 2.391e-06 0.0001 3.858e-07 0.01606 2.409e-07 0.012186090722156935 5.4e-10 0.00019375565586614998 0.0029236351922206096 6.345e-05 0.015764486426535027 0.111017903060003 0.3392903583091621 0.22909667735876804 0.0 0.0
7 0.0 0.02615 0.0 0.0 0.0 1.785e-06 0.0 0.00500001435 0.0 1.576e-08 2.118e-12 0.0001 0.0 3.3125395957824714e-05 3.699e-08 0.0001 1.358e-07 0.0001731 4.236e-07 0.0001832919097417779 1.424e-11 0.00038900845781755035 0.0002963301431859676 4.777e-06 0.0006305794570614011 0.1224353522555266 0.36213104380874594 0.3243663696112156 0.0 0.0
8 0.0 0.02984 0.0 0.0 0.0 2.753e-06 0.0 0.00500001682 0.0 2.111e-08 2.378e-12 0.0001 0.0 3.024346975410906e-08 2.622e-08 0.0001 1.816e-07 2.98e-06 5.003e-07 2.6451734640738706e-06 2.836e-12 0.0003903808417290298 0.00024336404672674347 3.167e-06 3.8156399186984065e-05 0.12303980544823082 0.3637438590487183 0.3179036492296492 0.0 0.0
9 0.0 0.03159 0.0 0.0 0.0 3.175e-06 0.0 0.00500002537 0.0 3.243e-08 2.477e-12 0.0001 0.0 3.6861846791711876e-08 3.099e-08 0.0001 2.107e-07 3.571e-06 5.55e-07 2.959609188084716e-06 2.802e-12 0.00034396931308626884 0.00017761142125445554 2.438e-06 3.2262836876374274e-05 0.12365769093410617 0.3656886667071502 0.31053506636782124 0.0 0.0
10 0.0 0.0137 0.0 0.0 0.0 3.338e-06 0.0 0.00500000705 0.0 1.102e-08 4.982e-13 0.0001 0.0 1.719102491286199e-08 9.205e-09 0.0001 1.13e-07 1.896e-06 5.625e-07 2.162826333174455e-06 3.432e-11 0.00016780512372181053 4.708615975978603e-05 4.871e-07 1.4912841757515322e-05 0.12819780602597322 0.38097014021719267 0.29692008849284757 0.0 0.0
11 0.0 0.000992 0.0 0.0 0.0 5.509e-08 0.0 0.0050000005938 0.0 1.877e-10 3.582e-14 0.0001 0.0 3.015969282958244e-05 1.141e-06 0.0001 3.028e-06 0.0004189 8.594e-07 0.0008236304782339078 2.386e-11 0.00012551074681348804 0.00041906215524566755 5.501e-06 0.004643275456091496 0.1310185875919261 0.386415601660802 0.27549306075078367 0.0 0.0
12 0.0 8.627e-11 0.0 0.0 0.0 7.618e-09 0.0 0.00500004405 0.0 2.209e-12 1.719e-14 0.0001 0.0 0.0015341230419314265 1.261e-06 0.0001 3.048e-07 0.006568 1.842e-07 0.006329668481897048 2.493e-11 0.00013536695854138618 0.0023167417257428913 3.831e-05 0.014600270043885746 0.12336218048433968 0.36124782610851264 0.2539254215192464 0.0 0.0
13 0.0 1.976e-12 0.0 0.0 0.0 5.752e-08 0.0 0.005000262 0.0 1.136e-11 4.55e-13 0.0001 0.0 0.006536275651566728 6.27e-06 0.0001 1.256e-06 0.01771 5.835e-07 0.01357852677928166 4.291e-11 0.00022918811321707505 0.003506962245736294 3.819e-05 0.01666596136874206 0.11054777279901085 0.32369496534071823 0.22737148254561346 0.0 0.0
14 0.0 1.292e-12 0.0 0.0 0.0 8.503e-08 0.0 0.0050003726000000005 0.0 1.556e-11 9.192e-13 0.0001 0.0 0.008830087845105524 7.145e-06 0.0001 1.278e-06 0.02165 5.969e-07 0.01577639153611579 5.296e-11 0.0002546395966663311 0.0037309598342863165 4.531e-05 0.016842632337315297 0.1056315534983501 0.3093257834231766 0.21745837253773787 0.0 0.0
15 0.0 1.218e-12 0.0 0.0 0.0 1.402e-07 0.0 0.0050005764 0.0 2.389e-11 2.644e-12 0.0001 0.0 0.012786034221252423 1.093e-05 0.0001 2.042e-06 0.02739 8.751e-07 0.018688676100036793 5.471e-11 0.00028533109141396336 0.003936290957123837 4.516e-05 0.016593480971378683 0.0980020109771061 0.2869585308990293 0.20183292077000495 0.0 0.0
16 0.0 6.932e-12 0.0 0.0 0.0 2.57e-07 0.0 0.0050009862 0.0 4.146e-11 8.317e-12 0.0001 0.0 0.020458324969400088 1.881e-05 0.0001 3.528e-06 0.03667 1.379e-06 0.02289783738382886 5.726e-11 0.0003231340300665348 0.004094955915680104 3.064e-05 0.015470034812246299 0.08461001468541547 0.2477278315240968 0.173963453149664 0.0 0.0
17 0.0 3.031e-11 0.0 0.0 0.0 3.599e-07 0.0 0.005001342 0.0 5.797e-11 1.448e-11 0.0001 0.0 0.026825371233423045 2.329e-05 0.0001 4.374e-06 0.04343 1.659e-06 0.025659957274922686 6.033e-11 0.00034658931873545704 0.004111289073178543 3.056e-05 0.014455309249158986 0.07409252913236256 0.21694918765462232 0.15238770171681093 0.0 0.0
18 0.0 1.916e-11 0.0 0.0 0.0 4.44e-07 0.0 0.005001646 0.0 7.003e-11 2.138e-11 0.0001 0.0 0.03191900824464141 2.182e-05 0.0001 3.58e-06 0.04759 1.401e-06 0.026965934884056006 6.482e-11 0.00035582171959450083 0.004003956895331657 4.145e-05 0.013603664580139278 0.06646298661111856 0.19460138320705922 0.1370164322569722 0.0 0.0
19 0.0 9.952e-13 0.0 0.0 0.0 5.62e-07 0.0 0.005002071 0.0 8.805e-11 3.339e-11 0.15798972961306934 0.0 0.09789545312026438 1.979e-05 0.06734088242262265 2.411e-06 0.05407224784371874 1.01e-06 0.00853513426270598 7.137e-11 0.0005436471608549264 0.0006608988455714636 5.076e-05 0.019292249171962594 0.14202914316088938 0.338659684533475 0.4188821069883344 0.0 0.0
20 0.0 2.429e-13 0.0 0.0 0.0 7.143e-07 0.0 0.005002622 0.0 1.158e-10 5.355e-11 0.15798972961306934 0.0 0.1188006512628575 1.927e-05 0.07678339138507623 2.044e-06 0.05815687930255769 9.224e-07 0.008648346978581406 7.777e-11 0.000527768731956521 0.0006007062122517241 5.37e-05 0.016619269407967773 0.14202914316088938 0.2758913306910927 0.34169882200284624 0.0 0.0
21 0.0 1.72e-13 0.0 0.0 0.0 9.01e-07 0.0 0.005003332 0.0 1.532e-10 8.371e-11 0.15798972961306934 0.0 0.14350679452228574 1.807e-05 0.0863267100517553 1.739e-06 0.06100061006504051 8.692e-07 0.008456437618743791 7.395e-11 0.00048769460187959314 0.0005169245739823571 5.526e-05 0.013421619875973975 0.14202914316088938 0.20918015870405438 0.2595940446743649 0.0 0.0
22 0.0 1.061e-13 0.0 0.0 0.0 1.097e-06 0.0 0.0050041650000000005 0.0 1.974e-10 1.229e-10 0.15798972961306934 0.0 0.16745274875834698 1.509e-05 0.0935178022865064 1.306e-06 0.061496970343582966 7.917e-07 0.007930412682786015 7.044e-11 0.0004306078694115167 0.0004262289170208578 5.846e-05 0.010450854567979735 0.14202914316088938 0.15297504133749928 0.1904142999206228 0.0 0.0
23 0.0 6.353e-14 0.0 0.0 0.0 1.321e-06 0.0 0.005005253 0.0 2.551e-10 1.784e-10 0.15798972961306934 0.0 0.19131423754736743 1.192e-05 0.09832306485458778 9.758e-07 0.05962527845991246 7.477e-07 0.0070937430996090775 6.449e-11 0.0003593439682841498 0.00033227960420423736 6.151e-05 0.007728243879985015 0.14202914316088938 0.10599150301208016 0.13248402996082953 0.0 0.0
24 0.0 3.718e-14 0.0 0.0 0.0 1.549e-06 0.0 0.00500658 0.0 3.222e-10 2.475e-10 0.15798972961306934 0.0 0.21293739198980716 9.077e-06 0.10040646540858109 7.446e-07 0.05597496224479814 7.295e-07 0.00611900922877918 5.802e-11 0.0002878910382413257 0.00024955540408778466 6.443e-05 0.005536684078789264 0.14202914316088938 0.07132324367928333 0.08965334858617338 0.0 0.0
25 0.0 2.457e-14 0.0 0.0 0.0 1.744e-06 0.0 0.005007891 0.0 3.837e-10 3.128e-10 0.15798972961306934 0.0 0.22864796513939228 7.188e-06 0.10040646540858109 6.189e-07 0.052148851764366726 7.315e-07 0.005304429931626718 5.218e-11 0.00023420682625147906 0.0001933891698887575 6.695e-05 0.004159780444391934 0.14202914316088938 0.05095861110132752 0.06444244146314837 0.0 0.0
26 0.0 1.909e-14 0.0 0.0 0.0 1.914e-06 0.0 0.005009155 0.0 4.394e-10 3.725e-10 0.15798972961306934 0.0 0.23954400780765298 6.039e-06 0.09943197160106808 5.549e-07 0.048860464919022954 7.43e-07 0.004698327708830223 4.76e-11 0.0001982913323146098 0.0001584937108425842 6.933e-05 0.0033550504623934946 0.14202914316088938 0.03975005862573944 0.05054167166394602 0.0 0.0
27 0.0 1.68e-14 0.0 0.0 0.0 2.057e-06 0.0 0.00501024 0.0 4.877e-10 4.243e-10 0.15798972961306934 0.0 0.24693473442372124 5.396e-06 0.0983566680893296 5.23e-07 0.04639934520458328 7.532e-07 0.0014257438771628989 4.28e-11 0.0001746816207740047 0.00013693824080240725 7.082e-05 0.002871503459994432 0.14202914316088938 0.03325528010050383 0.04246890765819058 0.0 0.0
28 0.0 1.592e-14 0.0 0.0 0.0 2.183e-06 0.0 0.00501124 0.0 5.323e-10 4.7e-10 0.15798972961306934 0.0 0.2521715921402496 4.982e-06 0.09741577751655842 5.082e-07 0.04461038003400318 7.688e-07 0.0013295590900980034 4.002e-11 0.00015937027862197091 0.00012201209456703942 7.205e-05 0.0025460664011950633 0.14202914316088938 0.029062113929104714 0.03725193008903772 0.0 0.0
29 0.0 1.577e-14 0.0 0.0 0.0 2.277e-06 0.0 0.00501217 0.0 5.665e-10 4.922e-10 1.9061460877816816e-05 0.0 0.2547900209985138 4.598e-06 1.120107824727589e-14 5.124e-07 0.04415538311200593 8.344e-07 0.001300565589690882 4.065e-11 0.00015536286561427815 0.00010623186366970233 7.205e-05 0.002224883421595686 0.14202914316088938 0.05548123729534107 0.0694436756800885 0.0 0.0
30 0.0 1.483e-14 0.0 0.0 0.0 2.902e-06 0.0 0.00504021 0.0 1.679e-09 1.182e-09 5.815272056141117e-05 0.0 0.2607205129744031 3.893e-06 0.0001 5.921e-07 0.0446 1.202e-06 0.037112813676572036 5.318e-11 2.5450337823051537e-05 0.0001884 6.881e-05 0.002317 0.0037612368862192437 0.002110488774280757 0.07190274835671773 0.0 0.0
31 0.0 1.192e-14 0.0 0.0 0.0 1.007e-05 0.0 0.007516 0.0 6.329e-08 1.585e-08 7.485589910196076e-05 0.0 0.26011408546457726 7.431e-06 0.0001 6.911e-06 0.04677 1.158e-05 0.039842782078228424 1.723e-10 2.9464081642623405e-05 8.818e-05 6.698e-05 0.001153 0.0037612368862192437 0.0017493078159298246 0.0596110727155014 0.0 0.0
32 0.0 6.067e-15 0.0 0.0 0.0 2.207e-05 0.0 0.038919999999999996 0.0 6.277e-07 4.817e-08 0.0004816042025281061 0.0 0.26656820681915205 5.121e-05 0.0001 5.173e-05 0.0399 6.921e-05 0.0031529905323635092 8.743e-10 2.8761887132551347e-05 1.973e-05 7.035e-05 0.0002998 0.0037612368862192437 0.0014668240071964258 0.04959914706649279 0.0 0.0
33 0.0 1.001e-15 0.0 0.0 0.0 2.086e-05 0.0 0.1706 0.0 1.834e-06 4.576e-08 0.02411475141142269 0.0 0.2614135729856326 0.000119 0.0001 8.018e-05 0.02103 8.496e-05 0.0013379304599108808 1.317e-09 1.7001533477864584e-05 1.398e-06 6.077e-05 8.104e-05 0.0037612368862192437 0.0013563692175944957 0.04542649658386068 0.0 0.0
34 0.0 4.355e-16 0.0 0.0 0.0 1.864e-05 0.0 0.2311 0.0 2.103e-06 3.864e-08 0.05094839540064238 0.0 0.2506278265608733 0.000125 0.0001 7.112e-05 0.01528 6.91e-05 0.0008935112795691598 1.158e-09 1.2470974498879685e-05 5.377e-07 5.582e-05 8.105e-05 0.0037612368862192437 0.0013455890362918243 0.045046160653483665 0.0 0.0
35 0.0 1.592e-16 0.0 0.0 0.0 1.637e-05 0.0 0.2969 0.0 2.324e-06 3.109e-08 0.0929654013896467 0.0 0.2338644375392594 0.0001217 0.0001 5.712e-05 0.01029 5.013e-05 0.0005466085380793993 9.258e-10 8.375776116139464e-06 2.161e-07 4.966e-05 8.616e-05 0.0037612368862192437 0.00133911915260148 0.044887286150921114 0.0 0.0
36 0.0 5.382e-17 0.0 0.0 0.0 1.433e-05 0.0 0.3627 0.0 2.548e-06 2.419e-08 0.14958843647171657 0.0 6.664038569514564e-23 0.0001107 0.0001 4.202e-05 0.006414 3.251e-05 0.000303247841373183 6.946e-10 5.142872591767726e-06 9.913e-08 4.216e-05 8.868e-05 0.0037612368862192437 0.0013349301973079033 0.0448952157161114 0.0 0.0
37 0.0 1.928e-17 0.0 0.0 0.0 1.266e-05 0.0 0.4232 0.0 2.842e-06 1.858e-08 0.2165738570590018 0.0 6.664038569514564e-23 9.552e-05 0.0001 2.943e-05 0.003813 1.936e-05 0.00015285363618283316 5.334e-10 2.974495944665222e-06 4.922e-08 3.368e-05 8.524e-05 0.0037612368862192437 0.0013315476308414665 0.04503086792061668 0.0 0.0
38 0.0 8.264e-18 0.0 0.0 0.0 1.157e-05 0.0 0.474 0.0 3.264e-06 1.579e-08 0.2871861125731125 0.0 6.664038569514564e-23 8.006e-05 0.0001 2.157e-05 0.002435 1.147e-05 7.37091468447226e-05 5.035e-10 1.7950900455482e-06 2.654e-08 2.485e-05 7.566e-05 0.0037612368862192437 0.0013280071998956423 0.04526592288875735 0.0 0.0
39 0.0 6.989e-18 0.0 0.0 0.0 1.236e-05 0.0 0.5129 0.0 3.892e-06 5.816e-08 0.3538014479637829 0.0 6.664038569514564e-23 6.767e-05 0.0001 1.873e-05 0.002025 7.683e-06 3.984278207822843e-05 7.114e-10 1.3366974693731628e-06 2.095e-08 1.679e-05 6.187e-05 0.0037612368862192437 0.0013237149926993315 0.04557404313615138 0.0 0.0
40 0.0 1.266e-16 0.0 0.0 0.0 2.332e-05 0.0 1.5564970622655374 0.0 8.322e-06 5.089e-07 0.01153068756316793 0.0 0.0001 6.015e-05 0.0001 1.976e-05 0.002252 6.327e-06 0.00142731090947684 1.6132347700527884e-09 5.151306205904669e-06 3.122e-08 1.061e-05 4.694e-05 0.00817032151541369 0.0011237232660852748 0.002994730248858585 0.0 0.0
41 0.0 5.728e-15 0.0 0.0 0.0 9.736e-05 0.0 1.606237484176845 0.0 0.000379 3.543e-06 0.01277256065210118 0.0 0.0001 5.937e-05 0.0001 2.313e-05 0.002791 5.957e-06 0.00142731090947684 2.782609934627296e-09 6.124935750953035e-06 6.295e-08 6.562e-06 3.361e-05 0.00817032151541369 0.0009578145854823389 0.0033120855644296204 0.0 0.0
42 0.0 5.788e-13 0.0 0.0 0.0 0.0007158 0.0 1.631834894283249 0.0 0.00268 1.921e-05 0.013674479655237059 0.0 0.0001 6.814e-05 0.0001 2.718e-05 0.003352 5.669e-06 0.00142731090947684 4.649838019996267e-09 7.734582806413309e-06 1.329e-07 4.371e-06 2.356e-05 0.00817032151541369 0.0008102019109173856 0.0035926924036820103 0.0 0.0
43 0.0 1.121e-11 0.0 0.0 0.0 0.004112 0.0 1.6364889688480495 0.0 0.009012 6.377e-05 0.014229506734089906 0.0 0.0001 8.583e-05 0.0001 3.051e-05 0.003726 5.245e-06 0.00142731090947684 1.4082797680897294e-08 9.975891087967605e-06 2.607e-07 3.579e-06 1.74e-05 0.00817032151541369 0.0007213355958757535 0.003782780907691693 0.0 0.0
44 0.0 5.516e-11 0.0 0.0 0.0 0.01492 0.0 1.6225267451536474 0.0 0.02019 0.0001437 0.01437520134228878 0.0 0.0001 0.0001106 0.0001 3.246e-05 0.003791 4.891e-06 0.00142731090947684 4.385785563479443e-08 1.2742131629827615e-05 4.382e-07 3.697e-06 1.488e-05 0.00817032151541369 0.0007262145308192127 0.003830893370663093 0.0 0.0
45 0.0 1.472e-10 0.0 0.0 0.0 0.03687 0.0 1.592566140142743 0.0 0.03613 0.0002593 0.014056060771948391 0.0 0.0001 0.0001394 0.0001 3.265e-05 0.003517 4.765e-06 0.00142731090947684 9.600192883361684e-08 1.55846071472507e-05 6.436e-07 4.456e-06 1.521e-05 0.00817032151541369 0.0008438068199667416 0.0037089887865699236 0.0 0.0
46 0.0 2.975e-10 0.0 0.0 0.0 0.07197 0.0 1.5498068300786365 0.0 0.05521 0.0004039 0.013188830961240815 0.0 0.0001 0.0001611 0.0001 3.103e-05 0.002981 5.025e-06 0.00142731090947684 1.750290568911521e-07 1.813303347321622e-05 8.499e-07 5.796e-06 1.75e-05 0.00817032151541369 0.0010521572560727571 0.0034423532555832585 0.0 0.0
47 0.0 5.231e-10 0.0 0.0 0.0 0.1224 0.0 1.5032660844306294 0.0 0.07214 0.0005403 0.011718009202280767 0.0 0.0001 0.0001685 0.0001 2.813e-05 0.002305 5.814e-06 0.00142731090947684 2.870627420132904e-07 1.9831984357193237e-05 9.884e-07 7.733e-06 2.089e-05 0.00817032151541369 0.0013006842278866695 0.0030848058313745637 0.0 0.0
48 0.0 6.529e-10 0.0 0.0 0.0 0.1513 0.0 1.4808683505875258 0.0 0.07896 0.0005986 0.010829965876116208 0.0 0.0001 0.0001675 0.0001 2.643e-05 0.001955 6.319e-06 0.00142731090947684 3.4691463215710385e-07 2.0289394210571665e-05 1.027e-06 8.842e-06 2.273e-05 0.00817032151541369 0.0014259434148024938 0.0028942253798907307 0.0 0.0
49 0.0 7.872e-10 0.0 0.0 0.0 0.09065 0.0 1.4890129810759272 0.0 0.08461 0.0006497 0.009886419842066365 0.0 0.0001 0.0001633 0.0001 2.461e-05 0.001617 6.848e-06 0.00142731090947684 4.0550912965083725e-07 2.0485427004876707e-05 1.047e-06 9.999e-06 2.456e-05 0.00817032151541369 0.0015463734518253022 0.0027052683550715835 0.0 0.0
50 0.0 9.235e-10 0.0 0.0 0.0 0.10585 0.0 1.469524043835824 0.0 0.08902 0.0006928 0.008908184615588219 0.0 0.0001 0.0001558 0.0001 2.274e-05 0.001304 7.404e-06 0.00142731090947684 4.6334919155452257e-07 2.0441864161697807e-05 1.05e-06 1.117e-05 2.632e-05 0.00817032151541369 0.0016565975535071907 0.0025254123585241105 0.0 0.0
51 0.0 1.061e-09 0.0 0.0 0.0 0.121 0.0 1.4529439031987215 0.0 0.09191 0.0007264 0.007902198035167432 0.0 0.0001 0.0001444 0.0001 2.09e-05 0.001028 7.992e-06 0.00142731090947684 5.214407319882239e-07 2.0234940656598044e-05 1.035e-06 1.234e-05 2.795e-05 0.00817032151541369 0.0017514380746020408 0.0023620857971079273 0.0 0.0
52 0.0 1.142e-09 0.0 0.0 0.0 0.13 0.0 1.44247223542792 0.0 0.09383 0.0007479 0.00730554392540062 0.0 0.0001 0.0001374 0.0001 1.979e-05 0.0008608 8.351e-06 0.00142731090947684 5.566477261904672e-07 2.0136924259445524e-05 1.029e-06 1.303e-05 2.894e-05 0.00817032151541369 0.001809188733116494 0.0022634503285418224 0.0 0.0
53 0.0 1.226e-09 0.0 0.0 0.0 0.1391 0.0 1.4337458456189187 0.0 0.09466 0.0007617 0.006699870625602449 0.0 0.0001 0.0001293 0.0001 1.874e-05 0.0007108 8.727e-06 0.00142731090947684 5.919804596577184e-07 1.9919110043551034e-05 1.009e-06 1.372e-05 2.984e-05 0.00817032151541369 0.00185797808255112 0.002173915888247408 0.0 0.0
54 0.0 1.308e-09 0.0 0.0 0.0 0.14795 0.0 1.4270556134320176 0.0 0.0944 0.0007669 0.006105297867381334 0.0 0.0001 0.0001209 0.0001 1.779e-05 0.0005807 9.096e-06 0.00142731090947684 6.251756256198335e-07 1.9592388719709302e-05 9.76e-07 1.439e-05 3.065e-05 0.00817032151541369 0.0018970593471492536 0.002095696239858325 0.0 0.0
