# index Z=1 - Z=30
0 0.0 0.003199 0.0 0.0 0.0 1.033e-07 0.0 0.005000000913 0.0 5.944e-10 5.756e-13 0.0001 0.0 2.5850570980310443e-09 7.363e-10 0.0001 8.378e-09 2.519e-07 4.828e-08 2.7464409395456316e-06 6.875e-12 1.2216000000000001e-05 5.044451316833496e-06 6.029e-05 0.014377550082206727 0.15753572646288871 0.11798815126035929 0.5567290560272694 0.0 0.0
1 0.0 0.00604 0.0 0.0 0.0 2.338e-07 0.0 0.005000002228 0.0 1.723e-09 1.392e-12 0.0001 0.0 6.790008054435252e-09 1.952e-09 0.0001 2.327e-08 4.326e-07 1.462e-07 1.9184196637272837e-06 1.128e-12 5.1176e-05 8.68585343170166e-06 5.042e-08 1.9554708892822267e-05 0.17112313399474618 0.12782206838229537 0.47077135177741053 0.0 0.0
2 0.0 0.007337 0.0 0.0 0.0 2.974e-07 0.0 0.005000002964 0.0 2.509e-09 1.919e-12 0.0001 0.0 1.0599862947821617e-08 2.622e-09 0.0001 2.937e-08 5.827e-07 1.965e-07 2.629450279176235e-06 1.647e-12 7.6488e-05 1.7526151039123535e-05 1.053e-07 2.3537615970611572e-05 0.16795599727509022 0.12550735239872338 0.48954039356679924 0.0 0.0
3 0.0 0.01002 0.0 0.0 0.0 9.013e-07 0.0 0.005000002494 0.0 3.476e-09 8.874e-13 0.0001 0.0 2.444515784186125e-08 4.428e-09 0.0001 4.119e-08 7.127e-07 2.239e-07 2.9701997753977778e-06 2.091e-12 0.00010944 3.954641006469726e-05 3.064e-07 6.0146859998703e-05 0.16979371858155728 0.12723468744661454 0.47228446492338183 0.0 0.0
4 0.0 8.706e-14 0.0 0.0 0.0 1.797e-07 0.0 0.0050008288 0.0 2.85e-11 6.568e-12 0.0001 0.0 0.10464401440501214 8.593e-06 0.0001 1.091e-06 0.04362 5.117e-07 0.0619482584130764 1.002e-09 0.00018816 0.0030627802734375 7.003e-05 0.08828156965255737 0.1001167107491255 0.07860679758872868 0.16953788922673946 0.0 0.0
5 0.0 1.775e-14 0.0 0.0 0.0 4.019e-07 0.0 0.00500202 0.0 6.728e-11 3.214e-11 0.0001 0.0 0.20556283735871317 6.907e-06 0.0001 6.824e-07 0.05708 5.428e-07 0.06620762711584569 1.029e-09 0.00016208 0.0021883217010498046 7.141e-05 0.05056182661056518 0.045727980168366426 0.035743217678654196 0.07802190870769024 0.0 0.0
6 0.0 4.358e-13 0.0 0.0 0.0 2.93e-08 0.0 0.0050001496 0.0 6.145e-12 1.864e-13 0.0001 0.0 0.021244879731416703 2.391e-06 0.0001 3.858e-07 0.01606 2.409e-07 0.03041757169604302 5.4e-10 0.00012424 0.002725613410949707 6.345e-05 0.10794794883728026 0.16158262338244916 0.12524629420508743 0.2727563512045241 0.0 0.0
7 0.0 0.02615 0.0 0.0 0.0 1.785e-06 0.0 0.00500001435 0.0 1.576e-08 2.118e-12 0.0001 0.0 0.00011158641665518285 3.699e-08 0.0001 1.358e-07 0.0001731 4.236e-07 0.00045751299026012415 1.424e-11 0.00024944 0.0002762593002319336 4.777e-06 0.004317917953491211 0.17820031604731085 0.13367774869787932 0.3861818881382704 0.0 0.0
8 0.0 0.02984 0.0 0.0 0.0 2.753e-06 0.0 0.00500001682 0.0 2.111e-08 2.378e-12 0.0001 0.0 1.0187834196388723e-07 2.622e-08 0.0001 1.816e-07 2.98e-06 5.003e-07 6.6025894051194195e-06 2.836e-12 0.00025032 0.00022688066940307618 3.167e-06 0.0002612774635219574 0.17908007624721534 0.13427310641169907 0.3784875468215228 0.0 0.0
9 0.0 0.03159 0.0 0.0 0.0 3.175e-06 0.0 0.00500002537 0.0 3.243e-08 2.477e-12 0.0001 0.0 1.2417304837703707e-07 3.099e-08 0.0001 2.107e-07 3.571e-06 5.55e-07 7.387449078083038e-06 2.802e-12 0.00022056 0.00016558155853271483 2.438e-06 0.0002209210608100891 0.17997938667378424 0.1349910164441979 0.3697147099645615 0.0 0.0
10 0.0 0.0137 0.0 0.0 0.0 3.338e-06 0.0 0.00500000705 0.0 1.102e-08 4.982e-13 0.0001 0.0 5.790979437947274e-08 9.205e-09 0.0001 1.13e-07 1.896e-06 5.625e-07 5.398607851803303e-06 3.432e-11 0.0001076 4.3896950225830076e-05 4.871e-07 0.00010211627803802492 0.18658736328639985 0.1406320489116812 0.35350508296463495 0.0 0.0
11 0.0 0.000992 0.0 0.0 0.0 5.509e-08 0.0 0.0050000005938 0.0 1.877e-10 3.582e-14 0.0001 0.0 0.00010159613049030305 1.141e-06 0.0001 3.028e-06 0.0004189 8.594e-07 0.0020558552938699723 2.386e-11 8.048000000000002e-05 0.00039067850646972655 5.501e-06 0.031795013666152956 0.19069291088595394 0.1426421970026779 0.3279946392014933 0.0 0.0
12 0.0 8.627e-11 0.0 0.0 0.0 7.618e-09 0.0 0.00500004405 0.0 2.209e-12 1.719e-14 0.0001 0.0 0.005167856504273415 1.261e-06 0.0001 3.048e-07 0.006568 1.842e-07 0.015799418308138847 2.493e-11 8.68e-05 0.0021598256629943844 3.831e-05 0.09997593077659607 0.1795492816871643 0.133351716020494 0.3023167871753931 0.0 0.0
13 0.0 1.976e-12 0.0 0.0 0.0 5.752e-08 0.0 0.005000262 0.0 1.136e-11 4.55e-13 0.0001 0.0 0.022018139169037346 6.27e-06 0.0001 1.256e-06 0.01771 5.835e-07 0.03389321655750274 4.291e-11 0.00014696000000000002 0.0032694309310913085 3.819e-05 0.11412083441734315 0.16089836544919014 0.11948938090609575 0.2707023805936098 0.0 0.0
14 0.0 1.292e-12 0.0 0.0 0.0 8.503e-08 0.0 0.0050003726000000005 0.0 1.556e-11 9.192e-13 0.0001 0.0 0.029745089315772057 7.145e-06 0.0001 1.278e-06 0.02165 5.969e-07 0.03937928344666958 5.296e-11 0.00016328000000000002 0.0034782568588256836 4.531e-05 0.11533059591293335 0.15374298248996734 0.11418511350840282 0.2589000980550337 0.0 0.0
15 0.0 1.218e-12 0.0 0.0 0.0 1.402e-07 0.0 0.0050005764 0.0 2.389e-11 2.644e-12 0.0001 0.0 0.04307111509841681 1.093e-05 0.0001 2.042e-06 0.02739 8.751e-07 0.046648606032729155 5.471e-11 0.00018296000000000002 0.003669680625915527 4.516e-05 0.11362452200889589 0.14263845374450687 0.10592842297301724 0.24029685483376748 0.0 0.0
16 0.0 6.932e-12 0.0 0.0 0.0 2.57e-07 0.0 0.0050009862 0.0 4.146e-11 8.317e-12 0.0001 0.0 0.06891604184925557 1.881e-05 0.0001 3.528e-06 0.03667 1.379e-06 0.057155048832893365 5.726e-11 0.00020720000000000002 0.003817598991394043 3.064e-05 0.10593167967796326 0.12314687775995732 0.09144672729421771 0.20711621517642023 0.0 0.0
17 0.0 3.031e-11 0.0 0.0 0.0 3.599e-07 0.0 0.005001342 0.0 5.797e-11 1.448e-11 0.0001 0.0 0.09036411384165287 2.329e-05 0.0001 4.374e-06 0.04343 1.659e-06 0.06404954697310924 6.033e-11 0.00022224000000000004 0.0038328258819580077 3.056e-05 0.09898330595970153 0.10783905028162004 0.08008503961019219 0.18142870498130323 0.0 0.0
18 0.0 1.916e-11 0.0 0.0 0.0 4.44e-07 0.0 0.005001646 0.0 7.003e-11 2.138e-11 0.0001 0.0 0.10752257143557072 2.182e-05 0.0001 3.58e-06 0.04759 1.401e-06 0.06730938382029533 6.482e-11 0.00022816 0.0037327634582519534 4.145e-05 0.09315163516044617 0.09673452153615952 0.07183552817513157 0.1631280843892312 0.0 0.0
19 0.0 9.952e-13 0.0 0.0 0.0 5.62e-07 0.0 0.005002071 0.0 8.805e-11 3.339e-11 0.5070096492767334 0.0 0.07745925171077252 1.979e-05 0.06620973322391509 2.411e-06 0.0646941054546833 1.01e-06 0.05478843124687672 7.137e-11 0.0005643421520996094 0.0027095844745635986 5.076e-05 0.0 0.04710114896297455 0.24671752339450836 0.1448188765889406 0.0 0.0
20 0.0 2.429e-13 0.0 0.0 0.0 7.143e-07 0.0 0.005002622 0.0 1.158e-10 5.355e-11 0.5070096492767334 0.0 0.09400037750750781 1.927e-05 0.07549363294243812 2.044e-06 0.06958111475944519 9.224e-07 0.05551516229867935 7.777e-11 0.0005478592797851563 0.002462803857803345 5.37e-05 0.0 0.04710114896297455 0.20099004677184584 0.1181345268958807 0.0 0.0
21 0.0 1.72e-13 0.0 0.0 0.0 9.01e-07 0.0 0.005003332 0.0 1.532e-10 8.371e-11 0.5070096492767334 0.0 0.11354898072183132 1.807e-05 0.08487664902806281 1.739e-06 0.07298346300959588 8.692e-07 0.05428326454013586 7.395e-11 0.0005062596496582031 0.002119311918258667 5.526e-05 0.0 0.04710114896297455 0.15239018122227432 0.08974868415653706 0.0 0.0
22 0.0 1.061e-13 0.0 0.0 0.0 1.097e-06 0.0 0.0050041650000000005 0.0 1.974e-10 1.229e-10 0.5070096492767334 0.0 0.13249608845263722 1.509e-05 0.09194694988131523 1.306e-06 0.07357732743144035 7.917e-07 0.05090662392139435 7.044e-11 0.00044699979919433593 0.0017474735565185548 5.846e-05 0.0 0.04710114896297455 0.1114440987918353 0.06583137484490871 0.0 0.0
23 0.0 6.353e-14 0.0 0.0 0.0 1.321e-06 0.0 0.005005253 0.0 2.551e-10 1.784e-10 0.5070096492767334 0.0 0.15137636335194113 1.192e-05 0.09667149671316148 9.758e-07 0.07133796367406846 7.477e-07 0.04553590419709683 6.449e-11 0.00037302309844970704 0.0013622957019805908 6.151e-05 0.0 0.04710114896297455 0.07721604406507733 0.04580331330657006 0.0 0.0
24 0.0 3.718e-14 0.0 0.0 0.0 1.549e-06 0.0 0.00500658 0.0 3.222e-10 2.475e-10 0.5070096492767334 0.0 0.16848556821644306 9.077e-06 0.09871990163326264 7.446e-07 0.06697058573842048 7.295e-07 0.039278927092552186 5.802e-11 0.00029885017303466795 0.0010231390975952148 6.443e-05 0.0 0.04710114896297455 0.051959813478407856 0.03099558803796768 0.0 0.0
25 0.0 2.457e-14 0.0 0.0 0.0 1.744e-06 0.0 0.005007891 0.0 3.837e-10 3.128e-10 0.5070096492767334 0.0 0.18091647487580775 7.188e-06 0.09871990163326264 6.189e-07 0.06239288082003594 7.315e-07 0.0340500085490942 5.218e-11 0.00024312236663818362 0.0007928661031723022 6.695e-05 0.0 0.04710114896297455 0.03712394152809382 0.02227949540370703 0.0 0.0
26 0.0 1.909e-14 0.0 0.0 0.0 1.914e-06 0.0 0.005009155 0.0 4.394e-10 3.725e-10 0.5070096492767334 0.0 0.18953791013956073 6.039e-06 0.09776177675127984 5.549e-07 0.05845852902531624 7.43e-07 0.030159338649809356 4.76e-11 0.00020583967926025393 0.0006498000429153442 6.933e-05 0.0 0.04710114896297455 0.028958380541925913 0.01747362322044373 0.0 0.0
27 0.0 1.68e-14 0.0 0.0 0.0 2.057e-06 0.0 0.00501024 0.0 4.877e-10 4.243e-10 0.5070096492767334 0.0 0.19538578289598227 5.396e-06 0.09670453550219536 5.23e-07 0.055513951267004015 7.532e-07 0.00915208454668522 4.28e-11 0.0001813312179260254 0.0005614259031295777 7.082e-05 0.0 0.04710114896297455 0.0242268587638042 0.014682650307595732 0.0 0.0
28 0.0 1.592e-14 0.0 0.0 0.0 2.183e-06 0.0 0.00501124 0.0 5.323e-10 4.7e-10 0.5070096492767334 0.0 0.19952941844910382 4.982e-06 0.09577944940924643 5.082e-07 0.05337356491327285 7.688e-07 0.008534658571779728 4.002e-11 0.00016543701962280273 0.0005002309799194335 7.205e-05 0.0 0.04710114896297455 0.02117208838446498 0.012879000024735927 0.0 0.0
29 0.0 1.577e-14 0.0 0.0 0.0 2.277e-06 0.0 0.00501217 0.0 5.665e-10 4.922e-10 6.117071418523788e-05 0.0 0.2016012362256646 4.598e-06 1.1012929677963257e-14 5.124e-07 0.05282918919324875 8.344e-07 0.008348544521927834 4.065e-11 0.00016127705661010742 0.00043553443984985354 7.205e-05 0.0 0.04710114896297455 0.04041872737000251 0.02400855737310648 0.0 0.0
30 0.0 1.483e-14 0.0 0.0 0.0 2.902e-06 0.0 0.00504021 0.0 1.679e-09 1.182e-09 2.3799970668554307e-05 0.0 0.6374617113912106 3.893e-06 0.0001 5.921e-07 0.0446 1.202e-06 0.04427965471029281 5.318e-11 9.061809684467316e-05 0.0001884 6.881e-05 0.002317 0.029932463169097902 0.05269306523563886 0.045751653162419796 0.0 0.0
31 0.0 1.192e-14 0.0 0.0 0.0 1.007e-05 0.0 0.007516 0.0 6.329e-08 1.585e-08 3.0636025035381316e-05 0.0 0.6359789959967137 7.431e-06 0.0001 6.911e-06 0.04677 1.158e-05 0.04753680624961853 1.723e-10 0.00010490937378883363 8.818e-05 6.698e-05 0.001153 0.029932463169097902 0.043675376048098805 0.037930471169042586 0.0 0.0
32 0.0 6.067e-15 0.0 0.0 0.0 2.207e-05 0.0 0.038919999999999996 0.0 6.277e-07 4.817e-08 0.00019710455131530762 0.0 0.6517593241238594 5.121e-05 0.0001 5.173e-05 0.0399 6.921e-05 0.003761863309383393 8.743e-10 0.000102409150390625 1.973e-05 7.035e-05 0.0002998 0.029932463169097902 0.03662253694135046 0.0315598920152545 0.0 0.0
33 0.0 1.001e-15 0.0 0.0 0.0 2.086e-05 0.0 0.1706 0.0 1.834e-06 4.576e-08 0.009869364162683487 0.0 0.6391562432706357 0.000119 0.0001 8.018e-05 0.02103 8.496e-05 0.0015962976913452152 1.317e-09 6.0535408917427076e-05 1.398e-06 6.077e-05 8.104e-05 0.029932463169097902 0.03386478645956135 0.02890483832103014 0.0 0.0
34 0.0 4.355e-16 0.0 0.0 0.0 1.864e-05 0.0 0.2311 0.0 2.103e-06 3.864e-08 0.02085148045420647 0.0 0.6127850908970833 0.000125 0.0001 7.112e-05 0.01528 6.91e-05 0.0010660568957090377 1.158e-09 4.4403967552185054e-05 5.377e-07 5.582e-05 8.105e-05 0.029932463169097902 0.03359563515984535 0.02866283091561794 0.0 0.0
35 0.0 1.592e-16 0.0 0.0 0.0 1.637e-05 0.0 0.2969 0.0 2.324e-06 3.109e-08 0.038047640848159786 0.0 0.57179860106349 0.0001217 0.0001 5.712e-05 0.01029 5.013e-05 0.0006521639005541801 9.258e-10 2.98226646938324e-05 2.161e-07 4.966e-05 8.616e-05 0.029932463169097902 0.033434100065455434 0.02856173921462297 0.0 0.0
36 0.0 5.382e-17 0.0 0.0 0.0 1.433e-05 0.0 0.3627 0.0 2.548e-06 2.419e-08 0.06122156222462655 0.0 1.6293575763702393e-22 0.0001107 0.0001 4.202e-05 0.006414 3.251e-05 0.00036180791423320765 6.946e-10 1.831163616847992e-05 9.913e-08 4.216e-05 8.868e-05 0.029932463169097902 0.03332951344208956 0.028566784789717196 0.0 0.0
37 0.0 1.928e-17 0.0 0.0 0.0 1.266e-05 0.0 0.4232 0.0 2.842e-06 1.858e-08 0.08863646267652511 0.0 1.6293575763702393e-22 9.552e-05 0.0001 2.943e-05 0.003813 1.936e-05 0.0001823711424946785 5.334e-10 1.0590946314811706e-05 4.922e-08 3.368e-05 8.524e-05 0.029932463169097902 0.033245060116560456 0.02865310016365051 0.0 0.0
38 0.0 8.264e-18 0.0 0.0 0.0 1.157e-05 0.0 0.474 0.0 3.264e-06 1.579e-08 0.11753570580482484 0.0 1.6293575763702393e-22 8.006e-05 0.0001 2.157e-05 0.002435 1.147e-05 8.794309156179429e-05 5.035e-10 6.391571095180512e-06 2.654e-08 2.485e-05 7.566e-05 0.029932463169097902 0.03315666535177231 0.02880266542537212 0.0 0.0
39 0.0 6.989e-18 0.0 0.0 0.0 1.236e-05 0.0 0.5129 0.0 3.892e-06 5.816e-08 0.14479914271831512 0.0 1.6293575763702393e-22 6.767e-05 0.0001 1.873e-05 0.002025 7.683e-06 4.7536806249618534e-05 7.114e-10 4.7594252608299265e-06 2.095e-08 1.679e-05 6.187e-05 0.029932463169097902 0.033049500814080236 0.028998722057604787 0.0 0.0
40 0.0 1.266e-16 0.0 0.0 0.0 2.332e-05 0.0 0.5351 0.0 8.322e-06 5.089e-07 0.029294500243663785 0.0 0.0001 6.015e-05 0.0001 1.976e-05 0.002252 6.327e-06 0.0011652001142501832 1.9162374242544174e-09 6.322862829208375e-06 3.122e-08 1.061e-05 4.694e-05 0.003823620200157166 0.0004514299999999992 0.0006206219416856765 0.0 0.0
41 0.0 5.728e-15 0.0 0.0 0.0 9.736e-05 0.0 0.5522 0.0 0.000379 3.543e-06 0.032449563747644426 0.0 0.0001 5.937e-05 0.0001 2.313e-05 0.002791 5.957e-06 0.0011652001142501832 3.305248183846474e-09 7.5179240066528325e-06 6.295e-08 6.562e-06 3.361e-05 0.003823620200157166 0.0003847799999999995 0.0006863900262165071 0.0 0.0
42 0.0 5.788e-13 0.0 0.0 0.0 0.0007158 0.0 0.561 0.0 0.00268 1.921e-05 0.03474095064997673 0.0 0.0001 6.814e-05 0.0001 2.718e-05 0.003352 5.669e-06 0.0011652001142501832 5.5231847193241114e-09 9.493651546096801e-06 1.329e-07 4.371e-06 2.356e-05 0.003823620200157166 0.0003254799999999995 0.0007445424295902249 0.0 0.0
43 0.0 1.121e-11 0.0 0.0 0.0 0.004112 0.0 0.5626 0.0 0.009012 6.377e-05 0.03615103489756584 0.0 0.0001 8.583e-05 0.0001 3.051e-05 0.003726 5.245e-06 0.0011652001142501832 1.67278715133667e-08 1.2244698417663575e-05 2.607e-07 3.579e-06 1.74e-05 0.003823620200157166 0.0002897799999999999 0.000783935993165969 0.0 0.0
44 0.0 5.516e-11 0.0 0.0 0.0 0.01492 0.0 0.5578 0.0 0.02019 0.0001437 0.03652118201255798 0.0 0.0001 0.0001106 0.0001 3.246e-05 0.003791 4.891e-06 0.0011652001142501832 5.209537128448486e-08 1.564006238937378e-05 4.382e-07 3.697e-06 1.488e-05 0.003823620200157166 0.00029173999999999867 0.0007939067243194581 0.0 0.0
45 0.0 1.472e-10 0.0 0.0 0.0 0.03687 0.0 0.5475 0.0 0.03613 0.0002593 0.035710383570194244 0.0 0.0001 0.0001394 0.0001 3.265e-05 0.003517 4.765e-06 0.0011652001142501832 1.1403330268263818e-07 1.9128999383926394e-05 6.436e-07 4.456e-06 1.521e-05 0.003823620200157166 0.00033897999999999914 0.0007686434607219694 0.0 0.0
46 0.0 2.975e-10 0.0 0.0 0.0 0.07197 0.0 0.5328 0.0 0.05521 0.0004039 0.033507126933336254 0.0 0.0001 0.0001611 0.0001 3.103e-05 0.002981 5.025e-06 0.0011652001142501832 2.0790354595184327e-07 2.2257011861801147e-05 8.499e-07 5.796e-06 1.75e-05 0.003823620200157166 0.00042267999999999993 0.0007133864434909829 0.0 0.0
47 0.0 5.231e-10 0.0 0.0 0.0 0.1224 0.0 0.5168 0.0 0.07214 0.0005403 0.029770403677225114 0.0 0.0001 0.0001685 0.0001 2.813e-05 0.002305 5.814e-06 0.0011652001142501832 3.4097973808050156e-07 2.4342353513717653e-05 9.884e-07 7.733e-06 2.089e-05 0.003823620200157166 0.0005225200000000003 0.0006392890262889866 0.0 0.0
48 0.0 6.529e-10 0.0 0.0 0.0 0.1513 0.0 0.5091 0.0 0.07896 0.0005986 0.02751426888108253 0.0 0.0001 0.0001675 0.0001 2.643e-05 0.001955 6.319e-06 0.0011652001142501832 4.1207319201231e-07 2.4903791650772095e-05 1.027e-06 8.842e-06 2.273e-05 0.003823620200157166 0.0005728399999999998 0.000599793512496948 0.0 0.0
49 0.0 7.872e-10 0.0 0.0 0.0 0.09065 0.0 0.5119 0.0 0.08461 0.0006497 0.025117125660181042 0.0 0.0001 0.0001633 0.0001 2.461e-05 0.001617 6.848e-06 0.0011652001142501832 4.816730859875679e-07 2.5144407995224003e-05 1.047e-06 9.999e-06 2.456e-05 0.003823620200157166 0.0006212200000000005 0.0005606344344186789 0.0 0.0
50 0.0 9.235e-10 0.0 0.0 0.0 0.10585 0.0 0.5052 0.0 0.08902 0.0006928 0.022631852173805235 0.0 0.0001 0.0001558 0.0001 2.274e-05 0.001304 7.404e-06 0.0011652001142501832 5.503768439888954e-07 2.509093769645691e-05 1.05e-06 1.117e-05 2.632e-05 0.003823620200157166 0.0006654999999999994 0.0005233614353418343 0.0 0.0
51 0.0 1.061e-09 0.0 0.0 0.0 0.121 0.0 0.4995 0.0 0.09191 0.0007264 0.020076074475049974 0.0 0.0001 0.0001444 0.0001 2.09e-05 0.001028 7.992e-06 0.0011652001142501832 6.19379313981533e-07 2.4836953777313236e-05 1.035e-06 1.234e-05 2.795e-05 0.003823620200157166 0.0007035999999999987 0.0004895139635324482 0.0 0.0
52 0.0 1.142e-09 0.0 0.0 0.0 0.13 0.0 0.4959 0.0 0.09383 0.0007479 0.01856023390889168 0.0 0.0001 0.0001374 0.0001 1.979e-05 0.0008608 8.351e-06 0.0011652001142501832 6.611989927649498e-07 2.4716645605087282e-05 1.029e-06 1.303e-05 2.894e-05 0.003823620200157166 0.0007267999999999997 0.0004690729451656339 0.0 0.0
53 0.0 1.226e-09 0.0 0.0 0.0 0.1391 0.0 0.4929 0.0 0.09466 0.0007617 0.01702147947371006 0.0 0.0001 0.0001293 0.0001 1.874e-05 0.0007108 8.727e-06 0.0011652001142501832 7.031680275440216e-07 2.444929411125183e-05 1.009e-06 1.372e-05 2.984e-05 0.003823620200157166 0.0007464000000000012 0.0004505180058002475 0.0 0.0
54 0.0 1.308e-09 0.0 0.0 0.0 0.14795 0.0 0.49060000000000004 0.0 0.0944 0.0007669 0.015510926723480223 0.0 0.0001 0.0001209 0.0001 1.779e-05 0.0005807 9.096e-06 0.0011652001142501832 7.425980103969574e-07 2.4048266870498662e-05 9.76e-07 1.439e-05 3.065e-05 0.003823620200157166 0.0007620999999999982 0.0004343079214096062 0.0 0.0
